# Fbr_dyn timestep cost, layout=ns L=250 U=0.2 dt=0.1 tol=1e-10 epsilon_M=0, one thread
# setup: to_star 0.0217169 s, Fbr_dyn constructor 0.0056945 s
# times in seconds; total = buildK+plan+applyK+applyfb+tdvp
# t n_active chi ngates buildK plan applyK applyfb tdvp total
0.1 4 3 250 0.00164538 0.000290859 0.00151545 0.00243311 0.0113003 0.0171851
0.2 4 4 255 0.00165325 0.000186937 0.00146996 0.00277882 0.0135016 0.0195905
0.3 4 4 255 0.00159446 0.000226641 0.00151824 0.0211765 0.0143894 0.0389053
0.4 4 4 255 0.00143376 0.000225319 0.00145988 0.00288175 0.0142782 0.0202789
0.5 4 4 255 0.00151542 0.00020303 0.00148107 0.00299613 0.014059 0.0202547
0.6 4 4 255 0.00180059 0.000194247 0.0014591 0.00281489 0.0142768 0.0205456
0.7 4 4 255 0.0013948 0.000188332 0.00144812 0.00282058 0.0146041 0.0204559
0.8 4 4 255 0.00140042 0.000212388 0.00145274 0.00276524 0.0143326 0.0201634
0.9 4 4 255 0.00142958 0.000202942 0.00145613 0.00296356 0.0142145 0.0202668
1 4 4 255 0.00198866 0.000205414 0.0014547 0.00284752 0.0145689 0.0210652
1.1 4 4 255 0.00139952 0.000191239 0.00144641 0.00276776 0.0146564 0.0204613
1.2 4 4 255 0.00140075 0.000209414 0.00144911 0.00282408 0.0145099 0.0203932
1.3 6 4 255 0.00142364 0.000200987 0.00144614 0.00301161 0.0145472 0.0206296
1.4 6 4 264 0.00184614 0.000261895 0.00153117 0.00397694 0.0155033 0.0231195
1.5 6 5 264 0.00142242 0.000254645 0.00149372 0.00397096 0.015507 0.0226488
1.6 6 5 264 0.00144914 0.000361845 0.0015238 0.00442793 0.015555 0.0233177
1.7 6 5 264 0.00146901 0.000257749 0.00151128 0.00396942 0.0157753 0.0229828
1.8 6 5 264 0.00139558 0.000359837 0.00158926 0.0229847 0.015833 0.0421623
1.9 6 5 264 0.00146594 0.000287498 0.00151554 0.00400231 0.0157765 0.0230477
2 6 6 264 0.00146543 0.000268407 0.00149919 0.00405173 0.0154609 0.0227457
2.1 6 6 264 0.0014832 0.000299062 0.00163984 0.00440296 0.0155335 0.0233586
2.2 6 6 264 0.00141482 0.000250667 0.00151841 0.00399498 0.0158636 0.0230425
2.3 6 6 264 0.00145306 0.000290394 0.00150661 0.00414642 0.015522 0.0229184
2.4 6 6 264 0.00167179 0.000282607 0.00155993 0.0226984 0.0155773 0.0417901
2.5 6 6 264 0.00140638 0.000243683 0.00149936 0.00408109 0.0158195 0.0230501
2.6 6 6 264 0.00156607 0.000308634 0.00159156 0.0228146 0.0164874 0.0427683
2.7 6 6 264 0.00140043 0.000282366 0.0014957 0.0042398 0.0169168 0.0243351
2.8 6 7 264 0.00273572 0.000264136 0.00152088 0.00428209 0.0172056 0.0260085
2.9 6 7 264 0.00140236 0.000311584 0.00150372 0.00441817 0.0174866 0.0251224
3 8 7 264 0.00164169 0.000284327 0.00155152 0.022919 0.0174668 0.0438634
3.1 6 7 277 0.00141056 0.000331664 0.00157915 0.00577798 0.019229 0.0283284
3.2 6 7 264 0.00139806 0.000354746 0.00154962 0.0232623 0.0177891 0.0443539
3.3 6 7 264 0.00159153 0.000290363 0.00154912 0.0228689 0.0181508 0.0444507
3.4 6 7 264 0.00161292 0.000384011 0.00158941 0.0232253 0.0180198 0.0448314
3.5 6 7 264 0.0014394 0.000249377 0.00150179 0.00432039 0.0179436 0.0254545
3.6 8 7 264 0.00190196 0.000258146 0.00152809 0.00435445 0.0179284 0.025971
3.7 7 7 277 0.00139279 0.000364958 0.00162419 0.0243385 0.019956 0.0476764
3.8 7 7 270 0.00141384 0.000429249 0.00157721 0.0237248 0.0186698 0.0458149
3.9 7 7 270 0.00143404 0.000322374 0.00159267 0.0238267 0.0189128 0.0460886
4 8 7 270 0.00163884 0.00032168 0.00158688 0.0240051 0.0187676 0.0463201
4.1 8 7 277 0.0014495 0.000368751 0.0015947 0.00609854 0.019537 0.0290485
4.2 8 7 277 0.00139838 0.000593741 0.00162241 0.00646055 0.019551 0.0296261
4.3 8 7 277 0.00141437 0.00033419 0.00157863 0.00630984 0.0194011 0.0290382
4.4 8 7 277 0.00260702 0.000339512 0.00158711 0.00628074 0.0192375 0.0300519
4.5 8 7 277 0.00156275 0.000372472 0.00165538 0.0256687 0.0190686 0.0483279
4.6 8 7 277 0.00156613 0.000345813 0.00159048 0.00660563 0.018968 0.029076
4.7 8 7 277 0.0013972 0.000551435 0.00159251 0.00650879 0.0190767 0.0291266
4.8 8 8 277 0.00140169 0.000378773 0.00164783 0.0257261 0.0186042 0.0477586
4.9 8 9 277 0.00143633 0.000350506 0.00157604 0.0066416 0.0191894 0.0291939
5 8 10 277 0.00174763 0.000409649 0.00169439 0.0261031 0.0188894 0.0488442
5.1 8 11 277 0.00169103 0.000388051 0.00166095 0.0260619 0.0188219 0.0486239
5.2 8 11 277 0.00157963 0.000368369 0.00163323 0.0258491 0.0187071 0.0481374
5.3 8 12 277 0.00146427 0.000463161 0.00218016 0.0263073 0.0186795 0.0490944
5.4 8 12 277 0.001451 0.000455661 0.00182714 0.0267237 0.0194317 0.0498892
5.5 8 12 277 0.00144634 0.000424955 0.00176596 0.0265898 0.0191249 0.0493519
5.6 8 12 277 0.00143624 0.000387116 0.00169208 0.0257729 0.0197559 0.0490442
5.7 8 12 277 0.00142255 0.000756263 0.00159996 0.00691727 0.0196816 0.0303777
5.8 8 12 277 0.00141918 0.000407851 0.00162979 0.0260333 0.0197694 0.0492596
5.9 8 12 277 0.00142426 0.000361587 0.00157148 0.00712462 0.0197538 0.0302357
6 8 12 277 0.0014127 0.000351182 0.00159247 0.00719108 0.020389 0.0309365
# measure: correlator(0,0) 0.00133354 s, O(L^2) version 0.000629363 s, n0=0.871615330221 |diff|=0
