bench_green_cost_siam_v2 L 160 U 0.025 dt 0.1 nStep 800 cutoff 0.001
# t  fb_evolve_s fb_measure_s fb_nactive fb_bond   star_evolve_s star_measure_s star_bond   |dG|
0  0.207163 0.0123062 12 6   2.19677 0.0166461 24   3.91041e-07
0.1  0.208821 0.0162818 12 6   2.28514 0.0187521 24   9.02533e-05
0.2  0.143062 0.0201661 12 6   2.28358 0.0187457 24   8.68059e-05
0.3  0.1431 0.0210271 12 6   2.28523 0.0187702 24   0.000138566
0.4  0.143514 0.0307686 10 6   2.2904 0.0187652 24   0.000807249
0.5  0.152449 0.0375096 10 6   2.28931 0.0187335 24   0.000357819
0.6  0.152198 0.0398838 10 6   2.28829 0.018877 24   0.000300299
0.7  0.140592 0.054032 10 6   2.29081 0.0187879 24   0.000677065
0.8  0.152392 0.0625629 9 6   2.29482 0.0188581 24   0.000465502
0.9  0.151018 0.0794341 9 6   2.29816 0.0188511 24   0.000439199
1  0.150407 0.0987796 9 6   2.29615 0.0188257 24   0.00063088
1.1  0.150408 0.114773 9 6   2.29972 0.0188925 24   0.000659932
1.2  0.15081 0.116055 9 6   2.30242 0.0188459 24   0.00086571
1.3  0.150489 0.136922 9 6   2.30385 0.0189209 24   0.000835523
1.4  0.150733 0.1582 9 6   2.30452 0.0189539 24   0.000889448
1.5  0.150392 0.166449 9 6   2.30753 0.0188615 24   0.0007184
1.6  0.150282 0.182054 9 6   2.31456 0.0187905 24   0.00104797
1.7  0.150916 0.190965 9 6   2.31682 0.0188945 24   0.00079081
1.8  0.15066 0.204023 9 6   2.33324 0.0188266 24   0.0008878
1.9  0.15128 0.213966 9 6   2.32655 0.0188228 24   0.0009199
2  0.164982 0.214193 9 6   2.32511 0.0189514 24   0.00109866
2.1  0.152559 0.228066 9 6   2.32982 0.0188577 24   0.00101082
2.2  0.165436 0.237506 11 6   2.33153 0.0187918 24   0.00105048
2.3  0.141524 0.246263 11 6   2.33432 0.0189214 24   0.00105808
2.4  0.143526 0.249534 11 6   2.33236 0.0189181 24   0.00107981
2.5  0.14564 0.254853 11 6   2.33834 0.0189341 24   0.00111876
2.6  0.157559 0.254196 11 6   2.33604 0.0189213 24   0.00113785
2.7  0.166185 0.264428 11 6   2.45942 0.019774 24   0.00119834
2.8  0.151429 0.277599 11 6   2.45339 0.020027 24   0.00117752
2.9  0.16454 0.276374 11 6   2.44716 0.01986 24   0.00116933
3  0.148367 0.282052 9 6   2.44411 0.0197895 24   0.00123691
3.1  0.132599 0.279281 9 6   2.44325 0.0198298 24   0.00125676
3.2  0.132897 0.279611 9 6   2.45019 0.0195868 24   0.00127532
3.3  0.132213 0.282655 9 6   2.35683 0.0197467 24   0.00132176
3.4  0.12608 0.270325 9 6   2.33755 0.0188335 24   0.00134822
3.5  0.126157 0.273647 9 6   2.34133 0.018853 24   0.00138099
3.6  0.138954 0.271093 9 6   2.3382 0.0188223 24   0.00136525
3.7  0.177455 0.280226 9 6   2.33739 0.0188168 24   0.00132494
3.8  0.176663 0.280012 9 6   2.33586 0.0188836 24   0.00137847
3.9  0.177187 0.276699 9 6   2.33495 0.0189617 24   0.00139131
4  0.151544 0.289826 9 6   2.33764 0.0189255 24   0.00140057
4.1  0.177474 0.288062 10 6   2.33661 0.0187847 24   0.00138891
4.2  0.191443 0.296709 10 6   2.34288 0.0187899 24   0.00138705
4.3  0.19117 0.29787 10 6   2.34087 0.0189645 24   0.00141545
4.4  0.191567 0.297223 10 6   2.34504 0.0187463 24   0.00142197
4.5  0.168162 0.305264 10 6   2.34516 0.0188685 24   0.00143611
4.6  0.191672 0.301348 10 6   2.34819 0.0188881 24   0.00141318
4.7  0.180544 0.299435 10 6   2.34789 0.0188611 24   0.00142164
4.8  0.168075 0.297669 10 6   2.34816 0.0189829 24   0.00143711
4.9  0.180636 0.310725 10 6   2.35671 0.0188241 24   0.00143867
5  0.180935 0.318126 11 6   2.35683 0.0188331 24   0.00147513
5.1  0.157107 0.321842 11 6   2.3597 0.0188243 24   0.00149015
5.2  0.144975 0.326135 11 6   2.36538 0.0188386 24   0.00149338
5.3  0.144473 0.335418 11 6   2.36538 0.0188422 24   0.00161209
5.4  0.194933 0.344274 11 6   2.36581 0.0188709 24   0.00146409
5.5  0.144614 0.346098 11 6   2.36626 0.0187861 24   0.00148433
5.6  0.183292 0.367235 11 6   2.36996 0.0188195 24   0.00148041
5.7  0.183243 0.368214 11 6   2.37294 0.0188205 24   0.00145862
5.8  0.183327 0.371584 12 6   2.37537 0.018843 24   0.00145027
5.9  0.172915 0.379007 12 6   2.37751 0.0188553 24   0.00145328
6  0.172442 0.384782 12 6   2.37706 0.0188954 24   0.00144189
6.1  0.173148 0.404562 11 6   2.38058 0.0188429 24   0.0014297
6.2  0.171818 0.425772 11 6   2.37949 0.0188684 24   0.00142083
6.3  0.159042 0.420346 12 6   2.38064 0.0188345 24   0.0013468
6.4  0.172218 0.437714 12 6   2.37907 0.0188476 24   0.00138732
6.5  0.16077 0.463965 12 6   2.37853 0.0189246 24   0.00136553
6.6  0.161949 0.476496 12 6   2.38032 0.0189649 24   0.0013374
6.7  0.175065 0.484355 12 6   2.37954 0.0189144 24   0.00129322
6.8  0.161022 0.486522 12 6   2.38296 0.0189206 24   0.0012799
6.9  0.148037 0.519289 12 6   2.38431 0.0188233 24   0.00126046
7  0.173344 0.536106 12 7   2.38778 0.0188949 24   0.00123344
7.1  0.186257 0.533143 12 7   2.39249 0.0189609 24   0.0012067
7.2  0.161314 0.544042 12 7   2.39389 0.0189311 24   0.00115028
7.3  0.174151 0.549044 12 7   2.39304 0.0189268 24   0.00114261
7.4  0.186628 0.567374 12 7   2.39557 0.0189353 24   0.00111188
7.5  0.174353 0.581993 12 7   2.39704 0.0188437 24   0.00105736
7.6  0.186018 0.570793 12 7   2.40038 0.0188444 24   0.00102026
7.7  0.198092 0.57869 12 7   2.3993 0.0189208 24   0.000968235
7.8  0.197894 0.596347 12 7   2.40487 0.0188902 24   0.000839666
7.9  0.185882 0.602907 12 7   2.40104 0.0188827 24   0.00089348
8  0.186125 0.622719 12 7   2.40304 0.0189248 24   0.000839132
8.1  0.174659 0.608959 12 7   2.40442 0.0189119 24   0.000796203
8.2  0.174437 0.657938 12 7   2.40562 0.0188237 24   0.000764848
8.3  0.174351 0.649783 12 7   2.40695 0.0188412 24   0.000739376
8.4  0.199205 0.651415 12 7   2.4055 0.0188823 24   0.000696189
8.5  0.187421 0.669384 12 7   2.40829 0.0188379 24   0.000632777
8.6  0.210916 0.654465 12 7   2.40838 0.0188775 24   0.000620924
8.7  0.198559 0.645702 12 7   2.40874 0.0189244 24   0.000692281
8.8  0.187735 0.654218 12 7   2.41098 0.0189413 24   0.000581428
8.9  0.187423 0.670994 12 7   2.41262 0.018965 24   0.00056972
9  0.211392 0.682354 12 7   2.41374 0.0188122 24   0.000568723
9.1  0.187784 0.675021 12 7   2.41504 0.0189049 24   0.000581024
9.2  0.175056 0.658839 12 7   2.41619 0.0188906 24   0.00059102
9.3  0.200119 0.676318 12 7   2.41758 0.0188715 24   0.000595655
9.4  0.186927 0.660986 12 7   2.42197 0.018884 24   0.000635587
9.5  0.188497 0.679113 12 8   2.4209 0.0189613 24   0.000645043
9.6  0.174976 0.675728 12 8   2.4222 0.0190281 24   0.000680032
9.7  0.188177 0.689473 12 8   2.42729 0.0188938 24   0.000721063
9.8  0.188543 0.657868 12 8   2.42752 0.0189218 24   0.00076288
9.9  0.188098 0.689167 12 8   2.43099 0.0188349 24   0.000801764
10  0.163775 0.71188 12 8   2.43284 0.0189141 24   0.000851376
10.1  0.176785 0.703427 12 8   2.43224 0.0189632 24   0.000884707
10.2  0.176571 0.698032 12 8   2.43624 0.0189025 24   0.000932504
10.3  0.175672 0.696455 12 8   2.43915 0.0188965 24   0.000977628
10.4  0.175912 0.732834 12 8   2.44566 0.0189942 24   0.00102431
10.5  0.150047 0.746465 12 8   2.43921 0.0188906 24   0.00107003
10.6  0.163612 0.761122 12 8   2.44015 0.0189413 24   0.00111116
10.7  0.175565 0.748829 12 8   2.44756 0.0189844 24   0.00116004
10.8  0.175934 0.736516 12 8   2.44874 0.0189527 24   0.00120933
10.9  0.175599 0.713966 12 8   2.45436 0.0189864 24   0.00126078
11  0.150244 0.749388 12 8   2.45108 0.0189349 24   0.0013059
11.1  0.163907 0.761756 12 8   2.45506 0.0189359 24   0.00135414
11.2  0.163635 0.751953 12 8   2.46063 0.0189197 24   0.00140516
11.3  0.176043 0.763412 12 8   2.45948 0.0189714 24   0.00145311
11.4  0.163368 0.757492 12 8   2.46255 0.0189689 24   0.00149706
11.5  0.151106 0.752441 12 8   2.46397 0.0189374 24   0.00153652
11.6  0.163304 0.766986 12 8   2.46994 0.019005 24   0.00158388
11.7  0.151267 0.794059 12 8   2.47273 0.0190081 24   0.00162455
11.8  0.163241 0.780138 12 8   2.47322 0.0189175 24   0.00167083
11.9  0.164561 0.774254 12 8   2.47364 0.0189423 24   0.00171656
12  0.15153 0.801343 12 8   2.47728 0.0189862 24   0.00175365
12.1  0.151344 0.797622 12 8   2.47958 0.0190788 24   0.00178809
12.2  0.178196 0.748928 12 8   2.48055 0.019014 24   0.00184347
12.3  0.190176 0.794484 12 8   2.48228 0.0190019 24   0.0018676
12.4  0.176976 0.764556 12 8   2.48181 0.0189521 24   0.00188858
12.5  0.164822 0.813616 12 8   2.48269 0.0189794 24   0.00194472
12.6  0.178049 0.808406 12 8   2.48673 0.0190019 24   0.00196591
12.7  0.201812 0.801305 12 8   2.48295 0.0189919 24   0.00200421
12.8  0.151552 0.805976 12 8   2.48229 0.0189762 24   0.00205444
12.9  0.190386 0.780667 12 8   2.48143 0.0190156 24   0.00205903
13  0.178884 0.813827 12 8   2.4828 0.0189927 24   0.00209357
13.1  0.163976 0.837279 12 9   2.48052 0.0190604 24   0.00212491
13.2  0.189495 0.853188 12 9   2.48402 0.0190046 24   0.00215065
13.3  0.176679 0.830506 12 9   2.48501 0.0190496 24   0.00217649
13.4  0.176793 0.832999 12 9   2.48446 0.0190339 24   0.00218572
13.5  0.202568 0.865286 12 9   2.4848 0.0189557 24   0.00219783
13.6  0.189157 0.833799 12 10   2.48658 0.0191127 24   0.00222018
13.7  0.18925 0.851399 12 10   2.48403 0.019075 24   0.00221819
13.8  0.176822 0.865366 12 10   2.4871 0.0189037 24   0.00224355
13.9  0.190941 0.873365 12 10   2.49009 0.0190571 24   0.00225848
14  0.151832 0.834681 12 10   2.49006 0.0189796 24   0.00227632
14.1  0.179105 0.85065 12 10   2.49069 0.018967 24   0.00226102
14.2  0.165561 0.838639 12 10   2.49309 0.018979 24   0.00230531
14.3  0.165534 0.871813 12 10   2.49674 0.0189631 24   0.00228552
14.4  0.165431 0.861819 12 10   2.49553 0.0189556 24   0.00233145
14.5  0.179059 0.845055 12 10   2.49692 0.0189434 24   0.00231943
14.6  0.191427 0.871963 12 9   2.49794 0.0190226 24   0.00232205
14.7  0.177769 0.832282 12 9   2.49865 0.018953 24   0.00235365
14.8  0.190807 0.89227 12 9   2.49694 0.0190691 24   0.00233453
14.9  0.190881 0.879119 12 9   2.50464 0.0190113 24   0.00232047
15  0.20371 0.921918 12 9   2.50096 0.0189647 24   0.00236244
15.1  0.177435 0.952741 12 9   2.50068 0.0189321 24   0.00233552
15.2  0.179483 0.883217 12 9   2.51538 0.0191065 24   0.00233272
15.3  0.19143 0.835739 12 9   2.50711 0.0190089 25   0.0023216
15.4  0.191432 0.894075 12 9   2.51952 0.0191079 25   0.00234845
15.5  0.203058 0.911865 12 9   2.5112 0.0190114 25   0.00235381
15.6  0.179379 0.956177 12 9   2.51484 0.0190129 25   0.00235667
15.7  0.165812 0.937724 12 9   2.5192 0.01905 25   0.00235664
15.8  0.165459 0.878586 12 9   2.51788 0.0190598 25   0.00236228
15.9  0.16564 0.931688 12 9   2.52182 0.0190235 25   0.0023552
16  0.203135 0.941903 12 9   2.52113 0.0189982 25   0.00234173
16.1  0.203732 0.972097 12 9   2.51864 0.0188978 25   0.00234554
16.2  0.204045 0.928831 12 9   2.5197 0.019044 25   0.00233714
16.3  0.15297 0.964441 12 9   2.52837 0.0190438 25   0.00235438
16.4  0.165859 1.02106 12 9   2.51909 0.0192199 25   0.00235637
16.5  0.165597 0.912397 12 9   2.51892 0.0190543 25   0.0023849
16.6  0.165729 0.940919 12 9   2.51783 0.0190221 25   0.00237287
16.7  0.191295 0.958724 12 9   2.52037 0.0190407 25   0.0023622
16.8  0.191104 0.954864 12 9   2.51955 0.0190651 25   0.00236548
16.9  0.165585 0.988687 12 9   2.52149 0.0189602 25   0.00236271
17  0.203449 0.950725 12 9   2.52399 0.0190088 25   0.00239664
17.1  0.202598 0.977511 12 9   2.52373 0.0190365 26   0.00240244
17.2  0.191859 0.978245 12 9   2.52114 0.0190516 26   0.00241474
17.3  0.19168 0.964564 12 9   2.5233 0.0189826 26   0.00240436
17.4  0.214842 0.97315 12 9   2.526 0.0190281 26   0.00242659
17.5  0.177187 1.00062 12 9   2.52539 0.0190318 26   0.00245543
17.6  0.189252 0.980094 12 9   2.52443 0.0189818 26   0.0024538
17.7  0.164136 0.972051 12 9   2.52859 0.0189184 26   0.0024703
17.8  0.191155 0.990358 12 9   2.52888 0.0190429 26   0.00248569
17.9  0.190252 0.964658 12 9   2.52884 0.0190197 26   0.00250172
18  0.203361 0.983436 12 9   2.5551 0.0191387 26   0.00251241
18.1  0.179097 0.985352 12 9   2.52978 0.0190489 26   0.00254802
18.2  0.190465 0.974067 12 9   2.53003 0.0190091 26   0.00255026
18.3  0.165219 0.968231 12 9   2.52974 0.0189728 26   0.00254543
18.4  0.166763 1.00187 12 9   2.53265 0.0190204 26   0.00254665
18.5  0.165672 1.02411 12 9   2.53293 0.0190048 26   0.0025398
18.6  0.19086 1.00052 12 9   2.53154 0.0189276 26   0.00263499
18.7  0.191033 1.05881 12 9   2.53394 0.019029 26   0.002628
18.8  0.165774 1.02285 12 9   2.53394 0.018948 26   0.0026692
18.9  0.202954 0.992647 12 9   2.53362 0.0190507 26   0.00267916
19  0.177443 1.01271 12 9   2.53476 0.0191268 26   0.00270908
19.1  0.202892 1.02708 12 9   2.53712 0.018936 26   0.00274571
19.2  0.165868 1.051 12 9   2.53681 0.019034 27   0.00274268
19.3  0.164426 1.01007 12 9   2.53563 0.0191153 27   0.00275186
19.4  0.138771 1.03334 12 9   2.53803 0.0190118 27   0.00277847
19.5  0.165405 1.07165 12 9   2.53916 0.0190172 27   0.00285616
19.6  0.151783 1.08727 12 9   2.53834 0.0189752 27   0.00279434
19.7  0.165747 1.08655 12 9   2.53797 0.0189755 27   0.00280528
19.8  0.165921 1.03004 12 9   2.54006 0.0189643 27   0.00284713
19.9  0.166049 1.04226 12 9   2.53879 0.0190548 27   0.00286167
20  0.165636 1.06245 12 9   2.54151 0.0189479 27   0.00289472
20.1  0.165717 1.09728 12 9   2.5424 0.0190968 27   0.0028712
20.2  0.165533 1.0814 12 9   2.54268 0.019013 27   0.00288079
20.3  0.151993 1.04777 12 9   2.54132 0.0189887 27   0.00290837
20.4  0.138659 1.12517 12 9   2.54231 0.0190106 27   0.00292086
20.5  0.190144 1.07816 12 9   2.54373 0.019091 27   0.00293704
20.6  0.164904 1.10431 12 9   2.54199 0.0190662 27   0.00290046
20.7  0.203149 1.12871 12 9   2.5415 0.0189502 27   0.00294312
20.8  0.177139 1.14125 12 9   2.54141 0.0190186 27   0.00294726
20.9  0.190338 1.16499 12 9   2.54177 0.0190904 27   0.00294403
21  0.190745 1.1116 12 9   2.54027 0.0190195 27   0.00300346
21.1  0.202422 1.08086 12 9   2.54037 0.0190519 27   0.00297977
21.2  0.151417 1.08551 12 9   2.54146 0.019025 27   0.00297733
21.3  0.191584 1.07572 12 9   2.5436 0.0190672 27   0.00295901
21.4  0.177182 1.07564 12 9   2.54346 0.0189676 28   0.00297622
21.5  0.190502 1.11426 12 9   2.54334 0.0190254 28   0.00298803
21.6  0.178425 1.09432 12 9   2.54613 0.0190195 28   0.00298335
21.7  0.178238 1.15615 12 9   2.54508 0.0190241 28   0.00298359
21.8  0.190295 1.10245 12 9   2.54818 0.0190463 28   0.00297598
21.9  0.178457 1.11476 12 9   2.54725 0.0190507 28   0.00295525
22  0.176961 1.03512 12 9   2.54838 0.0190207 28   0.00301623
22.1  0.1768 1.04612 12 9   2.54881 0.0190766 28   0.00301126
22.2  0.202065 1.1212 12 9   2.55245 0.0191099 28   0.00292504
22.3  0.176828 1.10111 12 9   2.55096 0.0190818 28   0.00291689
22.4  0.189549 1.05198 12 9   2.55173 0.0190033 28   0.00305382
22.5  0.176433 1.04444 12 9   2.55024 0.0190412 28   0.00309543
22.6  0.20237 1.12941 12 9   2.55195 0.0191094 28   0.00293657
22.7  0.189251 1.03634 12 9   2.55352 0.0190554 28   0.00291754
22.8  0.201866 1.03861 12 9   2.55262 0.0190426 28   0.00292112
22.9  0.203461 1.08995 12 9   2.55296 0.0190333 28   0.00289884
23  0.189391 1.16674 12 9   2.55522 0.0190712 28   0.00282649
23.1  0.190277 1.09585 12 9   2.55268 0.0190421 28   0.00287429
23.2  0.189156 1.05941 12 9   2.55162 0.0191221 28   0.00280013
23.3  0.190322 1.10533 12 9   2.55433 0.0190281 28   0.00281638
23.4  0.176391 1.10914 12 9   2.55317 0.019054 28   0.00282771
23.5  0.190644 1.06784 12 9   2.55684 0.0190937 28   0.00280031
23.6  0.21428 1.01874 12 9   2.55583 0.0190408 28   0.00272763
23.7  0.1783 1.04815 12 9   2.55377 0.0190049 28   0.0027697
23.8  0.203682 1.17018 12 9   2.55077 0.0189599 28   0.00276843
23.9  0.203725 1.067 12 9   2.54986 0.0189634 28   0.00267754
24  0.19142 1.0658 12 9   2.54854 0.0190493 28   0.00272377
24.1  0.204426 1.0639 12 9   2.56911 0.0190296 28   0.00268242
24.2  0.180182 1.1276 12 9   2.56663 0.01914 28   0.00271249
24.3  0.17839 1.16957 12 9   2.55517 0.0190027 28   0.00266668
24.4  0.191345 1.112 12 9   2.55715 0.0191408 28   0.0026307
24.5  0.178649 1.07576 12 9   2.55804 0.0191205 28   0.00268535
24.6  0.178586 1.02714 12 9   2.5593 0.0190785 28   0.00272391
24.7  0.164823 1.05188 12 9   2.55789 0.0190061 28   0.00272505
24.8  0.178652 1.08851 12 9   2.55864 0.0189525 28   0.00272197
24.9  0.178277 1.18221 12 9   2.55693 0.0190461 28   0.00272849
25  0.165896 1.11835 12 9   2.55664 0.0190448 28   0.00274153
25.1  0.165861 1.08365 12 9   2.55961 0.0190478 28   0.00273166
25.2  0.164947 1.08305 12 9   2.55793 0.019029 29   0.00273095
25.3  0.153835 1.07103 12 9   2.55931 0.0191112 29   0.0026918
25.4  0.153118 1.05798 12 9   2.56211 0.01904 29   0.00272876
25.5  0.179214 1.06224 12 9   2.56318 0.0189929 29   0.00270924
25.6  0.166676 1.1594 12 9   2.56334 0.0190422 29   0.00272875
25.7  0.166807 1.20943 12 9   2.5653 0.0190668 29   0.00271047
25.8  0.166302 1.05961 12 9   2.56794 0.01905 29   0.00273517
25.9  0.16568 1.0688 12 9   2.56829 0.0190585 29   0.00275715
26  0.178771 1.0878 12 9   2.56873 0.0190383 29   0.00275716
26.1  0.152999 1.19262 12 9   2.56955 0.0189433 29   0.00273199
26.2  0.179559 1.20894 12 9   2.57056 0.0190189 29   0.00276466
26.3  0.166589 1.17482 12 9   2.57209 0.0190451 29   0.00272634
26.4  0.178887 1.02967 12 9   2.57374 0.0191215 29   0.0029034
26.5  0.165222 1.10629 12 9   2.57452 0.019106 29   0.00289113
26.6  0.204464 1.153 12 9   2.57383 0.0191025 29   0.00286895
26.7  0.165929 1.1954 12 9   2.57491 0.0190417 29   0.00290169
26.8  0.179461 1.22872 12 9   2.57284 0.0190568 29   0.00294029
26.9  0.179606 1.07528 12 9   2.57231 0.0191456 29   0.00289241
27  0.191267 1.14345 12 9   2.57198 0.0190491 29   0.00286487
27.1  0.191627 1.14336 12 9   2.57135 0.0190415 29   0.00285059
27.2  0.203835 1.09222 12 9   2.57144 0.0191053 30   0.00292489
27.3  0.203893 1.10413 12 9   2.57157 0.0189159 30   0.00296037
27.4  0.192456 1.29554 13 9   2.57474 0.0190821 30   0.00280952
27.5  0.168371 1.15602 13 9   2.57374 0.0190718 30   0.00298772
27.6  0.192779 1.08593 13 9   2.5746 0.0190077 30   0.00298807
27.7  0.180972 1.12855 13 9   2.57354 0.0190154 30   0.00299796
27.8  0.19421 1.12244 13 9   2.5744 0.0189949 30   0.00302162
27.9  0.182092 1.14271 13 9   2.57509 0.0190292 31   0.00301555
28  0.180407 1.12605 12 9   2.57489 0.0189936 31   0.00297621
28.1  0.192473 1.1426 12 9   2.57596 0.019026 31   0.00301158
28.2  0.192183 1.14379 12 9   2.57913 0.0190354 31   0.0030179
28.3  0.192172 1.13802 12 9   2.5801 0.0189686 31   0.00306159
28.4  0.178438 1.15206 12 9   2.57867 0.0190314 31   0.00309786
28.5  0.190216 1.24685 12 9   2.57891 0.0190764 31   0.00308933
28.6  0.204577 1.14098 13 9   2.57831 0.0190564 31   0.00303433
28.7  0.192838 1.12663 12 9   2.5786 0.0190761 31   0.00311789
28.8  0.179373 1.25613 12 9   2.57929 0.0190449 31   0.00312076
28.9  0.180962 1.24866 12 9   2.57855 0.0189796 31   0.00332275
29  0.167872 1.18028 12 9   2.57658 0.0190599 31   0.0031735
29.1  0.193421 1.16092 12 9   2.5767 0.0190601 31   0.00312764
29.2  0.193245 1.12569 12 9   2.57715 0.0190817 31   0.00308081
29.3  0.19255 1.13442 13 9   2.57777 0.0189955 31   0.00306555
29.4  0.16884 1.16515 13 9   2.58062 0.0190277 31   0.0030674
29.5  0.206499 1.13597 13 9   2.57895 0.0190436 31   0.0030193
29.6  0.155666 1.17645 13 9   2.57876 0.018977 32   0.00291452
29.7  0.182443 1.17333 13 9   2.57936 0.0190055 32   0.00292698
29.8  0.169059 1.19811 13 9   2.57795 0.0190021 32   0.00318325
29.9  0.182145 1.24916 13 9   2.57742 0.0189335 32   0.00306308
30  0.155654 1.14268 14 9   2.57631 0.0190623 32   0.00310136
30.1  0.196334 1.10812 14 9   2.57667 0.019052 32   0.00314531
30.2  0.17042 1.18296 14 9   2.57871 0.0190478 32   0.00319191
30.3  0.196259 1.18215 14 9   2.57959 0.0190279 32   0.00310769
30.4  0.171093 1.22202 14 9   2.58071 0.0189312 33   0.00327508
30.5  0.171106 1.27104 14 9   2.5815 0.0190258 33   0.00302525
30.6  0.197822 1.276 14 9   2.5833 0.0191006 33   0.00321424
30.7  0.184903 1.10221 14 9   2.58041 0.0188973 33   0.00238472
30.8  0.171095 1.17134 14 9   2.58051 0.0191225 33   0.00319768
30.9  0.182942 1.14072 14 9   2.58429 0.0190773 33   0.00314274
31  0.171099 1.14547 14 9   2.58185 0.0190674 33   0.0031444
31.1  0.15769 1.13354 14 9   2.58396 0.0190285 33   0.00316778
31.2  0.196394 1.12766 14 9   2.58596 0.0190287 34   0.00318447
31.3  0.145085 1.13352 14 9   2.58702 0.0190012 34   0.00318313
31.4  0.183867 1.11882 13 9   2.58291 0.019033 34   0.0031924
31.5  0.181709 1.13497 13 9   2.5836 0.0190248 34   0.00330369
31.6  0.18257 1.2942 13 9   2.58472 0.0190828 34   0.00326775
31.7  0.206567 1.15523 13 9   2.58354 0.0191205 34   0.00319746
31.8  0.183144 1.18886 13 9   2.58154 0.0191407 34   0.0031726
31.9  0.19399 1.21621 13 9   2.58242 0.0191053 34   0.00326786
32  0.1807 1.19133 13 9   2.58304 0.0189483 34   0.00324597
32.1  0.182173 1.19393 13 9   2.5834 0.0190539 34   0.00320142
32.2  0.19416 1.07089 13 9   2.58506 0.0190996 34   0.00339519
32.3  0.206358 1.2064 13 9   2.58712 0.0190464 34   0.00354446
32.4  0.168536 1.12113 13 9   2.58468 0.0190259 34   0.00340799
32.5  0.180973 1.16263 13 9   2.58699 0.0190862 34   0.00321905
32.6  0.167972 1.21177 13 9   2.58771 0.0190536 34   0.00360919
32.7  0.181956 1.33394 13 9   2.58811 0.0191019 34   0.0033076
32.8  0.168542 1.24966 13 9   2.58905 0.0190085 34   0.00325636
32.9  0.205904 1.17935 13 9   2.58912 0.0190892 34   0.00330775
33  0.181166 1.21109 13 9   2.58772 0.0190648 34   0.00329637
33.1  0.181357 1.21227 13 9   2.5907 0.0190259 34   0.00333132
33.2  0.193462 1.16837 13 9   2.59142 0.0190513 34   0.00335498
33.3  0.19382 1.11772 13 9   2.59056 0.0190037 34   0.00332163
33.4  0.192005 1.11209 13 9   2.59056 0.0190496 34   0.00331976
33.5  0.20576 1.16128 13 9   2.59118 0.0189537 34   0.0033369
33.6  0.193202 1.11491 13 9   2.58994 0.0190624 34   0.003339
33.7  0.18038 1.2507 13 9   2.59083 0.0190768 34   0.00348997
33.8  0.194022 1.23906 13 9   2.59032 0.0190443 34   0.00335717
33.9  0.180367 1.2406 13 9   2.59264 0.0190809 34   0.00345317
34  0.1807 1.26016 13 9   2.58963 0.01911 34   0.00346583
34.1  0.168289 1.21437 13 9   2.59197 0.0189566 34   0.00378292
34.2  0.154794 1.30028 13 9   2.59351 0.0191258 34   0.00352396
34.3  0.180206 1.28205 13 9   2.5929 0.0190283 34   0.00354918
34.4  0.182106 1.29695 13 9   2.59242 0.0190226 35   0.00359524
34.5  0.181676 1.26103 13 9   2.59413 0.0190033 35   0.00356953
34.6  0.20624 1.25476 13 9   2.59536 0.0190729 35   0.00358566
34.7  0.181584 1.28881 13 9   2.5949 0.0189534 35   0.00360118
34.8  0.180276 1.2397 13 9   2.5972 0.0190336 35   0.00361815
34.9  0.18223 1.26976 13 9   2.59493 0.0190318 35   0.00356727
35  0.180427 1.24115 13 9   2.59448 0.0190673 35   0.00367953
35.1  0.181655 1.12712 13 9   2.59642 0.0189944 36   0.00357844
35.2  0.168585 1.27463 13 9   2.59653 0.0190589 36   0.00350125
35.3  0.181349 1.24904 13 9   2.59528 0.0190446 36   0.00365698
35.4  0.180498 1.2095 13 9   2.59682 0.018999 36   0.0035359
35.5  0.169365 1.254 13 9   2.59508 0.0190334 36   0.00349247
35.6  0.169387 1.34676 13 9   2.59507 0.0190106 36   0.00384283
35.7  0.155583 1.53128 13 10   2.59513 0.0189777 36   0.00383662
35.8  0.180994 1.32111 13 9   2.59729 0.0190506 36   0.00373288
35.9  0.155286 1.40905 13 9   2.59586 0.0189681 36   0.00376929
36  0.181247 1.25423 13 9   2.595 0.01897 36   0.00385951
36.1  0.168521 1.19977 13 9   2.59279 0.0190136 36   0.00410452
36.2  0.168798 1.2409 13 10   2.59134 0.0191435 36   0.00395635
36.3  0.180555 1.27758 13 9   2.59311 0.019018 36   0.00431493
36.4  0.181967 1.28864 13 9   2.59339 0.0190857 36   0.00395132
36.5  0.168428 1.35727 13 9   2.59202 0.0190527 36   0.00387221
36.6  0.193837 1.3802 13 9   2.59316 0.0190935 36   0.00386196
36.7  0.18125 1.15681 13 9   2.59169 0.0190125 36   0.004135
36.8  0.206338 1.27461 13 9   2.59062 0.0191022 36   0.00412687
36.9  0.20546 1.25322 13 9   2.59368 0.0190837 36   0.00390683
37  0.194182 1.29039 13 9   2.59207 0.0191014 36   0.00393383
37.1  0.168599 1.29449 13 9   2.5937 0.0190562 36   0.00404814
37.2  0.193954 1.19056 13 9   2.59181 0.0190512 36   0.00397906
37.3  0.181957 1.24444 13 9   2.59025 0.0189278 36   0.0042001
37.4  0.195029 1.3507 13 9   2.59054 0.0190468 36   0.00352613
37.5  0.193295 1.37055 13 9   2.58627 0.0190665 36   0.0039702
37.6  0.181325 1.43924 13 9   2.58732 0.0190403 36   0.0039417
37.7  0.181547 1.4644 13 10   2.58806 0.0190093 36   0.00397298
37.8  0.180071 1.45548 13 9   2.58922 0.0190104 36   0.00398617
37.9  0.18048 1.61358 13 9   2.59366 0.0190078 36   0.00396484
38  0.194433 1.29754 13 9   2.5962 0.0189885 36   0.00420807
38.1  0.205891 1.37999 13 9   2.59935 0.0190548 36   0.00333394
38.2  0.205754 1.40413 13 9   2.60089 0.0190757 36   0.00365674
38.3  0.194201 1.19858 13 9   2.59841 0.0190696 36   0.00413267
38.4  0.206243 1.21501 13 10   2.60014 0.0189 36   0.0043944
38.5  0.194351 1.71461 13 9   2.60199 0.0191561 36   0.00413945
38.6  0.180795 1.57248 13 9   2.60147 0.0190511 36   0.00405454
38.7  0.168564 1.3697 13 10   2.60094 0.0191465 36   0.00407809
38.8  0.18224 1.28424 13 9   2.60136 0.0190851 36   0.00425773
38.9  0.206239 1.276 13 10   2.60073 0.0190269 36   0.00389158
39  0.194724 1.30412 13 10   2.60174 0.0190426 36   0.00406802
39.1  0.194033 1.43466 13 10   2.60207 0.0191719 36   0.00412603
39.2  0.194592 1.48222 13 9   2.60108 0.0189979 36   0.00417616
39.3  0.168605 1.2202 13 9   2.60097 0.019033 36   0.00423488
39.4  0.194587 1.27471 13 9   2.60004 0.0190998 36   0.00419103
39.5  0.182456 1.30105 13 9   2.60314 0.0191018 36   0.00427008
39.6  0.207615 1.51292 13 9   2.60217 0.019064 36   0.00409926
39.7  0.168912 1.32063 13 9   2.60686 0.0189847 36   0.0039531
39.8  0.183003 1.24996 13 9   2.6045 0.0190757 36   0.00396357
39.9  0.155944 1.16375 13 9   2.60503 0.018994 36   0.00382751
40  0.169502 1.22878 14 9   2.60529 0.0191833 36   0.00415926
40.1  0.196314 1.21157 13 9   2.60564 0.019158 36   0.00362583
40.2  0.16967 1.43036 14 9   2.60622 0.0191004 36   0.00407313
40.3  0.185229 1.58934 13 9   2.60413 0.0190446 36   0.004502
40.4  0.156733 1.59334 14 9   2.60141 0.0190156 36   0.00398538
40.5  0.171503 1.18957 13 9   2.603 0.0191564 36   0.00410932
40.6  0.170107 1.14274 14 9   2.60431 0.0191 36   0.00392418
40.7  0.184426 1.20161 14 9   2.60337 0.0190625 36   0.00459033
40.8  0.184509 1.27673 13 9   2.60282 0.0191118 37   0.00387085
40.9  0.194265 1.181 14 9   2.60447 0.0191025 37   0.00426033
41  0.183102 1.30656 14 9   2.6036 0.0191694 37   0.00450754
41.1  0.170827 2.02219 14 9   2.60346 0.0189957 37   0.00441277
41.2  0.196557 1.36817 14 9   2.60423 0.0190871 37   0.00397313
41.3  0.170967 1.39381 14 9   2.5994 0.0190525 37   0.00404017
41.4  0.196425 1.45699 14 9   2.60351 0.0190794 37   0.00402332
41.5  0.17099 1.35902 14 9   2.60484 0.0190313 37   0.0039717
41.6  0.184587 1.38714 14 9   2.60454 0.0189867 37   0.0039515
41.7  0.197092 1.40419 13 9   2.60231 0.0189916 37   0.0039373
41.8  0.182229 1.46319 13 9   2.6054 0.0190375 37   0.00421428
41.9  0.181104 1.39625 13 10   2.60468 0.0190023 37   0.00392578
42  0.168645 1.84158 13 9   2.60763 0.0190486 38   0.00428109
42.1  0.180961 1.63091 13 9   2.61128 0.0190266 38   0.00428737
42.2  0.194383 1.37872 13 9   2.61261 0.0190776 38   0.00419112
42.3  0.181473 1.43796 13 9   2.6148 0.0190849 38   0.00406034
42.4  0.194805 1.32526 13 9   2.61386 0.0189922 38   0.00370168
42.5  0.193911 1.36351 13 9   2.61183 0.0189877 38   0.00383769
42.6  0.193529 1.24012 13 9   2.61483 0.018963 38   0.00394862
42.7  0.205964 1.39544 13 9   2.6145 0.0190481 38   0.00420655
42.8  0.192865 1.34537 13 9   2.61597 0.0190184 38   0.00421708
42.9  0.206093 1.3716 13 9   2.61569 0.0190458 38   0.00393123
43  0.205979 1.43728 13 9   2.61753 0.0190601 38   0.00399329
43.1  0.183247 1.66709 13 10   2.61615 0.0191076 38   0.00394614
43.2  0.194795 1.52326 13 9   2.62028 0.0191301 39   0.00397378
43.3  0.182113 1.51506 13 9   2.62163 0.0190719 39   0.00397059
43.4  0.180532 1.3653 13 10   2.62561 0.0191487 39   0.00391618
43.5  0.206582 1.37283 13 9   2.62694 0.0189348 39   0.00386125
43.6  0.181157 1.39929 13 10   2.6245 0.0190064 39   0.00391995
43.7  0.181968 1.47048 13 9   2.62349 0.019119 39   0.00392281
43.8  0.194118 1.62032 13 10   2.62453 0.0189038 39   0.00372224
43.9  0.182174 1.75877 13 9   2.62411 0.0188907 39   0.00369691
44  0.194715 1.44781 13 9   2.62424 0.0191423 39   0.00414479
44.1  0.194548 1.35513 13 9   2.62474 0.0188899 39   0.00402425
44.2  0.183095 1.57625 13 9   2.62434 0.0190059 39   0.00403732
44.3  0.194864 1.36981 13 9   2.62181 0.0189003 39   0.00388886
44.4  0.168315 1.67868 13 9   2.62455 0.0192309 39   0.00375887
44.5  0.182045 1.56984 13 10   2.62081 0.0189902 39   0.00441827
44.6  0.181539 1.58886 13 9   2.61948 0.0191324 39   0.003581
44.7  0.182118 1.39751 13 9   2.62159 0.0189494 39   0.00358135
44.8  0.155544 1.39567 13 9   2.62139 0.018963 39   0.00379639
44.9  0.181735 1.31801 13 9   2.62115 0.0189005 39   0.0038309
45  0.169354 1.25019 13 9   2.61959 0.0190982 39   0.00346323
45.1  0.156024 1.51425 13 9   2.62119 0.0190679 39   0.00385412
45.2  0.169122 1.29574 13 9   2.62097 0.0189706 39   0.00386709
45.3  0.167616 1.36288 13 9   2.62144 0.0190801 39   0.00381731
45.4  0.182357 1.51909 13 9   2.61917 0.0190534 39   0.00361403
45.5  0.183304 1.4092 13 9   2.61984 0.0189057 39   0.00378393
45.6  0.155598 1.34311 13 9   2.617 0.0189671 39   0.00412616
45.7  0.181078 1.33336 13 9   2.62121 0.0190012 39   0.00409891
45.8  0.193989 1.51616 13 9   2.62125 0.0190064 40   0.00391429
45.9  0.182178 1.33367 13 9   2.62267 0.0189662 40   0.00413339
46  0.182892 1.31552 13 9   2.62551 0.0189493 40   0.00385468
46.1  0.182847 1.37501 13 9   2.628 0.019047 40   0.00403362
46.2  0.182209 1.37702 13 9   2.62599 0.0190209 40   0.0037678
46.3  0.182014 1.38605 13 9   2.63014 0.01897 40   0.00388282
46.4  0.168619 1.34858 13 9   2.63146 0.0190798 40   0.00391375
46.5  0.182288 1.30059 13 9   2.63203 0.0191296 40   0.0041188
46.6  0.206918 1.35099 13 9   2.63305 0.0190653 41   0.00390759
46.7  0.180554 1.32223 13 9   2.63299 0.0189711 41   0.00378304
46.8  0.168222 1.3285 13 10   2.63512 0.0190303 41   0.00383621
46.9  0.182282 1.28343 13 9   2.63272 0.0190074 41   0.00374207
47  0.180829 1.43799 13 9   2.63458 0.0189906 41   0.00365133
47.1  0.194276 1.42016 13 9   2.63099 0.0190572 41   0.00389314
47.2  0.179967 1.46478 13 9   2.6341 0.0189479 41   0.00362549
47.3  0.191603 1.40554 13 9   2.63562 0.0190528 41   0.00333575
47.4  0.192427 1.29894 13 9   2.6378 0.0189617 41   0.00323182
47.5  0.205835 1.77367 13 9   2.6348 0.0190615 41   0.00374875
47.6  0.207161 2.75914 13 9   2.63543 0.019052 41   0.00343992
47.7  0.193025 1.88014 13 9   2.63682 0.0190972 41   0.00358884
47.8  0.180304 1.97636 13 9   2.63857 0.0190622 41   0.00359494
47.9  0.168715 1.68989 13 9   2.63902 0.0190683 41   0.00339244
48  0.18178 1.32485 13 9   2.64179 0.0191035 41   0.00339655
48.1  0.15504 1.38181 13 9   2.64238 0.0188874 41   0.00354664
48.2  0.181569 1.34191 13 10   2.63985 0.0191562 41   0.00350349
48.3  0.181022 1.55672 13 9   2.63849 0.0190815 41   0.00338297
48.4  0.20631 1.56193 13 9   2.63921 0.019067 41   0.00354678
48.5  0.193165 1.57777 13 9   2.63782 0.0189633 41   0.00330914
48.6  0.205744 1.82483 13 9   2.63786 0.0189553 41   0.00346648
48.7  0.194142 1.70446 13 9   2.6369 0.0189887 41   0.00376361
48.8  0.205444 1.4777 13 9   2.63673 0.0189937 41   0.00360483
48.9  0.154674 1.72271 13 9   2.63816 0.0190067 41   0.00313786
49  0.168633 2.16718 13 9   2.63457 0.0190797 41   0.00320896
49.1  0.180351 1.66521 13 9   2.6359 0.0189861 41   0.00323486
49.2  0.181777 1.63643 13 9   2.63677 0.019012 41   0.00346187
49.3  0.168033 1.69561 13 9   2.63729 0.0190067 41   0.0033252
49.4  0.182301 1.86144 13 9   2.63666 0.018979 41   0.00326798
49.5  0.193599 1.63041 13 9   2.63689 0.0191232 41   0.00299105
49.6  0.167844 4.09184 13 9   2.6395 0.0191041 41   0.00327636
49.7  0.168054 3.99805 13 9   2.63662 0.0189882 41   0.00359686
49.8  0.154729 2.6834 13 9   2.63921 0.0189322 41   0.00349656
49.9  0.166784 1.78747 13 9   2.64036 0.0189115 41   0.00345039
50  0.181179 1.67177 13 9   2.63851 0.0190139 41   0.00295213
50.1  0.168542 1.69513 13 9   2.63844 0.0190529 41   0.00332635
50.2  0.19357 3.13683 13 9   2.64107 0.0189239 41   0.0030664
50.3  0.180476 1.5969 13 9   2.63872 0.0189227 41   0.00277752
50.4  0.181819 1.7956 13 9   2.64123 0.019036 41   0.002713
50.5  0.181754 1.70133 13 9   2.63885 0.019158 41   0.00319937
50.6  0.193803 1.34979 13 9   2.64301 0.0189648 41   0.00295134
50.7  0.194102 1.49111 13 9   2.6388 0.0190194 41   0.00303161
50.8  0.194308 1.36874 13 9   2.63878 0.0189849 41   0.00296987
50.9  0.18358 1.3086 13 9   2.63753 0.0189407 41   0.00296887
51  0.180346 1.46016 13 9   2.63928 0.0191279 41   0.00293745
51.1  0.194346 1.32103 13 9   2.63983 0.01897 41   0.00290285
51.2  0.170021 1.56644 13 9   2.64113 0.0189575 41   0.00285755
51.3  0.182784 1.36644 13 9   2.64195 0.0192159 41   0.00303828
51.4  0.168945 1.39201 13 9   2.64086 0.0189627 41   0.00256821
51.5  0.194136 1.69864 13 9   2.63994 0.0189758 41   0.0027965
51.6  0.15586 1.36324 13 9   2.6416 0.0189437 41   0.00283539
51.7  0.193719 1.73986 13 9   2.64016 0.0189812 41   0.00283315
51.8  0.181747 1.67544 13 9   2.64293 0.01898 42   0.00284061
51.9  0.20567 1.56237 13 9   2.64523 0.0189623 42   0.00277272
52  0.194035 1.56567 13 9   2.64452 0.0190368 42   0.00277416
52.1  0.206619 1.60256 13 9   2.64595 0.0190418 42   0.00287139
52.2  0.192547 1.73314 13 9   2.68136 0.0189558 42   0.00291377
52.3  0.180473 1.55653 13 9   2.65005 0.0192433 42   0.00273155
52.4  0.20638 1.51692 13 9   2.64181 0.0190375 43   0.0027111
52.5  0.168361 1.63725 13 9   2.69488 0.0192298 43   0.00267873
52.6  0.194514 3.47399 13 9   2.6419 0.0189927 43   0.00277543
52.7  0.182261 1.58325 13 9   2.64289 0.0191166 43   0.00272689
52.8  0.180776 1.82335 13 9   2.64247 0.0189986 43   0.00235449
52.9  0.181743 2.37828 13 9   2.64168 0.0189345 43   0.00202823
53  0.181928 1.78535 13 9   2.64218 0.0190476 43   0.00275028
53.1  0.182061 1.67273 13 9   2.64393 0.0190239 43   0.00213854
53.2  0.181901 1.53757 13 9   2.64293 0.01902 43   0.00244359
53.3  0.194382 3.72353 13 9   2.64396 0.0188986 43   0.0028416
53.4  0.181679 4.0201 13 9   2.64524 0.0190059 43   0.00268752
53.5  0.194945 1.93761 13 9   2.64099 0.0189662 43   0.00285196
53.6  0.169167 3.42625 13 9   2.64317 0.0190831 43   0.00252119
53.7  0.194354 2.8732 13 9   2.64482 0.0191375 43   0.00219457
53.8  0.168602 2.03077 13 9   2.64662 0.0189786 43   0.00232627
53.9  0.194259 1.65526 13 9   2.64724 0.0189274 43   0.00177678
54  0.182084 1.4606 13 9   2.64858 0.0189889 43   0.0027834
54.1  0.194898 1.97102 13 10   2.64917 0.0191718 43   0.00226653
54.2  0.156072 1.43275 13 9   2.64926 0.018996 43   0.00240859
54.3  0.168367 1.73789 13 9   2.6481 0.0189714 43   0.00245245
54.4  0.142388 1.69651 13 9   2.64818 0.0190114 43   0.00221219
54.5  0.168466 2.15853 13 9   2.64894 0.0190621 43   0.0023468
54.6  0.156591 1.49224 13 9   2.64585 0.0190378 43   0.00201793
54.7  0.182198 2.25438 13 9   2.64876 0.019219 43   0.00208332
54.8  0.181055 2.28599 13 9   2.65025 0.0190004 44   0.00210246
54.9  0.156101 2.07149 13 9   2.65155 0.0189536 44   0.00215878
55  0.183113 1.59707 13 9   2.65217 0.0189806 44   0.0021312
55.1  0.194706 2.38652 13 9   2.65178 0.0189642 44   0.00217173
55.2  0.182385 1.37096 13 9   2.65099 0.0189714 44   0.00227046
55.3  0.194006 1.39111 13 10   2.65229 0.0190671 44   0.00211048
55.4  0.182469 1.49378 13 9   2.65108 0.0190172 44   0.00210039
55.5  0.182517 1.46991 13 9   2.65357 0.0189653 44   0.00189172
55.6  0.182112 1.42503 13 9   2.65255 0.0190101 44   0.00193655
55.7  0.18226 1.96198 13 9   2.64988 0.0191147 44   0.00213548
55.8  0.206206 1.65052 13 9   2.65299 0.0189137 44   0.00199831
55.9  0.182027 1.70995 13 9   2.67348 0.0189722 44   0.00214876
56  0.182469 1.70651 13 9   2.67304 0.0192873 44   0.00174353
56.1  0.194274 2.20765 13 9   2.65475 0.0188956 44   0.00211382
56.2  0.180736 1.72918 13 9   2.6547 0.0189664 44   0.00209821
56.3  0.168106 1.56393 13 9   2.65825 0.0190094 44   0.00196693
56.4  0.182083 1.62903 13 9   2.65573 0.0191085 44   0.00185044
56.5  0.180571 1.67908 13 9   2.65775 0.0190701 44   0.00204697
56.6  0.193874 2.49143 13 9   2.65681 0.0189958 45   0.00186542
56.7  0.205188 1.50999 13 9   2.66067 0.0190427 45   0.00194829
56.8  0.192704 1.75578 13 9   2.66085 0.0190532 45   0.00215064
56.9  0.20642 2.20848 13 9   2.6559 0.0189491 45   0.0019784
57  0.180729 1.92009 13 9   2.67712 0.0190251 45   0.00183039
57.1  0.192718 1.75807 13 9   2.67831 0.0191365 45   0.00203783
57.2  0.191316 5.05339 13 9   2.65629 0.0188965 45   0.00202351
57.3  0.181109 3.05404 13 9   2.65788 0.0190722 45   0.00202819
57.4  0.168473 2.88409 13 9   2.65647 0.0190003 45   0.00193232
57.5  0.180631 1.43626 13 9   2.65517 0.0190348 45   0.00205839
57.6  0.168852 4.49143 13 9   2.65178 0.0189877 45   0.00215743
57.7  0.181509 1.69555 13 9   2.64941 0.0197576 45   0.00218126
57.8  0.193621 3.15472 13 9   2.65048 0.0189383 45   0.00211214
57.9  0.182137 3.58035 13 9   2.64852 0.0189533 45   0.00223903
58  0.180385 6.05712 13 9   2.64934 0.0190152 45   0.00178178
58.1  0.194653 5.74269 13 9   2.65036 0.0189262 45   0.00187441
58.2  0.181847 2.69938 13 9   2.64983 0.0191363 45   0.00181235
58.3  0.182522 4.11829 13 9   2.64752 0.019088 45   0.00210494
58.4  0.206249 7.66082 13 9   2.65521 0.0192593 45   0.00226259
58.5  0.16809 3.35824 13 9   2.65026 0.0190898 45   0.00203889
58.6  0.168224 4.8784 13 9   2.65037 0.0190133 45   0.00205753
58.7  0.182031 4.34839 13 9   2.65166 0.0191077 45   0.00188851
58.8  0.181502 2.73097 13 9   2.67219 0.0191251 45   0.00205545
58.9  0.19419 2.00415 13 9   2.66613 0.019215 45   0.0022071
59  0.168658 1.84234 13 9   2.65341 0.0189593 45   0.00210145
59.1  0.169418 2.29656 13 9   2.6529 0.0189641 45   0.00199448
59.2  0.167566 2.08868 13 9   2.6573 0.0189764 45   0.00199505
59.3  0.16793 1.74912 13 10   2.65731 0.0189756 45   0.00206777
59.4  0.169293 1.86083 13 10   2.65936 0.0191209 45   0.00221367
59.5  0.170222 1.97612 13 10   2.66004 0.019054 45   0.00202267
59.6  0.180751 6.70002 13 10   2.66058 0.0190583 45   0.00188459
59.7  0.168576 2.46826 13 11   2.65599 0.019148 45   0.00233277
59.8  0.181886 1.94525 13 11   2.65894 0.0189587 45   0.00250138
59.9  0.206349 1.69645 13 11   2.65574 0.0190895 45   0.001952
60  0.181749 1.51628 13 11   2.65608 0.0191685 45   0.00238427
60.1  0.167851 1.83655 13 10   2.65815 0.0189847 45   0.00221062
60.2  0.182171 5.05517 13 10   2.6598 0.0190364 45   0.0022102
60.3  0.169695 1.89568 13 10   2.65871 0.0189832 45   0.00223663
60.4  0.180991 1.85082 13 10   2.65992 0.0189272 45   0.00212118
60.5  0.182122 1.44217 13 10   2.6624 0.0190864 46   0.00331457
60.6  0.167979 1.4848 13 10   2.66273 0.0189427 46   0.00225798
60.7  0.180569 2.55784 13 10   2.66321 0.0189744 46   0.0024579
60.8  0.182174 4.37093 13 10   2.66313 0.0190163 46   0.00224933
60.9  0.193866 1.69231 13 10   2.66383 0.0190263 46   0.00226527
61  0.193924 1.64943 13 10   2.66373 0.0192163 46   0.0025972
61.1  0.182125 1.73506 13 10   2.6641 0.0189872 46   0.00243076
61.2  0.206206 2.24971 13 10   2.66569 0.0189455 46   0.00227085
61.3  0.192361 1.74494 13 10   2.6634 0.0189234 46   0.00247305
61.4  0.180311 1.74403 13 10   2.66474 0.0190875 46   0.00235914
61.5  0.193707 6.87411 13 10   2.66312 0.0190383 46   0.00227573
61.6  0.193828 1.40211 13 10   2.66614 0.0191166 46   0.00238313
61.7  0.193429 1.62604 13 10   2.66249 0.0190296 46   0.00239868
61.8  0.192117 2.8799 13 10   2.66626 0.0190054 46   0.00239339
61.9  0.192221 2.56062 13 10   2.66495 0.0189668 46   0.00230813
62  0.206108 2.47233 13 10   2.66203 0.0190764 46   0.00237508
62.1  0.20655 1.63316 13 10   2.66261 0.0190136 46   0.00236752
62.2  0.181688 2.26828 13 10   2.66578 0.0191849 46   0.0025272
62.3  0.207252 3.13523 13 10   2.66424 0.0189421 46   0.00275514
62.4  0.16836 3.88202 13 10   2.66601 0.0191033 46   0.00279427
62.5  0.194441 2.79576 13 10   2.66623 0.0189853 46   0.00261447
62.6  0.182358 3.93298 13 10   2.66603 0.0189502 46   0.0024618
62.7  0.208014 2.13588 13 10   2.66486 0.0189903 46   0.00270324
62.8  0.170523 5.59345 13 10   2.66672 0.019017 46   0.00229498
62.9  0.182716 1.79419 13 10   2.66852 0.0189777 46   0.00254475
63  0.18271 2.11347 13 10   2.66852 0.0190545 46   0.00255574
63.1  0.207066 2.17282 13 10   2.66868 0.0190655 46   0.0027257
63.2  0.168398 1.69178 13 10   2.66683 0.0190015 46   0.00249487
63.3  0.182173 2.06341 13 10   2.66564 0.0189822 46   0.00267469
63.4  0.183963 2.48778 13 10   2.6662 0.0192628 46   0.00253648
63.5  0.169065 1.93733 13 10   2.66751 0.0190175 46   0.00254372
63.6  0.155156 3.70969 13 10   2.66979 0.0189771 46   0.00255789
63.7  0.193908 2.59211 13 10   2.66735 0.0189267 46   0.0025691
63.8  0.155011 2.77847 13 10   2.66846 0.0190902 46   0.00260192
63.9  0.16766 2.02121 13 10   2.66685 0.0190557 46   0.0027803
64  0.181516 3.32983 13 10   2.66598 0.0190368 46   0.00257714
64.1  0.1678 1.82681 13 10   2.66757 0.0191492 46   0.00260487
64.2  0.181278 2.05605 13 10   2.66729 0.0190397 46   0.00265848
64.3  0.167951 1.99075 13 10   2.66654 0.0189521 46   0.00261466
64.4  0.194527 4.92757 13 10   2.66569 0.0191477 46   0.00266608
64.5  0.195157 2.67546 13 10   2.66523 0.0190321 46   0.00265574
64.6  0.182214 1.47261 13 10   2.66566 0.0190011 46   0.00273585
64.7  0.180996 2.7614 13 10   2.666 0.0189727 46   0.00277462
64.8  0.194253 3.68687 13 10   2.66496 0.0190332 46   0.00285757
64.9  0.181218 1.76894 13 10   2.66637 0.0189981 46   0.00295521
65  0.155069 4.1161 13 10   2.66584 0.0189762 46   0.00303382
65.1  0.155107 1.4784 13 10   2.66585 0.0190126 46   0.00278926
65.2  0.1825 1.48693 13 10   2.66464 0.0190203 46   0.00289012
65.3  0.206762 1.94145 13 10   2.66691 0.0190547 46   0.00290511
65.4  0.181318 3.51659 13 10   2.66385 0.0191086 46   0.00320428
65.5  0.182248 5.10024 13 10   2.66575 0.0189833 46   0.00279705
65.6  0.194826 2.76904 13 10   2.6639 0.0191019 46   0.0032834
65.7  0.181836 2.31013 13 10   2.66011 0.0190435 46   0.00307506
65.8  0.193415 9.99857 13 10   2.66344 0.0191644 46   0.00307036
65.9  0.193832 3.04931 13 10   2.66394 0.019015 46   0.00304269
66  0.217693 1.72029 13 10   2.66466 0.0189911 46   0.00324384
66.1  0.192697 2.47256 13 10   2.66521 0.0190065 46   0.0031337
66.2  0.192037 1.8254 13 10   2.66709 0.0191313 46   0.00317323
66.3  0.192631 6.0241 13 10   2.67154 0.0190479 46   0.00303581
66.4  0.219064 4.91164 13 10   2.66951 0.0191084 46   0.00347572
66.5  0.206275 3.34784 13 10   2.66681 0.0192099 46   0.00336313
66.6  0.193347 2.64936 13 10   2.66292 0.0189416 46   0.00303823
66.7  0.182736 1.61393 13 10   2.66601 0.0190743 46   0.00347355
66.8  0.181765 2.88716 13 10   2.66622 0.0190191 46   0.00346989
66.9  0.181874 10.7927 13 10   2.66422 0.0191797 46   0.00320927
67  0.193608 2.16441 13 10   2.66506 0.0191067 46   0.00317769
67.1  0.18239 1.69914 13 10   2.66485 0.0189481 47   0.00337081
67.2  0.194402 1.6883 13 10   2.66729 0.0189614 47   0.00314163
67.3  0.169209 1.83121 13 10   2.66612 0.0189426 47   0.00356098
67.4  0.207783 2.02477 13 10   2.66602 0.0190078 47   0.00315123
67.5  0.168706 1.53642 13 10   2.67017 0.0189554 47   0.00354571
67.6  0.182315 3.14442 13 10   2.66968 0.0190229 47   0.00341775
67.7  0.1685 1.84565 13 10   2.67165 0.0189941 47   0.00364238
67.8  0.168887 4.15102 13 10   2.67125 0.0197815 47   0.0034608
67.9  0.169161 2.71721 13 10   2.67471 0.0189157 47   0.00344
68  0.194486 1.98551 13 10   2.67657 0.0190763 47   0.0035413
68.1  0.169573 1.71776 13 10   2.67605 0.0189661 47   0.00362481
68.2  0.169099 1.58487 13 10   2.67566 0.0190272 47   0.00365447
68.3  0.169396 4.96328 13 10   2.67619 0.0189522 47   0.00347818
68.4  0.181819 2.73899 13 10   2.67888 0.0190698 47   0.00349726
68.5  0.155455 1.82595 13 10   2.67978 0.0191157 47   0.00358293
68.6  0.181486 1.52302 13 10   2.68045 0.0191009 47   0.00326212
68.7  0.167536 2.2715 13 10   2.67732 0.0190484 47   0.00338714
68.8  0.155977 1.90551 13 10   2.67941 0.0191333 47   0.00367746
68.9  0.155678 2.26711 13 10   2.67846 0.0191477 47   0.00246619
69  0.154996 1.53801 13 10   2.68004 0.0190387 47   0.00350225
69.1  0.194042 1.59677 13 10   2.6792 0.019062 47   0.00363933
69.2  0.205795 2.02383 13 10   2.68047 0.0189071 47   0.00363085
69.3  0.193445 1.89413 13 10   2.67753 0.0189479 47   0.00352596
69.4  0.181205 2.22517 13 10   2.67715 0.0190215 47   0.00373162
69.5  0.194758 1.74595 13 10   2.67577 0.0192173 47   0.00374485
69.6  0.182302 1.76411 13 10   2.67867 0.0191413 47   0.00379269
69.7  0.193852 2.25219 13 10   2.67824 0.0189938 47   0.00402199
69.8  0.155701 1.83179 13 10   2.68271 0.0190173 47   0.00359124
69.9  0.182294 2.02149 13 10   2.6821 0.0190416 47   0.00404627
70  0.181934 1.83592 13 10   2.68122 0.0190967 47   0.00393736
70.1  0.168756 1.58696 13 10   2.68181 0.0189656 47   0.00386585
70.2  0.194226 1.56531 13 10   2.68076 0.0190504 47   0.00382018
70.3  0.1555 1.84527 13 10   2.6808 0.0191356 47   0.00377385
70.4  0.206347 2.64729 13 10   2.68356 0.0191192 47   0.00368317
70.5  0.168586 1.7583 13 10   2.68388 0.0189867 47   0.00370925
70.6  0.194272 1.81227 13 10   2.68126 0.0189696 47   0.0040668
70.7  0.193439 2.97286 13 10   2.68184 0.0190056 47   0.00370566
70.8  0.19349 1.95647 13 10   2.68125 0.0189596 47   0.00360174
70.9  0.217413 5.89178 13 10   2.67903 0.019068 47   0.00388657
71  0.192862 2.78166 13 10   2.67952 0.0190601 47   0.00381338
71.1  0.206397 1.89439 13 10   2.67773 0.0189802 47   0.00369397
71.2  0.205549 1.69175 13 10   2.68212 0.0190885 47   0.00376209
71.3  0.192676 3.70808 13 10   2.68139 0.0190148 47   0.00381983
71.4  0.181797 8.34631 13 10   2.68195 0.0190881 47   0.00391634
71.5  0.181397 2.13598 13 10   2.68219 0.019082 47   0.00378028
71.6  0.182526 1.49132 13 10   2.68418 0.0190068 47   0.00366624
71.7  0.195354 2.56682 13 10   2.68404 0.0191091 47   0.00439907
71.8  0.155087 27.7892 13 10   2.68647 0.0189981 47   0.00341265
71.9  0.181428 5.38563 13 10   2.68477 0.0190084 47   0.0036286
72  0.193616 2.64442 13 10   2.68514 0.0190518 47   0.00393361
72.1  0.193768 1.84002 13 10   2.68411 0.0189816 47   0.00368146
72.2  0.179911 2.15058 13 10   2.68587 0.0191891 47   0.00384758
72.3  0.168333 4.29519 13 10   2.6847 0.0190396 47   0.00370783
72.4  0.193561 1.86681 13 10   2.6882 0.0191076 47   0.00383314
72.5  0.181304 1.59355 13 9   2.68447 0.0190699 47   0.003841
72.6  0.181502 2.67593 13 9   2.68628 0.0189207 47   0.00391059
72.7  0.154532 2.49367 13 9   2.68418 0.019055 47   0.00377311
72.8  0.181296 1.67792 13 9   2.68391 0.019103 47   0.00393482
72.9  0.168512 2.08162 13 9   2.68274 0.0190129 47   0.00389207
73  0.168824 4.04648 13 9   2.68285 0.0191581 47   0.00411487
73.1  0.193068 1.76721 13 9   2.68462 0.0190141 47   0.00379103
73.2  0.168738 2.19425 13 9   2.6865 0.0191884 47   0.00387847
73.3  0.167799 2.24339 13 9   2.68499 0.0190028 47   0.00381573
73.4  0.155765 2.2169 13 9   2.68535 0.0190434 47   0.00416702
73.5  0.181076 1.59934 13 9   2.68487 0.0189616 47   0.00392074
73.6  0.155033 1.91396 13 9   2.68214 0.0190649 47   0.00424401
73.7  0.167917 1.91372 13 9   2.68319 0.0190038 47   0.00382332
73.8  0.180625 1.71348 13 9   2.6833 0.0189717 47   0.0038681
73.9  0.180387 2.18155 13 9   2.68594 0.0191012 47   0.00380205
74  0.168915 1.73145 13 9   2.68291 0.0189919 47   0.00399422
74.1  0.180651 1.43815 13 9   2.68601 0.0190927 47   0.00402434
74.2  0.194166 1.85428 13 9   2.68484 0.0189876 47   0.00432262
74.3  0.181484 1.61519 13 9   2.6881 0.0190374 47   0.0040024
74.4  0.181789 1.77241 13 9   2.68824 0.0191075 47   0.00379454
74.5  0.168834 5.0136 13 9   2.70754 0.0192584 47   0.00406576
74.6  0.18188 1.80457 13 9   2.68484 0.0190742 47   0.00501782
74.7  0.168388 1.46882 13 9   2.68342 0.018987 47   0.00409991
74.8  0.180927 1.58656 13 9   2.68354 0.019 47   0.00389551
74.9  0.181823 2.07122 13 9   2.68291 0.0192266 47   0.00420565
75  0.168369 4.18238 13 9   2.68542 0.0191064 48   0.00399248
75.1  0.167753 1.43457 13 9   2.68354 0.0190839 48   0.00409225
75.2  0.193447 3.38251 13 9   2.7179 0.0190267 48   0.00407177
75.3  0.180495 1.67366 13 9   2.69304 0.019249 48   0.00441499
75.4  0.218035 2.29406 13 9   2.6874 0.0191669 48   0.00415179
75.5  0.218584 3.92859 13 9   2.69164 0.0191456 48   0.00403061
75.6  0.205554 4.53799 13 9   2.68417 0.0189579 48   0.00407622
75.7  0.179838 2.62571 13 9   2.68733 0.0191168 48   0.00429147
75.8  0.192927 3.37602 13 9   2.68894 0.0189746 48   0.00411871
75.9  0.192006 4.29947 13 9   2.68936 0.0190381 48   0.00408694
76  0.217451 2.80843 13 9   2.69128 0.0190349 48   0.00382068
76.1  0.194088 1.67314 13 9   2.69253 0.0190586 48   0.00386682
76.2  0.182301 2.01649 13 9   2.6907 0.0191684 48   0.00399904
76.3  0.168109 5.50705 13 9   2.69272 0.0189735 48   0.00378134
76.4  0.181422 4.35217 13 9   2.69259 0.0189675 48   0.00427903
76.5  0.195067 2.14381 13 9   2.69168 0.0189918 49   0.00370424
76.6  0.182287 1.8247 13 9   2.69596 0.0190487 49   0.0040039
76.7  0.194914 3.00806 13 9   2.6963 0.0190216 49   0.00391204
76.8  0.194593 1.76745 13 9   2.69666 0.0190257 49   0.00382463
76.9  0.182228 1.9473 13 9   2.69754 0.0190792 49   0.00444272
77  0.205902 1.65974 13 9   2.69961 0.0189454 49   0.00378216
77.1  0.154809 1.75698 13 9   2.69938 0.0189562 49   0.00412922
77.2  0.194216 2.26046 13 9   2.70132 0.0190564 49   0.00405045
77.3  0.181025 1.7769 13 9   2.7002 0.0190273 49   0.00358742
77.4  0.169315 2.93819 13 9   2.70279 0.0190161 49   0.00391892
77.5  0.169104 2.30479 13 9   2.70469 0.0190966 49   0.0042521
77.6  0.192405 1.671 13 9   2.70388 0.0189638 49   0.0038276
77.7  0.167876 1.82047 13 9   2.70623 0.0189981 49   0.00396043
77.8  0.169812 1.78687 13 9   2.70396 0.0190908 49   0.00427321
77.9  0.180614 5.78843 13 9   2.70614 0.0191131 49   0.00385163
78  0.180826 3.96491 13 9   2.70527 0.0190354 49   0.00367536
78.1  0.168398 1.64506 13 9   2.70542 0.0191334 49   0.00381474
78.2  0.167432 2.63278 13 9   2.70479 0.0190636 49   0.00373996
78.3  0.168587 3.15916 13 9   2.70614 0.0190508 49   0.00373764
78.4  0.168366 3.13421 13 9   2.70875 0.0190068 49   0.00375914
78.5  0.182479 2.25826 13 9   2.70478 0.0189386 49   0.00381113
78.6  0.193088 3.00072 13 9   2.70437 0.0189548 49   0.00384816
78.7  0.182059 1.52258 13 9   2.70464 0.018968 49   0.00353562
78.8  0.181632 2.77464 13 9   2.70383 0.019127 49   0.00395344
78.9  0.206307 2.93261 13 9   2.71035 0.0189428 49   0.00388385
79  0.181438 2.85502 13 9   2.70385 0.0189797 49   0.00378118
79.1  0.181504 1.65179 13 9   2.70378 0.0191816 49   0.00374691
79.2  0.206012 2.44395 13 9   2.7053 0.019185 49   0.00379197
79.3  0.182617 1.92147 13 9   2.70415 0.0191273 49   0.00369102
79.4  0.180204 1.66426 13 9   2.70621 0.0190267 49   0.003624
79.5  0.205805 2.73055 13 9   2.70304 0.0190947 49   0.0036769
79.6  0.193281 1.72055 13 9   2.70392 0.0190891 49   0.0036363
79.7  0.167443 2.60418 13 9   2.70409 0.0191809 49   0.00364682
79.8  0.167923 2.58175 13 9   2.70542 0.0190647 50   0.00369587
79.9  0.181051 1.9916 13 9   2.70563 0.01899 50   0.00365926
80  0.191537 2.21477 13 9   2.7074 0.0189998 50   0.00334904
