# Fbr_dyn timestep cost, layout=ns L=1000 U=0.2 dt=0.1 tol=1e-10 epsilon_M=0, one thread
# setup: to_star 1.17323 s, Fbr_dyn constructor 0.0908158 s
# times in seconds; total = buildK+plan+applyK+applyfb+tdvp
# t n_active chi ngates buildK plan applyK applyfb tdvp total
0.1 4 3 1000 0.0287824 0.00157693 0.0254834 0.032839 0.0361902 0.124872
0.2 4 4 1005 0.0261665 0.00148053 0.0256839 0.0339633 0.0376116 0.124906
0.3 4 4 1005 0.0282955 0.00139152 0.0269509 0.105286 0.0388157 0.20074
0.4 4 4 1005 0.0252734 0.00152199 0.0258722 0.0334559 0.0393589 0.125482
0.5 4 4 1005 0.025067 0.00143948 0.025467 0.0337285 0.0388174 0.124519
0.6 4 4 1005 0.0254259 0.00170974 0.0269044 0.033796 0.039086 0.126922
0.7 4 4 1005 0.0264666 0.00146432 0.0259398 0.0341722 0.0391266 0.12717
0.8 4 4 1005 0.0250317 0.00149342 0.0264342 0.0341094 0.0388433 0.125912
0.9 4 4 1005 0.0251063 0.00133418 0.0257823 0.0333352 0.0388209 0.124379
1 4 4 1005 0.0249284 0.00135669 0.0252907 0.0333844 0.0387875 0.123748
1.1 4 4 1005 0.0249454 0.00133272 0.0256603 0.0333617 0.0387321 0.124032
1.2 4 4 1005 0.025006 0.00231068 0.0254333 0.033364 0.0395733 0.125687
1.3 6 4 1005 0.0281623 0.00175481 0.0268169 0.0341091 0.0389068 0.12975
1.4 6 4 1014 0.0252462 0.00172875 0.0261223 0.0351531 0.040733 0.128983
1.5 6 5 1014 0.0251005 0.00203451 0.0264103 0.0355953 0.040773 0.129914
1.6 6 5 1014 0.0252601 0.00157665 0.0260309 0.0347498 0.0405139 0.128131
1.7 6 5 1014 0.0250883 0.00167456 0.0265685 0.107436 0.0401474 0.200914
1.8 6 5 1014 0.025337 0.0016004 0.02678 0.0355451 0.0401807 0.129443
1.9 6 5 1014 0.0251216 0.00166319 0.0262941 0.0351166 0.0402051 0.128401
2 6 6 1014 0.0250757 0.00176603 0.0260503 0.107678 0.0405493 0.20112
2.1 6 6 1014 0.0255004 0.00262733 0.0257704 0.035396 0.0404569 0.129751
2.2 6 6 1014 0.0250352 0.00154484 0.025944 0.0349416 0.0402292 0.127695
2.3 6 6 1014 0.0249917 0.00152549 0.0254524 0.0346452 0.0406134 0.127228
2.4 6 6 1014 0.0249244 0.0017778 0.0254866 0.0348095 0.0416852 0.128683
2.5 6 6 1014 0.028467 0.00186604 0.027256 0.108623 0.0418783 0.20809
2.6 6 6 1014 0.0251073 0.00165003 0.0257136 0.0349557 0.041838 0.129265
2.7 6 6 1014 0.025109 0.00172261 0.0256012 0.0348277 0.04226 0.129521
2.8 6 7 1014 0.025281 0.00166785 0.0263168 0.107958 0.042058 0.203281
2.9 6 7 1014 0.0252113 0.0015589 0.0256578 0.0348112 0.042163 0.129402
3 6 7 1014 0.0248757 0.00258979 0.0255846 0.0349444 0.0423772 0.130372
3.1 6 7 1014 0.025107 0.00152965 0.0258101 0.0349916 0.0421032 0.129542
3.2 6 7 1014 0.0250787 0.00248738 0.0260344 0.0350084 0.0427411 0.13135
3.3 6 7 1014 0.0256721 0.00193054 0.0263561 0.108112 0.0426607 0.204732
3.4 6 7 1014 0.0257507 0.00172413 0.0272305 0.109554 0.0433165 0.207575
3.5 6 7 1014 0.0268648 0.00159466 0.0277003 0.0375675 0.0426883 0.136415
3.6 8 7 1014 0.0278713 0.00162899 0.0277229 0.0375899 0.0429893 0.137802
3.7 7 7 1027 0.0269396 0.00206429 0.0269799 0.0394196 0.0452766 0.14068
3.8 7 7 1020 0.0267519 0.00193917 0.0270193 0.110879 0.0440898 0.210679
3.9 7 7 1020 0.0275919 0.00179568 0.0275748 0.110762 0.0438223 0.211546
4 8 7 1020 0.0250857 0.00193662 0.0259762 0.109111 0.0440363 0.206146
4.1 8 7 1027 0.0251303 0.00213909 0.0261724 0.0369671 0.0442673 0.134676
4.2 8 7 1027 0.0261698 0.00194601 0.0259744 0.0370536 0.0441574 0.135301
4.3 8 7 1027 0.0249789 0.00242325 0.0264494 0.109607 0.0437981 0.207257
4.4 8 7 1027 0.0250489 0.00321729 0.025987 0.0373946 0.0437418 0.13539
4.5 8 7 1027 0.0251365 0.00201473 0.02633 0.0375533 0.0439798 0.135014
4.6 8 7 1027 0.0251359 0.00206129 0.0259803 0.0376495 0.0438569 0.134684
4.7 8 7 1027 0.0250702 0.00190881 0.0261587 0.0374525 0.0439919 0.134582
4.8 8 7 1027 0.0250907 0.00202936 0.0261892 0.110772 0.0431792 0.20726
4.9 8 9 1027 0.0251042 0.00196583 0.0263177 0.0384002 0.0433487 0.135137
5 8 9 1027 0.025023 0.00209964 0.0261939 0.110885 0.0438811 0.208083
5.1 8 9 1027 0.0250771 0.00350976 0.0263154 0.0380467 0.0442433 0.137192
5.2 8 9 1027 0.0266012 0.00229996 0.0284176 0.0380957 0.0438044 0.139219
5.3 8 10 1027 0.0256573 0.0019155 0.0259307 0.0377067 0.0438113 0.135021
5.4 8 11 1027 0.0250548 0.00189493 0.0260985 0.0377487 0.0436068 0.134404
5.5 8 11 1027 0.0250574 0.00190329 0.026331 0.0376918 0.0438896 0.134873
5.6 8 12 1027 0.0250361 0.00250176 0.0261166 0.110225 0.04423 0.208109
5.7 8 12 1027 0.0250911 0.00191189 0.0261588 0.110633 0.0441213 0.207916
5.8 8 12 1027 0.0250646 0.00188978 0.0259199 0.0378782 0.044149 0.134901
5.9 8 12 1027 0.0250655 0.00187456 0.0259509 0.0378235 0.0441561 0.134871
6 8 12 1027 0.0251006 0.00209456 0.026108 0.111622 0.0451384 0.210064
# measure: correlator(0,0) 0.00645298 s, O(L^2) version 0.0157622 s, n0=0.871615979846 |diff|=0
