# SIAM excitation B=c_0up^dag|gs> (normalized), method=star_gs
# L=100 U=0.1 V=0.1 dt=0.1 tmax=50 cutoff=1e-12 max_bond_dim=1024
# E_gs=-30.9227535891 gs_bond_dim=33 gs_wall_s=42.858751
# nrm=1  G00(t) = -i nrm^2 exp(i E_gs t) A(t)
# t  n_active  bond_dim  wall_s  n0up  n0dw  ReA  ImA
0 100 33 0.015893 0.500000000269 0.499999999701 1 0
0.1 100 31 0.655035 0.500000000254 0.499999999707 -0.998784148676 0.0492973055629
0.2 100 30 0.718162 0.500000000209 0.499999999662 0.995139551316 -0.0984747347393
0.3 100 30 0.712714 0.500000000113 0.499999999644 -0.989075070495 0.147412702645
0.4 100 30 0.715789 0.499999999963 0.499999999567 0.980605453223 -0.195992206693
0.5 100 30 0.743337 0.499999999783 0.499999999378 -0.969751295091 0.244095115978
0.6 100 30 0.726468 0.499999999637 0.499999999247 0.956538990185 -0.291604458526
0.7 100 30 0.740034 0.499999999546 0.499999999093 -0.941000666899 0.338404705746
0.8 100 30 0.737775 0.499999999501 0.49999999896 0.923174109817 -0.384382053352
0.9 100 30 0.72973 0.499999999463 0.499999998794 -0.903102667823 0.429424698108
1 100 30 0.747495 0.499999999411 0.499999998598 0.880835148697 -0.473423109697
1.1 100 30 0.719889 0.499999999348 0.499999998428 -0.856425700422 0.516270297064
1.2 100 30 0.740244 0.499999999302 0.4999999982 0.82993367952 -0.557862068592
1.3 100 30 0.732569 0.499999999276 0.499999998043 -0.801423506705 0.59809728546
1.4 100 30 0.734464 0.499999999247 0.499999997924 0.770964510241 -0.636878107586
1.5 100 30 0.736527 0.499999999154 0.499999997822 -0.73863075735 0.674110231542
1.6 100 30 0.740953 0.499999998956 0.499999997768 0.704500874104 -0.709703119875
1.7 100 30 0.730444 0.499999998664 0.499999997841 -0.668657854228 0.743570221265
1.8 100 30 0.734504 0.499999998307 0.499999997845 0.63118885729 -0.775629180992
1.9 100 30 0.741135 0.499999997923 0.499999997927 -0.592184996747 0.805802041199
2 100 30 0.738676 0.49999999756 0.499999998034 0.55174111839 -0.834015430463
2.1 100 30 0.743024 0.499999997256 0.49999999813 -0.509955569704 0.86020074221
2.2 100 30 0.722274 0.499999997028 0.499999998212 0.466929960718 -0.884294301551
2.3 100 30 0.716769 0.499999996884 0.499999998151 -0.422768916918 0.906237520112
2.4 100 30 0.718881 0.499999996799 0.499999998066 0.377579824831 -0.925977038512
2.5 100 30 0.716625 0.499999996754 0.499999997871 -0.331472570891 0.943464856112
2.6 100 30 0.725487 0.499999996711 0.499999997759 0.284559274228 -0.958658447739
2.7 100 30 0.720953 0.499999996682 0.499999997606 -0.23695401403 0.971520867097
2.8 100 30 0.74641 0.499999996693 0.499999997528 0.188772552132 -0.982020836608
2.9 100 30 0.734302 0.499999996781 0.499999997592 -0.140132051523 0.990132823467
3 100 30 0.722368 0.499999996963 0.499999997736 0.0911507914354 -0.995837101734
3.1 100 30 0.734045 0.499999997165 0.499999998232 -0.0419478797287 0.999119800302
3.2 100 30 0.715883 0.499999997368 0.499999998732 -0.0073570367475 -0.999972936623
3.3 100 30 0.733699 0.499999997531 0.499999999247 0.0566440630982 0.998394436124
3.4 100 30 0.735833 0.499999997673 0.499999999681 -0.105793347932 -0.994388137249
3.5 100 30 0.741009 0.499999997837 0.500000000089 0.154685374803 0.987963782125
3.6 100 30 0.726116 0.499999998232 0.500000000402 -0.203201252841 -0.979136992872
3.7 100 30 0.715085 0.499999998718 0.500000000707 0.251223005858 0.967929233619
3.8 100 30 0.716412 0.499999999295 0.500000001004 -0.298633859231 -0.954367758302
3.9 100 30 0.716033 0.49999999994 0.500000001246 0.345318523863 0.938485544397
4 100 30 0.719621 0.500000000625 0.500000001519 -0.391163476532 -0.920321212725
4.1 100 30 0.716376 0.500000001313 0.500000001878 0.436057235947 0.899918933539
4.2 100 30 0.716992 0.500000001996 0.500000002336 -0.479890633834 -0.877328319116
4.3 100 30 0.725124 0.500000002669 0.500000002864 0.522557080404 0.852604303111
4.4 100 30 0.735997 0.50000000325 0.500000003453 -0.563952823547 -0.82580700698
4.5 100 30 0.723671 0.500000003729 0.500000004022 0.603977201126 0.797001593778
4.6 100 30 0.743222 0.500000004068 0.500000004579 -0.642532885756 -0.766258109703
4.7 100 30 0.744591 0.500000004276 0.500000005196 0.679526121478 0.733651313768
4.8 100 30 0.752245 0.500000004391 0.500000005839 -0.714866951743 -0.699260496003
4.9 100 30 0.679511 0.500000004412 0.500000006412 0.74846943816 0.66316928465
5 100 30 0.514532 0.500000004327 0.500000006765 -0.780251869476 -0.625465442804
5.1 100 30 0.505443 0.500000004105 0.500000006878 0.810136960269 0.586240654995
5.2 100 30 0.500689 0.500000003773 0.50000000669 -0.838052038884 -0.545590304243
5.3 100 30 0.52212 0.500000003408 0.500000006352 0.863929224152 0.503613240114
5.4 100 30 0.504478 0.500000002998 0.500000005921 -0.887705590453 -0.460411538344
5.5 100 30 0.502169 0.500000002613 0.500000005298 0.909323320735 0.416090252624
5.6 100 30 0.51834 0.500000002254 0.50000000449 -0.928729847106 -0.370757159144
5.7 100 30 0.521821 0.500000001919 0.500000003564 0.945877978665 0.324522494504
5.8 100 30 0.515441 0.500000001552 0.50000000245 -0.960726016255 -0.27749868766
5.9 100 30 0.501302 0.500000001131 0.500000001289 0.973237853863 0.229800086528
6 100 30 0.506924 0.500000000724 0.500000000157 -0.983383066423 -0.18154267992
6.1 100 30 0.511511 0.500000000331 0.4999999993 0.991136983794 0.132843815501
6.2 100 30 0.499532 0.50000000007 0.499999998415 -0.996480750754 -0.0838219144257
6.3 100 30 0.502563 0.499999999906 0.499999997763 0.999401372851 0.0345961833808
6.4 100 30 0.564262 0.499999999803 0.499999997383 -0.999891748001 0.0147136752942
6.5 100 30 0.52023 0.499999999682 0.499999997165 0.997950683757 -0.0639877546863
6.6 100 30 0.644821 0.499999999454 0.499999997157 -0.99358290021 0.113106234887
6.7 100 30 0.714063 0.499999999067 0.499999997375 0.986799018512 -0.161949674359
6.8 100 30 0.647047 0.499999998526 0.499999997708 -0.977615535044 0.210399300381
6.9 100 30 0.714306 0.499999997896 0.499999998043 0.966054781308 -0.258337297872
7 100 30 0.717924 0.499999997233 0.499999998197 -0.95214486962 0.305647095876
7.1 100 30 0.722856 0.49999999658 0.499999998161 0.935919624747 -0.352213651032
7.2 100 30 0.632369 0.499999995932 0.499999997953 -0.917418501661 0.397923727327
7.3 100 30 0.634338 0.499999995233 0.499999997767 0.896686489591 -0.442666171448
7.4 100 30 0.712647 0.49999999446 0.499999997606 -0.873774002626 0.486332183075
7.5 100 30 0.70614 0.499999993614 0.499999997449 0.848736757121 -0.528815579453
7.6 100 30 0.688425 0.499999992744 0.499999997303 -0.82163563621 0.570013053596
7.7 100 30 0.584674 0.499999991921 0.49999999719 0.792536541762 -0.609824425497
7.8 100 30 0.520419 0.499999991208 0.499999997105 -0.76151023412 0.648152885738
7.9 100 30 0.514433 0.499999990638 0.499999996856 0.728632160039 -0.684905230902
8 100 30 0.50575 0.499999990205 0.499999996562 -0.693982269218 0.719992090215
8.1 100 30 0.558378 0.499999989888 0.49999999598 0.657644819887 -0.753328142867
8.2 100 30 0.591144 0.499999989667 0.499999994934 -0.619708173918 0.784832325494
8.3 100 30 0.514747 0.499999989504 0.499999993617 0.580264581952 -0.81442802929
8.4 100 30 0.51512 0.499999989361 0.499999992137 -0.539409959076 0.842043286304
8.5 100 30 0.514471 0.499999989209 0.499999990607 0.497243651584 -0.867610944445
8.6 100 30 0.520043 0.499999988987 0.499999989228 -0.453868195396 0.89106883077
8.7 100 30 0.519481 0.499999988657 0.499999988045 0.409389066723 -0.912359902675
8.8 100 30 0.589152 0.499999988183 0.499999987204 -0.36391442558 0.931432386605
8.9 100 30 0.537724 0.499999987558 0.499999986632 0.317554852771 -0.94823990395
9 100 30 0.520708 0.4999999868 0.499999986324 -0.270423080991 0.962741583826
9.1 100 30 0.518639 0.499999985948 0.499999986128 0.222633720694 -0.974902162461
9.2 100 30 0.518784 0.499999985053 0.499999986193 -0.174302981393 0.984692068943
9.3 100 30 0.662963 0.499999984205 0.499999986294 0.125548389073 -0.99208749713
9.4 100 30 0.700776 0.49999998343 0.499999986436 -0.0764885004051 0.997070463542
9.5 100 30 0.701541 0.499999982771 0.499999986444 0.0272426144497 -0.999628851084
9.6 100 30 0.704532 0.499999982268 0.499999986413 0.0220695174429 0.99975643852
9.7 100 30 0.685555 0.499999981968 0.49999998627 -0.0713279828319 -0.997452915594
9.8 100 30 0.515653 0.499999981917 0.499999986052 0.120412999777 0.99272388379
9.9 100 30 0.523128 0.499999982151 0.499999985789 -0.169205208115 -0.985580842706
10 100 30 0.57582 0.499999982702 0.499999985533 0.217585959702 0.976041162094
10.1 100 30 0.70085 0.499999983592 0.499999985396 -0.265437606939 -0.964128039621
10.2 100 30 0.589404 0.499999984805 0.499999985413 0.312643788849 0.949870444459
10.3 100 30 0.515114 0.499999986327 0.499999985532 -0.359089714035 -0.933303046837
10.4 100 30 0.519812 0.49999998814 0.499999985794 0.40466243982 0.914466133742
10.5 100 30 0.528707 0.499999990217 0.499999986258 -0.449251146884 -0.893405510944
10.6 100 30 0.518477 0.499999992438 0.49999998703 0.492747408753 0.870172391615
10.7 100 30 0.523663 0.499999994791 0.49999998794 -0.535045455452 -0.844823271792
10.8 100 30 0.685184 0.499999997186 0.499999988933 0.57604243071 0.817419792997
10.9 100 30 0.540092 0.499999999625 0.49999999005 -0.615638642074 -0.788028592341
11 100 30 0.582921 0.500000001995 0.499999991071 0.653737803332 0.756721140484
11.1 100 30 0.697108 0.500000004306 0.499999992088 -0.690247268655 -0.72357356784
11.2 100 30 0.698976 0.500000006599 0.499999993166 0.725078257878 0.688666479447
11.3 100 30 0.699152 0.500000008844 0.499999994243 -0.758146072395 -0.652084758964
11.4 100 30 0.704749 0.500000011128 0.499999995362 0.789370301113 0.613917362258
11.5 100 30 0.706035 0.500000013425 0.499999996672 -0.818675015993 -0.574257101088
11.6 100 30 0.704218 0.500000015775 0.499999998214 0.845988956684 0.533200417414
11.7 100 30 0.68888 0.500000018073 0.500000000074 -0.871245703803 -0.490847148882
11.8 100 30 0.651186 0.500000020239 0.500000002353 0.894383840453 0.447300286047
11.9 100 30 0.587936 0.500000022355 0.500000005038 -0.915347101565 -0.40266572193
12 100 30 0.516332 0.500000024432 0.500000007951 0.934084510722 0.357051994518
12.1 100 30 0.530487 0.500000026464 0.500000011114 -0.950550504118 -0.310570022832
12.2 100 30 0.535495 0.500000028436 0.500000014341 0.964705041352 0.263332837204
12.3 100 30 0.546197 0.500000030287 0.500000017551 -0.9765137028 -0.215455304423
12.4 100 30 0.534128 0.500000032067 0.500000020472 0.985947773308 0.167053848412
12.5 100 30 0.528044 0.500000033734 0.500000023103 -0.992984312022 -0.118246167118
12.6 100 30 0.530616 0.500000035299 0.50000002556 0.997606208173 0.0691509463083
12.7 100 30 0.533343 0.500000036862 0.500000027822 -0.999802222683 -0.0198875709607
12.8 100 30 0.643885 0.500000038382 0.500000029839 0.999567015498 -0.0294241650456
12.9 100 30 0.709571 0.500000039912 0.500000031651 -0.996901158572 0.0786643502323
13 100 30 0.536268 0.500000041286 0.500000033204 0.991811134477 -0.127713247112
13.1 100 30 0.619093 0.500000042496 0.500000034412 -0.984309320637 0.176451583352
13.2 100 30 0.737278 0.500000043476 0.500000035218 0.974413959233 -0.224760841813
13.3 100 30 0.714693 0.5000000442 0.500000035668 -0.962149112841 0.272523548744
13.4 100 30 0.526568 0.500000044678 0.500000035732 0.94754460592 -0.319623559444
13.5 100 30 0.599723 0.500000044935 0.50000003539 -0.930635952289 0.365946340694
13.6 100 30 0.547152 0.500000045002 0.500000034727 0.911464268764 -0.411379249265
13.7 100 30 0.529567 0.500000044822 0.50000003383 -0.89007617518 0.455811805833
13.8 100 30 0.543003 0.500000044343 0.500000032801 0.866523681019 -0.499135963635
13.9 100 30 0.540781 0.500000043533 0.500000031689 -0.840864058943 0.5412463712
14 100 30 0.575962 0.500000042323 0.5000000305 0.813159705524 -0.582040628541
14.1 100 30 0.578175 0.500000040772 0.500000029353 -0.78347798951 0.621419536154
14.2 100 30 0.526592 0.500000038895 0.500000028174 0.751891088007 -0.659287336247
14.3 100 30 0.534986 0.500000036687 0.500000026983 -0.718475810968 0.69555194559
14.4 100 30 0.702219 0.500000033904 0.500000025777 0.68331341441 -0.730125179437
14.5 100 30 0.744272 0.500000030785 0.500000024415 -0.646489402824 0.762922965965
14.6 100 30 0.745965 0.500000027358 0.500000022947 0.608093321257 -0.793865550709
14.7 100 30 0.735313 0.500000023808 0.500000021398 -0.568218537561 0.822877690506
14.8 100 30 0.728174 0.500000020395 0.500000019701 0.526962015353 -0.849888836458
14.9 100 30 0.733393 0.500000016826 0.500000017933 -0.484424078225 0.874833305491
15 100 29 0.738342 0.500000013091 0.500000016064 0.440708165792 -0.897650440073
15.1 100 29 0.736069 0.500000009193 0.500000014079 -0.395920582154 0.918284755719
15.2 100 29 0.722052 0.50000000517 0.500000011832 0.350170237394 -0.93668607591
15.3 100 29 0.71032 0.500000001079 0.50000000939 -0.303568382746 0.952809654105
15.4 100 29 0.709793 0.499999996984 0.500000006693 0.256228340064 -0.966616282559
15.5 100 29 0.701402 0.499999992942 0.500000003782 -0.208265226254 0.978072387655
15.6 100 29 0.71066 0.499999988991 0.500000000571 0.159795673345 -0.987150111553
15.7 100 29 0.703115 0.499999985175 0.499999997136 -0.110937544876 0.993827379929
15.8 100 29 0.702506 0.499999981514 0.499999993671 0.061809649288 -0.99808795565
15.9 100 29 0.690461 0.499999978025 0.499999990009 -0.0125314510132 0.999921478265
16 100 29 0.689172 0.499999974712 0.499999986207 -0.0367772200241 -0.99932348919
16.1 100 29 0.706992 0.499999971583 0.49999998241 0.0859964597987 0.996295442558
16.2 100 29 0.707519 0.499999968666 0.499999978593 -0.135006581756 -0.990844701677
16.3 100 29 0.709589 0.499999966011 0.499999974776 0.183688407853 0.982984521129
16.4 100 29 0.712285 0.499999963668 0.499999970984 -0.231923558365 -0.972734014536
16.5 100 29 0.711858 0.499999961647 0.499999967355 0.279594739751 0.96011810808
16.6 100 29 0.721885 0.499999959916 0.499999963914 -0.326586029872 -0.945167479895
16.7 100 29 0.697697 0.499999958429 0.499999960768 0.372783159886 0.927918485464
16.8 100 29 0.704015 0.499999957158 0.499999958001 -0.418073792109 -0.90841306921
16.9 100 29 0.714958 0.499999956111 0.499999955714 0.462347793192 0.886698662506
17 100 29 0.717345 0.499999955314 0.49999995397 -0.50549750193 -0.862828068332
17.1 100 29 0.714341 0.499999954774 0.499999952687 0.547417991063 0.836859332875
17.2 100 29 0.713344 0.499999954447 0.499999951795 -0.588007322427 -0.808855604377
17.3 100 29 0.712203 0.499999954241 0.499999951339 0.627166794838 0.778884979578
17.4 100 29 0.715873 0.499999954075 0.49999995127 -0.664801184105 -0.747020338125
17.5 100 29 0.71556 0.49999995391 0.499999951573 0.700818974583 0.713339165351
17.6 100 29 0.70998 0.499999953767 0.499999952272 -0.735132581718 -0.677923363852
17.7 100 29 0.715182 0.49999995368 0.499999953391 0.76765856502 0.640859054326
17.8 100 29 0.691277 0.499999953668 0.499999954831 -0.79831783097 -0.602236366151
17.9 100 29 0.708939 0.499999953754 0.499999956568 0.82703582535 0.562149218221
18 100 29 0.711275 0.499999953848 0.499999958612 -0.853742714538 -0.520695090559
18.1 100 29 0.709678 0.499999954019 0.49999996084 0.878373555322 0.477974787274
18.2 100 29 0.720351 0.499999954245 0.499999963403 -0.90086845282 -0.434092191443
18.3 100 29 0.711992 0.499999954551 0.499999966139 0.921172706132 0.389154012487
18.4 100 29 0.709302 0.499999954882 0.499999969095 -0.939236941352 -0.343269526696
18.5 100 29 0.711657 0.499999955278 0.499999972161 0.95501723163 0.296550311494
18.6 100 29 0.71066 0.499999955741 0.499999975299 -0.968475203995 -0.249109974119
18.7 100 29 0.710551 0.499999956296 0.499999978468 0.979578132658 0.201063875365
18.8 100 29 0.708864 0.499999956986 0.499999981579 -0.988299018599 -0.152528849056
18.9 100 29 0.713343 0.499999957832 0.499999984751 0.994616655217 0.103622917943
19 100 29 0.712965 0.499999958832 0.499999987865 -0.998515679898 -0.054465006709
19.1 100 29 0.714555 0.499999959901 0.49999999104 0.999986611374 0.00517465277442
19.2 100 29 0.708233 0.499999961065 0.499999994057 -0.999025872776 0.0441282843769
19.3 100 29 0.710434 0.499999962325 0.499999996913 0.995635800336 -0.0933239146629
19.4 100 29 0.70323 0.499999963764 0.49999999935 -0.9898246377 0.14229260894
19.5 100 29 0.709693 0.49999996534 0.500000001535 0.98160651589 -0.190915289906
19.6 100 29 0.710961 0.499999967045 0.500000003494 -0.971001418933 0.239073721659
19.7 100 29 0.713948 0.499999968948 0.500000005233 0.958035135271 -0.286650797215
19.8 100 29 0.695313 0.499999970937 0.500000006783 -0.942739195051 0.333530823272
19.9 100 29 0.716235 0.499999973026 0.500000008166 0.92515079345 -0.37959980155
20 100 29 0.710282 0.499999975245 0.500000009416 -0.905312700231 0.424745705991
20.1 100 29 0.717984 0.499999977601 0.500000010627 0.883273155738 -0.468858755182
20.2 100 29 0.700537 0.49999997995 0.500000011771 -0.859085753588 0.511831679305
20.3 100 29 0.698834 0.499999982353 0.500000012907 0.832809310351 -0.553559980986
20.4 100 29 0.69415 0.499999984781 0.500000013953 -0.804507722524 0.593942189406
20.5 100 29 0.69719 0.499999987247 0.500000014883 0.774249811152 -0.632880107041
20.6 100 29 0.695887 0.499999989792 0.500000015765 -0.742109154477 0.670279048456
20.7 100 29 0.70598 0.499999992439 0.500000016723 0.708163909019 -0.706048070545
20.8 100 29 0.702115 0.499999995179 0.500000017728 -0.672496619521 0.740100193683
20.9 100 29 0.703883 0.499999997955 0.500000018774 0.635194018224 -0.772352613234
21 100 29 0.702302 0.500000000717 0.500000019836 -0.596346813962 0.802726900904
21.1 100 29 0.700925 0.50000000343 0.500000020976 0.556049471584 -0.831149195457
21.2 100 29 0.704661 0.500000006094 0.50000002215 -0.514399982243 0.857550382325
21.3 100 29 0.702402 0.500000008711 0.500000023323 0.471499625113 -0.881866261672
21.4 100 29 0.70607 0.500000011265 0.50000002449 -0.427452721103 0.904037704512
21.5 100 29 0.704564 0.500000013722 0.500000025681 0.382366379187 -0.924010796487
21.6 100 29 0.702624 0.500000016046 0.50000002684 -0.336350235942 0.941736968978
21.7 100 29 0.698498 0.500000018228 0.500000027859 0.289516188942 -0.957173117204
21.8 100 29 0.700041 0.500000020277 0.500000028699 -0.241978124665 0.970281705043
21.9 100 29 0.70158 0.500000022205 0.500000029359 0.193851641545 -0.981030856308
22 100 29 0.701751 0.500000024007 0.500000029839 -0.145253768878 0.989394432259
22.1 100 29 0.690029 0.500000025669 0.500000030187 0.0963026822399 -0.995352095166
22.2 100 29 0.697015 0.500000027168 0.500000030438 -0.0471174161158 0.998889357765
22.3 100 29 0.697039 0.50000002849 0.500000030547 -0.00218242555303 -0.999997618485
22.4 100 29 0.695409 0.50000002963 0.500000030641 0.0514769602119 0.998674182366
22.5 100 29 0.699178 0.500000030582 0.500000030635 -0.100646318211 -0.994922267611
22.6 100 29 0.718842 0.500000031344 0.50000003053 0.149570934294 0.98875099776
22.7 100 29 0.713612 0.500000031948 0.500000030392 -0.198131838342 -0.980175379508
22.8 100 29 0.713195 0.500000032344 0.500000030128 0.246210944678 0.969216266206
22.9 100 29 0.714124 0.500000032604 0.500000029843 -0.293691339212 -0.955900307161
23 100 29 0.711508 0.500000032764 0.500000029425 0.340457563743 0.940259882824
23.1 100 29 0.711899 0.500000032846 0.500000028969 -0.386395896722 -0.922333026056
23.2 100 29 0.742619 0.500000032837 0.500000028385 0.431394629782 0.902163329643
23.3 100 29 0.735141 0.500000032758 0.500000027641 -0.475344339386 -0.879799840288
23.4 100 29 0.707154 0.500000032643 0.500000026801 0.518138152909 0.855296939348
23.5 100 29 0.72582 0.500000032535 0.500000025781 -0.559672008523 -0.82871421059
23.6 100 29 0.718047 0.500000032452 0.500000024611 0.599844908242 0.800116295306
23.7 100 29 0.717439 0.500000032397 0.500000023308 -0.63855916352 -0.769572735122
23.8 100 29 0.714529 0.500000032342 0.50000002186 0.675720632799 0.737157802894
23.9 100 29 0.714155 0.500000032268 0.500000020241 -0.711238950439 -0.702950322097
24 100 29 0.717096 0.500000032141 0.50000001854 0.745027746452 0.667033475153
24.1 100 29 0.736002 0.500000031924 0.500000016741 -0.777004856534 -0.629494601153
24.2 100 29 0.711218 0.500000031645 0.500000014892 0.807092521862 0.590424983475
24.3 100 29 0.711987 0.500000031305 0.50000001301 -0.835217578182 -0.549919627812
24.4 100 29 0.728451 0.500000030888 0.500000011107 0.861311633721 0.508077031143
24.5 100 29 0.743747 0.500000030419 0.500000009205 -0.885311235493 -0.464998942222
24.6 100 29 0.738941 0.500000029871 0.500000007163 0.907158023606 0.420790114149
24.7 100 29 0.75229 0.500000029279 0.500000005134 -0.926798873166 -0.375558049649
24.8 100 29 0.717409 0.500000028693 0.500000003161 0.944186023469 0.329412739651
24.9 100 29 0.722959 0.500000028148 0.500000001166 -0.959277194134 -0.282466395828
25 100 29 0.734757 0.500000027635 0.499999999267 0.972035687923 0.234833177728
25.1 100 29 0.754566 0.500000027064 0.49999999741 -0.982430479973 -0.186628915171
25.2 100 29 0.726616 0.500000026458 0.4999999955 0.99043629324 0.13797082659
25.3 100 29 0.715739 0.500000025804 0.49999999365 -0.996033659968 -0.0889772339876
25.4 100 29 0.723648 0.500000025112 0.499999991922 0.999208969025 0.0397672752111
25.5 100 29 0.711105 0.50000002445 0.499999990244 -0.999954499003 0.00953938575321
25.6 100 29 0.708957 0.500000023738 0.499999988791 0.998268436996 -0.0588228497681
25.7 100 29 0.710879 0.50000002294 0.499999987444 -0.994154883005 0.107963274104
25.8 100 29 0.709375 0.500000022027 0.499999986155 0.987623839969 -0.156841163863
25.9 100 29 0.713748 0.500000020912 0.499999984993 -0.978691189444 0.205337662551
26 100 29 0.716723 0.500000019748 0.499999983944 0.967378652979 -0.253334841105
26.1 100 29 0.741411 0.500000018495 0.499999982976 -0.953713739299 0.300715984659
26.2 100 29 0.739428 0.50000001717 0.499999982104 0.937729677411 -0.347365876363
26.3 100 29 0.732592 0.500000015701 0.499999981328 -0.919465335799 0.393171077551
26.4 100 29 0.726086 0.500000014184 0.499999980635 0.898965127911 -0.438020203595
26.5 100 29 0.743543 0.500000012637 0.499999980112 -0.876278904157 0.481804194759
26.6 100 29 0.759252 0.500000011093 0.499999979538 0.851461830687 -0.524416581394
26.7 100 29 0.734351 0.500000009567 0.499999979045 -0.824574255243 0.565753742849
26.8 100 29 0.723512 0.500000008072 0.499999978489 0.795681560414 -0.605715159439
26.9 100 29 0.723469 0.500000006617 0.499999977989 -0.764854004642 0.644203656883
27 100 29 0.724453 0.500000005224 0.499999977494 0.732166551374 -0.6811256426
27.1 100 29 0.70586 0.500000003918 0.499999977 -0.697698686777 0.7163913333
27.2 100 29 0.70705 0.500000002703 0.499999976585 0.661534226449 -0.74991497331
27.3 100 29 0.71022 0.500000001618 0.499999976212 -0.623761111602 0.781615043107
27.4 100 29 0.717369 0.500000000572 0.499999975875 0.584471195218 -0.811414457548
27.5 100 29 0.728015 0.499999999564 0.499999975678 -0.543760018693 0.839240753318
27.6 100 29 0.739292 0.499999998588 0.49999997555 0.501726579499 -0.86502626514
27.7 100 29 0.73301 0.499999997764 0.49999997548 -0.458473090462 0.888708290318
27.8 100 29 0.731723 0.499999997139 0.499999975521 0.414104731205 -0.910229241209
27.9 100 29 0.73171 0.499999996714 0.499999975644 -0.368729392384 0.929536785259
28 100 29 0.731633 0.499999996439 0.499999975833 0.322457413329 -0.946583972264
28.1 100 29 0.732304 0.499999996245 0.499999976102 -0.275401313734 0.961329348533
28.2 100 29 0.740852 0.499999996096 0.49999997654 0.22767552004 -0.973737057697
28.3 100 29 0.737535 0.499999995995 0.499999977079 -0.179396087186 0.983776927896
28.4 100 29 0.709906 0.499999995948 0.499999977745 0.130680416394 -0.991424545152
28.5 100 29 0.728214 0.499999995944 0.499999978498 -0.0816469696894 0.996661312733
28.6 100 29 0.715119 0.499999995941 0.499999979362 0.0324149818342 -0.999474496378
28.7 100 29 0.720745 0.499999995892 0.499999980332 0.0168958296176 0.999857255262
28.8 100 29 0.702658 0.499999995793 0.499999981471 -0.0661655554361 -0.997808658628
28.9 100 29 0.729015 0.499999995666 0.499999982737 0.115274386299 0.993333688053
29 100 29 0.711599 0.499999995573 0.49999998417 -0.164102904134 -0.986443225337
29.1 100 29 0.731518 0.499999995534 0.499999985667 0.212532372506 0.977154026035
29.2 100 29 0.720038 0.499999995539 0.499999987226 -0.260445025348 -0.965488678717
29.3 100 29 0.722378 0.499999995557 0.499999988925 0.307724353336 0.951475550039
29.4 100 29 0.704199 0.499999995594 0.499999990672 -0.354255387205 -0.935148715764
29.5 100 29 0.718304 0.499999995633 0.499999992485 0.399924977318 0.916547877896
29.6 100 29 0.713268 0.499999995684 0.499999994269 -0.444622068811 -0.895718268143
29.7 100 29 0.712553 0.499999995744 0.49999999606 0.488237971649 0.872710537921
29.8 100 29 0.705146 0.499999995808 0.499999997951 -0.530666624928 -0.847580635188
29.9 100 29 0.699357 0.499999995848 0.499999999793 0.571804854779 0.820389668395
30 100 29 0.689872 0.499999995847 0.500000001549 -0.61155262526 -0.791203757888
30.1 100 29 0.682702 0.499999995837 0.500000003224 0.649813281614 0.760093875121
30.2 100 29 0.688669 0.499999995835 0.500000004789 -0.686493785302 -0.727135670078
30.3 100 29 0.687256 0.499999995847 0.500000006193 0.721504940246 0.692409287314
30.4 100 29 0.686994 0.499999995866 0.500000007505 -0.754761609729 -0.655999171065
30.5 100 29 0.694577 0.499999995892 0.500000008694 0.78618292342 0.617993859905
30.6 100 29 0.690701 0.499999995935 0.500000009741 -0.815692474029 -0.578485771451
30.7 100 29 0.68823 0.499999996003 0.500000010612 0.843218503102 0.537570977625
30.8 100 29 0.688461 0.499999996109 0.500000011359 -0.868694075523 -0.495348971038
30.9 100 29 0.685109 0.49999999623 0.500000011896 0.892057242276 0.451922423056
31 100 29 0.689293 0.499999996315 0.500000012365 -0.913251191087 -0.407396934128
31.1 100 29 0.702926 0.49999999636 0.500000012639 0.932224384573 0.361880777005
31.2 100 29 0.696666 0.499999996384 0.500000012789 -0.948930685572 -0.315484633443
31.3 100 29 0.696332 0.49999999641 0.50000001279 0.963329469326 0.268321325069
31.4 100 29 0.704295 0.499999996372 0.500000012795 -0.975385722275 -0.220505539023
31.5 100 29 0.702376 0.499999996258 0.500000012699 0.985070127198 0.172153549078
31.6 100 29 0.697868 0.499999996037 0.500000012538 -0.992359134502 -0.123382932894
31.7 100 29 0.697286 0.499999995706 0.500000012371 0.997235019487 0.0743122861078
31.8 100 29 0.687853 0.499999995364 0.500000012141 -0.999685925453 -0.0250609339401
31.9 100 29 0.695736 0.499999995033 0.50000001199 0.999705892524 -0.0242513589666
32 100 29 0.692314 0.499999994761 0.500000011816 -0.997294872146 0.0735046797799
32.1 100 29 0.694524 0.499999994563 0.500000011662 0.992458727204 -0.12257925907
32.2 100 29 0.708112 0.499999994376 0.500000011524 -0.985209217765 0.171355762053
32.3 100 29 0.690055 0.499999994208 0.50000001136 0.975563972479 -0.219715578779
32.4 100 29 0.686706 0.499999994035 0.50000001115 -0.963546445716 0.267541112555
32.5 100 29 0.679983 0.499999993848 0.500000010901 0.949185860525 -0.314716065903
32.6 100 29 0.684901 0.499999993691 0.500000010579 -0.932517137581 0.361125723365
32.7 100 29 0.619007 0.499999993526 0.500000010233 0.91358081026 -0.406657230457
32.8 100 29 0.610636 0.499999993312 0.50000000991 -0.89242292608 0.451199868091
32.9 100 29 0.517986 0.49999999309 0.500000009598 0.869094934723 -0.494645321819
33 100 29 0.622241 0.499999992832 0.500000009341 -0.843653562927 0.536887945217
33.1 100 29 0.579167 0.499999992595 0.500000009118 0.816160676542 -0.577825016786
33.2 100 29 0.488543 0.499999992443 0.500000008813 -0.786683130094 0.617356989742
33.3 100 29 0.495071 0.499999992344 0.500000008564 0.755292604209 -0.655387734082
33.4 100 29 0.499291 0.49999999228 0.50000000829 -0.722065431311 0.691824770345
33.5 100 29 0.488103 0.499999992294 0.500000007948 0.687082410005 -0.726579494494
33.6 100 29 0.494291 0.499999992338 0.500000007603 -0.650428608595 0.759567393375
33.7 100 29 0.486762 0.499999992402 0.500000007246 0.612193158227 -0.790708250228
33.8 100 29 0.492611 0.49999999244 0.500000006793 -0.572469036145 0.819926339748
33.9 100 29 0.492377 0.499999992437 0.500000006349 0.531352839602 -0.847150612232
34 100 29 0.494114 0.49999999237 0.500000006 -0.488944550961 0.872314866343
34.1 100 29 0.518836 0.499999992293 0.500000005626 0.44534729457 -0.895357910099
34.2 100 29 0.670555 0.499999992218 0.500000005381 -0.400667085991 0.91622370967
34.3 100 29 0.62144 0.499999992134 0.500000005165 0.355012574205 -0.934861525636
34.4 100 29 0.495205 0.499999991992 0.500000005087 -0.308494777408 0.951226036371
34.5 100 29 0.501104 0.499999991757 0.500000005052 0.26122681305 -0.965277448251
34.6 100 29 0.495667 0.499999991424 0.500000005068 -0.213323622763 0.976981592421
34.7 100 29 0.498724 0.499999990981 0.500000005143 0.164901692862 -0.986310007882
34.8 100 29 0.497375 0.499999990545 0.500000005219 -0.116078771081 0.993240010703
34.9 100 29 0.498225 0.499999990223 0.500000005209 0.0669735802459 -0.997754749178
35 100 29 0.494674 0.499999989916 0.500000005141 -0.0177055295801 0.999843244804
35.1 100 29 0.49909 0.49999998954 0.500000004919 -0.0316055756686 -0.999500418981
35.2 100 29 0.494907 0.499999989111 0.500000004581 0.0808398255559 0.996727105361
35.3 100 29 0.58494 0.499999988658 0.500000004048 -0.129877497027 -0.991530047817
35.4 100 29 0.663391 0.499999988273 0.500000003335 0.178599345046 0.983921884047
35.5 100 29 0.662728 0.499999987919 0.500000002505 -0.226886892569 -0.973921114843
35.6 100 29 0.657388 0.499999987585 0.500000001508 0.274622718638 0.961552059103
35.7 100 29 0.656271 0.499999987259 0.500000000433 -0.321690743919 -0.946844794691
35.8 100 29 0.662088 0.499999986922 0.499999999324 0.367976512973 0.929835085302
35.9 100 29 0.511727 0.499999986627 0.499999998106 -0.413367472572 -0.910564293489
36 100 29 0.496014 0.499999986413 0.499999996899 0.4577532454 0.889079280089
36.1 100 29 0.492006 0.499999986247 0.499999995613 -0.501025898458 -0.865432290264
36.2 100 29 0.496601 0.499999986088 0.499999994276 0.54308020552 0.839680826463
36.3 100 29 0.548221 0.499999985876 0.499999993159 -0.583813903018 -0.811887508587
36.4 100 29 0.490674 0.499999985596 0.499999992127 0.623127938712 0.782119921721
36.5 100 29 0.491339 0.49999998526 0.499999991327 -0.660926712559 -0.750450451784
36.6 100 29 0.491897 0.499999984885 0.499999990629 0.69711830918 0.71695610951
36.7 100 29 0.501042 0.499999984464 0.499999990222 -0.731614721375 -0.681718343178
36.8 100 29 0.503781 0.499999984002 0.499999989812 0.764332064127 0.644822840557
36.9 100 29 0.628076 0.499999983506 0.499999989586 -0.795190778589 -0.606359320539
37 100 29 0.690506 0.499999983013 0.499999989437 0.824115825542 0.566421314966
37.1 100 29 0.690979 0.499999982584 0.499999989353 -0.851036867875 -0.525105941192
37.2 100 29 0.660408 0.499999982254 0.499999989441 0.875888441617 0.482513665919
37.3 100 29 0.506613 0.499999982023 0.499999989593 -0.898610115132 -0.438748060895
37.4 100 29 0.499461 0.499999981885 0.499999989781 0.919146636066 0.393915551058
37.5 100 29 0.506562 0.499999981798 0.499999989995 -0.937448065708 -0.348125155739
37.6 100 29 0.505421 0.499999981819 0.499999990211 0.953469900422 0.301488223563
37.7 100 29 0.503231 0.499999981985 0.4999999904 -0.967173179871 -0.254118161681
37.8 100 29 0.500106 0.499999982323 0.499999990613 0.978524581754 0.206130159996
37.9 100 29 0.505927 0.499999982791 0.499999990938 -0.987496502838 -0.157640911059
38 100 29 0.503286 0.499999983387 0.499999991274 0.994067126079 0.108768326304
38.1 100 29 0.505597 0.499999983997 0.499999991524 -0.998220473674 -0.0596312493241
38.2 100 29 0.505077 0.49999998456 0.499999991783 0.999946445917 0.0103491668781
38.3 100 29 0.505797 0.499999985172 0.49999999203 -0.999240845758 0.0389580816642
38.4 100 29 0.506768 0.499999985871 0.499999992325 0.996105389005 -0.0881705957368
38.5 100 29 0.505848 0.499999986651 0.499999992637 -0.990547700158 0.13716870514
38.6 100 29 0.508609 0.499999987457 0.49999999294 0.982581293863 -0.185833261042
38.7 100 29 0.506745 0.499999988236 0.49999999328 -0.97222554205 0.234045925714
38.8 100 29 0.506976 0.499999988923 0.499999993562 0.95950562683 -0.281689460293
38.9 100 29 0.513204 0.499999989611 0.499999993875 -0.944452479253 0.328648009871
39 100 29 0.513267 0.499999990404 0.499999994161 0.927102704097 -0.374807385218
39.1 100 29 0.512225 0.499999991206 0.499999994526 -0.907498490858 0.420055340461
39.2 100 29 0.509663 0.499999992059 0.499999994821 0.88568751115 -0.464281846027
39.3 100 29 0.511264 0.499999992913 0.499999995111 -0.861722802793 0.507379356207
39.4 100 29 0.507919 0.499999993721 0.499999995436 0.835662640829 -0.549243070672
39.5 100 29 0.516747 0.499999994459 0.499999995757 -0.807570395823 0.589771189317
39.6 100 29 0.514629 0.499999995137 0.499999996043 0.777514379761 -0.62886515981
39.7 100 29 0.511862 0.499999995825 0.499999996332 -0.745567679937 0.66642991724
39.8 100 29 0.513779 0.499999996518 0.499999996521 0.711807981224 -0.702374115286
39.9 100 29 0.56217 0.499999997255 0.499999996721 -0.676317377171 0.736610348349
40 100 29 0.522252 0.49999999806 0.499999996905 0.639182170372 -0.769055364091
40.1 100 29 0.514373 0.499999998914 0.49999999711 -0.600492662609 0.79963026588
40.2 100 29 0.518704 0.499999999781 0.499999997376 0.560342935258 -0.828260704648
40.3 100 29 0.530893 0.500000000618 0.499999997718 -0.518830620518 0.854877059682
40.4 100 29 0.535458 0.500000001404 0.499999998037 0.476056663993 -0.879414607922
40.5 100 29 0.658036 0.500000002094 0.499999998471 -0.432125079226 0.901813681346
40.6 100 29 0.671687 0.50000000274 0.49999999904 0.387142694767 -0.922019812069
40.7 100 29 0.524863 0.500000003341 0.499999999726 -0.341218894399 0.939983864789
40.8 100 29 0.523693 0.500000003869 0.500000000513 0.294465351148 -0.955662156273
40.9 100 29 0.521998 0.500000004296 0.500000001412 -0.246995755727 0.969016561577
41 100 29 0.69306 0.500000004623 0.500000002429 0.198925540078 -0.98001460676
41.1 100 29 0.529954 0.50000000488 0.500000003481 -0.15037159667 0.988629547846
41.2 100 29 0.516732 0.50000000512 0.500000004685 0.101451994254 -0.994840435859
41.3 100 29 0.513636 0.500000005351 0.500000006013 -0.0522856907577 0.998632167768
41.4 100 29 0.515638 0.500000005575 0.500000007443 0.00299224400925 -0.999995523207
41.5 100 29 0.52637 0.500000005832 0.500000008796 0.0463084789869 0.998927186902
41.6 100 29 0.534409 0.500000006025 0.500000010149 -0.0954965935328 -0.995429756729
41.7 100 29 0.507927 0.500000006103 0.500000011498 0.144452488761 0.989511737398
41.8 100 29 0.506594 0.500000006122 0.500000012854 -0.193057118492 -0.981187519773
41.9 100 29 0.511095 0.500000006082 0.500000014178 0.241192290721 0.970477345874
42 100 29 0.51439 0.500000006004 0.500000015439 -0.288740955022 -0.957407259661
42.1 100 29 0.522827 0.500000005892 0.500000016696 0.335587487182 0.942009043696
42.2 100 29 0.513645 0.500000005698 0.500000017849 -0.381617970368 -0.924320141862
42.3 100 29 0.510335 0.500000005418 0.500000018918 0.426720472131 0.904383568307
42.4 100 29 0.517136 0.50000000508 0.500000019943 -0.470785316599 -0.88224780285
42.5 100 29 0.512579 0.500000004721 0.500000020762 0.513705351175 0.85796667309
42.6 100 29 0.511872 0.500000004387 0.500000021432 -0.555376207097 -0.831599223514
42.7 100 29 0.512608 0.500000004101 0.500000021954 0.595696553235 0.803209571919
42.8 100 29 0.512199 0.500000003863 0.500000022358 -0.634568342498 -0.772866753495
42.9 100 29 0.516549 0.500000003653 0.500000022649 0.671897050253 0.740644552953
43 100 29 0.517044 0.50000000344 0.500000022719 -0.707591904184 -0.706621325104
43.1 100 29 0.510866 0.500000003198 0.500000022593 0.74156610502 0.67087980432
43.2 100 29 0.511014 0.500000002921 0.500000022332 -0.773737037607 -0.633506903351
43.3 100 29 0.505657 0.500000002617 0.500000021845 0.804026471805 0.594593501979
43.4 100 29 0.510733 0.500000002298 0.50000002122 -0.832360752717 -0.554234226023
43.5 100 29 0.507398 0.500000001975 0.500000020461 0.858670979796 0.512527217243
43.6 100 29 0.515125 0.500000001631 0.500000019609 -0.882893174395 -0.46957389468
43.7 100 29 0.516309 0.500000001252 0.500000018664 0.90496843534 0.425478708042
43.8 100 29 0.580077 0.5000000008 0.500000017671 -0.92484308216 -0.38034888371
43.9 100 29 0.613152 0.500000000269 0.500000016565 0.942468785624 0.334294163998
44 100 29 0.695472 0.499999999627 0.500000015382 -0.957802685263 -0.287426540288
44.1 100 29 0.70285 0.499999998937 0.500000014195 0.970807493593 0.239859980703
44.2 100 29 0.702783 0.499999998244 0.500000012927 -0.981451586787 -0.191710152973
44.3 100 29 0.67974 0.499999997565 0.500000011729 0.989709081575 0.143094143159
44.4 100 29 0.524317 0.499999996899 0.500000010583 -0.995559898187 -0.0941301709405
44.5 100 29 0.600331 0.499999996276 0.500000009443 0.998989809175 0.0449373021381
44.6 100 29 0.662889 0.499999995584 0.500000008451 -0.999990474016 0.00436484082015
44.7 100 29 0.514941 0.499999994797 0.500000007613 0.998559459392 -0.0536563697835
44.8 100 29 0.517809 0.499999993922 0.500000006892 -0.994700245103 0.102817422411
44.9 100 29 0.514276 0.49999999298 0.50000000629 0.988422215611 -0.151728453643
45 100 29 0.512618 0.499999991993 0.500000005895 -0.979740637218 0.200270526394
45.1 100 29 0.507562 0.499999990959 0.500000005706 0.96867662094 -0.24832560078
45.2 100 29 0.50501 0.499999989861 0.500000005624 -0.955257071175 0.295776821148
45.3 100 29 0.502841 0.499999988622 0.500000005721 0.939514620277 -0.342508800243
45.4 100 29 0.502189 0.499999987286 0.500000005976 -0.921487549206 0.388407899788
45.5 100 29 0.502854 0.499999985879 0.500000006383 0.901219694437 -0.43336250682
45.6 100 29 0.533326 0.499999984434 0.500000006925 -0.878760341366 0.477263305105
45.7 100 29 0.682989 0.499999982974 0.500000007569 0.854164104462 -0.520003540956
45.8 100 29 0.513333 0.499999981495 0.500000008369 -0.827490794458 0.561479282828
45.9 100 29 0.512067 0.499999979971 0.500000009322 0.798805272913 -0.601589674051
46 100 29 0.513995 0.499999978386 0.50000001028 -0.768177294484 0.640237178081
46.1 100 29 0.509626 0.499999976772 0.500000011289 0.735681337308 -0.677327815681
46.2 100 29 0.510918 0.499999975126 0.500000012284 -0.701396421888 0.71277139345
46.3 100 29 0.506123 0.49999997349 0.5000000133 0.665405918944 -0.746481723147
46.4 100 29 0.501081 0.499999971912 0.500000014259 -0.627797346677 0.778376831274
46.5 100 29 0.50956 0.499999970419 0.500000015224 0.58866215795 -0.808379158412
46.6 100 29 0.507992 0.499999969066 0.50000001611 -0.548095517906 0.836415747825
46.7 100 29 0.509972 0.499999967832 0.500000016892 0.506196072549 -0.862418422864
46.8 100 29 0.517131 0.499999966842 0.500000017544 -0.46306570887 0.886323952755
46.9 100 29 0.518537 0.499999966194 0.500000018074 0.41880930709 -0.908074206358
47 100 29 0.520475 0.499999965916 0.50000001845 -0.373534485615 0.927616293526
47.1 100 29 0.517691 0.499999965961 0.500000018623 0.32735133935 -0.944902693712
47.2 100 29 0.51651 0.499999966355 0.50000001862 -0.280372171971 0.959891371533
47.3 100 29 0.513135 0.499999967037 0.500000018438 0.232711222844 -0.97254587898
47.4 100 29 0.520591 0.499999968002 0.500000018063 -0.184484389225 0.982835444055
47.5 100 29 0.528941 0.49999996925 0.500000017533 0.13580894443 -0.990735045595
47.6 100 29 0.524106 0.499999970657 0.500000016822 -0.086803252669 0.996225474119
47.7 100 29 0.531406 0.49999997237 0.500000015913 0.0375864812096 -0.999293378537
47.8 100 29 0.532615 0.499999974338 0.50000001481 0.0117216893949 0.999931298618
47.9 100 29 0.52589 0.499999976541 0.500000013664 -0.0610013563366 -0.99813768313
48 100 29 0.531212 0.499999979064 0.500000012308 0.11013268612 0.993916893611
48.1 100 29 0.530783 0.49999998172 0.500000010901 -0.15899620596 -0.987279193769
48.2 100 29 0.547943 0.499999984655 0.500000009322 0.207473094308 0.978240724513
48.3 100 29 0.546324 0.499999987725 0.500000007763 -0.255445469787 -0.966823464715
48.4 100 29 0.546254 0.499999990867 0.500000006135 0.302796677845 0.953055177754
48.5 100 29 0.544482 0.499999994024 0.500000004587 -0.349411574425 -0.936969344011
48.6 100 29 0.541432 0.499999997112 0.50000000307 0.395176805961 0.918605079449
48.7 100 29 0.544587 0.500000000109 0.500000001728 -0.439981085018 -0.898007040498
48.8 100 29 0.571359 0.500000003013 0.500000000583 0.483715460913 0.875225315466
48.9 100 29 0.581909 0.50000000579 0.499999999572 -0.526273584649 -0.850315302731
49 100 29 0.543714 0.500000008404 0.499999998659 0.567551967525 0.823337576038
49.1 100 29 0.541337 0.50000001083 0.499999997821 -0.607450232789 -0.794357737196
49.2 100 29 0.545831 0.500000013064 0.49999999713 0.645871359724 0.763446256554
49.3 100 29 0.546789 0.500000015121 0.499999996468 -0.682721919574 -0.730678301642
49.4 100 29 0.546514 0.500000017013 0.499999995848 0.717912302737 0.696133554382
49.5 100 29 0.545783 0.500000018755 0.499999995318 -0.751356936665 -0.659896017327
49.6 100 29 0.549124 0.500000020345 0.499999994801 0.782974493953 0.62205380939
49.7 100 29 0.546028 0.50000002182 0.499999994302 -0.812688090105 -0.582698951569
49.8 100 29 0.548009 0.500000023142 0.499999993771 0.84042547049 0.541927143174
49.9 100 29 0.54325 0.50000002423 0.499999993318 -0.866119186048 -0.49983752912
50 100 29 0.552599 0.500000025059 0.499999992778 0.889706757303 0.456532458832
