# SIAM excitation B=c_0up^dag|gs> (normalized), method=star
# L=200 U=0.2 V=0.1 dt=0.1 tmax=100 cutoff=1e-10 max_bond_dim=1024
# E_gs=-62.7923135244 gs_bond_dim=54 gs_wall_s=82.428325
# nrm=0.707106781809  G00(t) = -i nrm^2 exp(i E_gs t) A(t)
# t  n_active  bond_dim  wall_s  n0up  n0dw  ReA  ImA
0 200 54 0.00681899999999 1 0.829592767692 1 0
0.1 200 26 1.188308 0.999958566626 0.829560935114 0.999851620784 -0.0142190340492
0.2 200 24 1.11953 0.999834304791 0.829465476379 0.999406696838 -0.0284285735442
0.3 200 24 1.130794 0.999627467153 0.829306513501 0.99866590208 -0.0426191492298
0.4 200 24 1.128568 0.999338493759 0.829084271384 0.997630369066 -0.0567813488645
0.5 200 24 1.111502 0.998967998986 0.828799062795 0.996301677162 -0.0709058455134
0.6 200 24 1.125339 0.998516768927 0.828451287491 0.994681845035 -0.0849834251993
0.7 200 24 1.109617 0.997985758077 0.828041430206 0.992773321153 -0.0990050138711
0.8 200 24 1.109062 0.99737608549 0.827570059128 0.990578972586 -0.112961703598
0.9 200 24 1.114947 0.996689029758 0.827037822043 0.988102072214 -0.126844777848
1 200 24 1.110157 0.995926024062 0.82644544528 0.985346283627 -0.140645735571
1.1 200 24 1.115036 0.99508865028 0.825793728604 0.982315644888 -0.154356314172
1.2 200 24 1.105587 0.994178632579 0.82508354262 0.97901455052 -0.167968511067
1.3 200 24 1.115352 0.993197829869 0.824315823637 0.97544773199 -0.181474603719
1.4 200 24 1.111362 0.992148228451 0.823491571971 0.97162023751 -0.194867168305
1.5 200 24 1.103251 0.991031934341 0.822611846251 0.967537409439 -0.208139096422
1.6 200 24 1.103697 0.989851164601 0.82167775926 0.963204861532 -0.221283610208
1.7 200 24 1.205731 0.988608238334 0.820690473437 0.958628455261 -0.23429427576
1.8 200 24 1.534454 0.987305565227 0.819651188869 0.95381427446 -0.247165013953
1.9 200 24 1.368863 0.985945640325 0.818561152606 0.948768601204 -0.25989011067
2 200 24 1.120624 0.984531035024 0.817421653882 0.943497890297 -0.272464224508
2.1 200 24 1.120192 0.983064382171 0.81623400548 0.938008742549 -0.284882391841
2.2 200 24 1.130112 0.981548362917 0.81499953194 0.932307877732 -0.297140029198
2.3 200 24 1.272437 0.979985705112 0.813719588352 0.926402110918 -0.309232936885
2.4 200 24 1.532121 0.978379178353 0.812395567967 0.920298327934 -0.32115730044
2.5 200 24 1.520171 0.976731564936 0.811028847551 0.914003455543 -0.332909684126
2.6 200 24 1.535618 0.975045663692 0.809620821709 0.907524440048 -0.344487029498
2.7 200 24 1.532927 0.973324270787 0.808172874242 0.900868220332 -0.355886648794
2.8 200 24 1.521003 0.971570178319 0.806686397044 0.894041707348 -0.367106218167
2.9 200 24 1.528187 0.96978616134 0.805162779586 0.887051758852 -0.378143765992
3 200 24 1.542608 0.967974959558 0.803603373255 0.879905159516 -0.388997668017
3.1 200 24 1.539617 0.966139286307 0.802009546757 0.872608601089 -0.399666629818
3.2 200 24 1.540563 0.964281801879 0.800382632909 0.865168660735 -0.410149675731
3.3 200 24 1.53204 0.962405108056 0.798723929048 0.857591782678 -0.420446130242
3.4 200 24 1.465784 0.960511749683 0.797034722741 0.849884265689 -0.430555607859
3.5 200 24 1.283308 0.958604198745 0.79531627718 0.842052247002 -0.440477994156
3.6 200 24 1.131464 0.956684852922 0.793569817279 0.834101686205 -0.450213426096
3.7 200 24 1.123073 0.954756025224 0.791796538727 0.826038356423 -0.459762276691
3.8 200 24 1.107103 0.952819933957 0.789997594425 0.817867831029 -0.469125130795
3.9 200 24 1.382149 0.950878703157 0.788174121925 0.809595479695 -0.478302776756
4 200 24 1.492542 0.948934343532 0.786327199085 0.801226455374 -0.487296174641
4.1 200 24 1.196101 0.946988783016 0.784457904211 0.792765695442 -0.496106450147
4.2 200 24 1.10122 0.945043827562 0.782567245621 0.784217912088 -0.504734860885
4.3 200 24 1.092291 0.943101172524 0.780656198193 0.775587593824 -0.513182783387
4.4 200 24 1.121696 0.941162408121 0.778725703249 0.766879002141 -0.521451697498
4.5 200 24 1.123693 0.939228979847 0.776776660252 0.758096176216 -0.529543159698
4.6 200 24 1.134236 0.937302227729 0.774809921459 0.749242931331 -0.537458787864
4.7 200 24 1.131385 0.935383353804 0.772826280356 0.740322861574 -0.54520023858
4.8 200 24 1.129286 0.933473474579 0.770826533743 0.731339355239 -0.552769206647
4.9 200 24 1.122718 0.931573569087 0.768811421661 0.722295591046 -0.560167390714
5 200 24 1.127314 0.929684496676 0.766781646532 0.713194548147 -0.567396486125
5.1 200 24 1.128963 0.927807005439 0.764737872345 0.704039015966 -0.574458168405
5.2 200 24 1.129735 0.925941729721 0.76268072531 0.694831603808 -0.581354079288
5.3 200 24 1.109536 0.92408918405 0.760610791327 0.685574750089 -0.588085814968
5.4 200 24 1.122747 0.922249769404 0.758528629322 0.676270732868 -0.594654914039
5.5 200 24 1.139979 0.920423789777 0.756434764903 0.666921684501 -0.601062850197
5.6 200 24 1.119496 0.918611460643 0.754329693731 0.657529617353 -0.60731102486
5.7 200 24 1.125795 0.916812889803 0.752213878941 0.648096398897 -0.613400754319
5.8 200 24 1.122854 0.915028094609 0.750087757909 0.638623804922 -0.619333268677
5.9 200 24 1.122009 0.913257006285 0.747951740903 0.629113501524 -0.625109702336
6 200 24 1.119207 0.911499475538 0.74580621649 0.619567085294 -0.630731095181
6.1 200 24 1.128465 0.90975527825 0.743651549841 0.609986074566 -0.636198385922
6.2 200 24 1.135173 0.908024122122 0.741488090155 0.600371940794 -0.641512415511
6.3 200 24 1.134569 0.906305652581 0.73931615777 0.590726106123 -0.646673921102
6.4 200 24 1.143299 0.90459945922 0.737136059729 0.581049967308 -0.651683542068
6.5 200 24 1.144271 0.902905082172 0.73494808338 0.571344903174 -0.656541820663
6.6 200 24 1.114825 0.901222017888 0.73275251256 0.561612287221 -0.661249207772
6.7 200 24 1.12176 0.899549725644 0.730549614244 0.551853499685 -0.665806065422
6.8 200 24 1.211895 0.897887634339 0.72833964386 0.54206993262 -0.670212669918
6.9 200 24 1.140262 0.896235149026 0.72612284824 0.532263005436 -0.674469220908
7 200 24 1.13329 0.894591656854 0.723899469748 0.522434171651 -0.678575848004
7.1 200 24 1.135885 0.892956533108 0.721669738483 0.512584926809 -0.682532615832
7.2 200 24 1.137775 0.891329147048 0.719433882634 0.502716815544 -0.686339534313
7.3 200 24 1.142115 0.88970886764 0.717192127194 0.492831438637 -0.68999656708
7.4 200 24 1.137911 0.888095068784 0.714944697816 0.482930454592 -0.693503639282
7.5 200 24 1.134477 0.886487134927 0.712691811091 0.47301558927 -0.696860645446
7.6 200 24 1.122025 0.884884465464 0.710433687057 0.463088636217 -0.700067461979
7.7 200 24 1.13493 0.883286479627 0.708170542931 0.453151460182 -0.703123954262
7.8 200 24 1.132339 0.881692620046 0.705902603482 0.443205996854 -0.706029986688
7.9 200 24 1.127348 0.880102357825 0.70363009171 0.433254251393 -0.708785434182
8 200 24 1.131086 0.878515194644 0.701353236066 0.423298299678 -0.711390187667
8.1 200 24 1.144066 0.876930666934 0.699072257567 0.413340292243 -0.71384416242
8.2 200 24 1.149362 0.875348347803 0.696787390515 0.403382444753 -0.716147312937
8.3 200 24 1.150872 0.873767849845 0.694498869176 0.393427037946 -0.718299635592
8.4 200 24 1.154182 0.872188826637 0.692206930636 0.383476412435 -0.72030117628
8.5 200 24 1.194133 0.870610975658 0.689911816637 0.373532966203 -0.722152040902
8.6 200 24 1.127278 0.869034038719 0.687613771971 0.363599150054 -0.723852400827
8.7 200 24 1.127979 0.867457800691 0.685313044568 0.353677457959 -0.725402499745
8.8 200 24 1.129069 0.865882092502 0.683009886134 0.343770423493 -0.72680265623
8.9 200 24 1.126446 0.864306791129 0.680704551933 0.333880614202 -0.728053269132
9 200 24 1.13794 0.862731814211 0.678397299 0.324010625593 -0.729154831492
9.1 200 24 1.146361 0.861157123997 0.676088388813 0.314163063602 -0.730107913413
9.2 200 24 1.146054 0.859582726365 0.673778084318 0.304340549071 -0.730913177276
9.3 200 24 1.13548 0.858008669758 0.671466651194 0.294545706648 -0.731571380381
9.4 200 24 1.136199 0.856435043471 0.669154355352 0.28478115979 -0.73208337033
9.5 200 24 1.137167 0.854861976073 0.666841467355 0.275049515749 -0.732450092302
9.6 200 24 1.135946 0.853289633059 0.664528254429 0.265353369374 -0.73267258294
9.7 200 24 1.128291 0.851718212982 0.662214987097 0.255695285027 -0.732751971976
9.8 200 24 1.129787 0.850147946271 0.659901935475 0.246077794992 -0.732689479235
9.9 200 24 1.134629 0.848579092674 0.65758936946 0.236503391001 -0.732486412198
10 200 24 1.123079 0.847011936835 0.655277557587 0.226974519359 -0.732144163005
10.1 200 24 1.140906 0.845446788102 0.652966767052 0.217493573278 -0.731664205304
10.2 200 24 1.146103 0.843883975112 0.650657263378 0.208062888226 -0.73104808925
10.3 200 24 1.149589 0.842323843377 0.648349311038 0.198684735865 -0.730297437647
10.4 200 24 1.138169 0.840766752328 0.646043171414 0.189361319895 -0.729413940299
10.5 200 24 1.136088 0.839213072314 0.643739103926 0.180094774033 -0.728399348517
10.6 200 24 1.115744 0.837663181465 0.641437363347 0.170887151672 -0.727255469236
10.7 200 24 1.137027 0.836117462221 0.639138201576 0.16174042833 -0.7259841617
10.8 200 24 1.208246 0.834576299748 0.636841865933 0.15265650073 -0.72458732943
10.9 200 24 1.123345 0.833040076211 0.63454860022 0.143637184496 -0.723066911554
11 200 24 1.124921 0.83150917113 0.632258643598 0.13468420868 -0.721424879344
11.1 200 24 1.116153 0.829983956493 0.629972230599 0.125799217092 -0.719663231371
11.2 200 24 1.160871 0.828464794023 0.627689589933 0.116983771552 -0.717783983881
11.3 200 24 1.521633 0.826952035754 0.625410946613 0.10823934837 -0.715789167057
11.4 200 24 1.523136 0.825446018745 0.623136520404 0.0995673415111 -0.713680817403
11.5 200 24 1.50113 0.823947063952 0.62086652524 0.090969065534 -0.71146097347
11.6 200 24 1.111514 0.822455474378 0.618601170064 0.0824457546674 -0.709131670136
11.7 200 24 1.115323 0.820971534362 0.616340657091 0.0739985673619 -0.706694933717
11.8 200 24 1.107208 0.819495505739 0.614085185629 0.0656285858207 -0.704152775742
11.9 200 24 1.101343 0.818027630674 0.611834955865 0.0573368222707 -0.701507192803
12 200 24 1.109723 0.816568126819 0.609590152727 0.0491242253311 -0.69876015635
12.1 200 24 1.10763 0.81511721523 0.607350947951 0.0409916613223 -0.695913610583
12.2 200 24 1.106315 0.813675060413 0.605117491707 0.0329399696265 -0.692969466433
12.3 200 24 1.109578 0.812241792314 0.602889975377 0.0249699301235 -0.689929615331
12.4 200 24 1.096969 0.810817522048 0.600668567087 0.0170822737776 -0.686795910859
12.5 200 24 1.142119 0.809402353545 0.598453421419 0.00927767654857 -0.683570170819
12.6 200 24 1.12763 0.807996350476 0.596244702582 0.0015567829257 -0.680254180157
12.7 200 24 1.122212 0.806599571085 0.594042532992 -0.00607980224643 -0.676849676547
12.8 200 24 1.116343 0.805212024449 0.591847079163 -0.0136314971199 -0.673358373724
12.9 200 24 1.11348 0.803833711103 0.589658480506 -0.0210977494728 -0.669781942759
13 200 24 1.118738 0.802464610856 0.587476871615 -0.0284780312347 -0.66612202104
13.1 200 24 1.111535 0.80110468303 0.585302382396 -0.0357718297606 -0.66238020893
13.2 200 24 1.113615 0.799753868423 0.583135138125 -0.0429786458707 -0.658558074634
13.3 200 24 1.108234 0.798412089768 0.580975260302 -0.0500979917125 -0.654657153958
13.4 200 24 1.109787 0.7970792533 0.578822865339 -0.0571293810315 -0.650678953722
13.5 200 24 1.102571 0.795755251064 0.576678065374 -0.0640723347817 -0.646624952504
13.6 200 24 1.0993 0.79443996268 0.574540968251 -0.0709263712323 -0.642496606378
13.7 200 24 1.095768 0.793133256626 0.572411683374 -0.0776910086032 -0.638295351935
13.8 200 24 1.100552 0.79183499213 0.570290304203 -0.0843657553429 -0.634022607256
13.9 200 24 1.112124 0.790545020318 0.568176931744 -0.0909501170469 -0.629679775537
14 200 24 1.124564 0.789263187389 0.566071658559 -0.0974435918182 -0.625268249956
14.1 200 24 1.099325 0.787989334977 0.563974573308 -0.103845670533 -0.620789415254
14.2 200 24 1.108504 0.786723302766 0.561885770914 -0.110155836007 -0.616244658468
14.3 200 24 1.10938 0.785464929922 0.559805326827 -0.116373560376 -0.611635354077
14.4 200 24 1.107587 0.784214063533 0.557733332594 -0.122498315915 -0.606962893169
14.5 200 24 1.108873 0.7829705396 0.555669854959 -0.128529552687 -0.602228658094
14.6 200 24 1.105923 0.781734205715 0.553614968463 -0.134466722022 -0.597434048754
14.7 200 24 1.107562 0.780504914175 0.551568756846 -0.140309270883 -0.592580482343
14.8 200 24 1.104316 0.779282533223 0.549531294118 -0.146056649447 -0.587669388833
14.9 200 24 1.101026 0.778066929334 0.54750263817 -0.151708296226 -0.582702205506
15 200 24 1.114883 0.776857973429 0.545482863524 -0.157263650541 -0.57768040288
15.1 200 24 1.113928 0.775655561977 0.543472021518 -0.16272216346 -0.57260546635
15.2 200 24 1.107758 0.77445959159 0.541470185527 -0.168083285565 -0.567478904775
15.3 200 24 1.114022 0.773269963912 0.539477420769 -0.173346472153 -0.562302261471
15.4 200 24 1.113149 0.772086613252 0.537493786206 -0.178511205491 -0.557077096888
15.5 200 24 1.116373 0.770909475975 0.535519330366 -0.183576973115 -0.551804994002
15.6 200 24 1.12068 0.769738495042 0.533554120077 -0.18854327774 -0.546487575974
15.7 200 24 1.117726 0.768573640508 0.531598205026 -0.19340965338 -0.541126479937
15.8 200 24 1.118893 0.767414880748 0.529651640025 -0.198175644789 -0.535723381165
15.9 200 24 1.116108 0.766262207827 0.527714481128 -0.202840836687 -0.530279973796
16 200 24 1.111236 0.765115625726 0.525786793138 -0.207404845175 -0.524797988384
16.1 200 24 1.108748 0.763975159087 0.52386862603 -0.211867323367 -0.519279164563
16.2 200 24 1.10311 0.762840830865 0.521960027834 -0.216227946573 -0.513725271252
16.3 200 24 1.112751 0.761712682649 0.520061064329 -0.220486441513 -0.508138106043
16.4 200 24 1.101615 0.760590768285 0.518171779471 -0.224642570189 -0.502519469241
16.5 200 25 1.100542 0.759475159877 0.516292228483 -0.22869614491 -0.496871183617
16.6 200 25 1.095971 0.75836592454 0.514422462937 -0.232647017963 -0.491195088735
16.7 200 25 1.095981 0.757263145698 0.512562547412 -0.236495095581 -0.485493039302
16.8 200 25 1.086372 0.756166923256 0.510712527941 -0.240240334134 -0.479766882202
16.9 200 25 1.084186 0.755077349462 0.508872456107 -0.243882727934 -0.474018478212
17 200 25 1.092028 0.753994530091 0.507042385719 -0.247422329779 -0.468249688614
17.1 200 25 1.088453 0.752918583614 0.505222373573 -0.250859251291 -0.462462371361
17.2 200 25 1.086908 0.75184961906 0.503412466478 -0.254193637989 -0.456658382267
17.3 200 25 1.093353 0.750787753649 0.501612723564 -0.257425698928 -0.450839567232
17.4 200 25 1.091057 0.749733107662 0.499823199674 -0.260555692657 -0.445007759628
17.5 200 25 1.092671 0.748685804559 0.498043946571 -0.263583926101 -0.439164775876
17.6 200 25 1.094638 0.747645962805 0.49627501944 -0.266510756987 -0.433312420086
17.7 200 25 1.079948 0.746613702359 0.494516473956 -0.269336590981 -0.427452474018
17.8 200 25 1.086502 0.745589140648 0.492768362977 -0.272061875004 -0.421586697922
17.9 200 25 1.083492 0.744572391445 0.491030740473 -0.274687108619 -0.415716820554
18 200 25 1.086951 0.743563564245 0.489303663339 -0.277212832838 -0.409844542462
18.1 200 25 1.097832 0.742562764512 0.487587183612 -0.279639626311 -0.403971534541
18.2 200 25 1.091747 0.741570130329 0.485881324006 -0.281968126172 -0.398099415697
18.3 200 25 1.10453 0.740585729461 0.48418616087 -0.284198973421 -0.392229807457
18.4 200 25 1.09573 0.739609646896 0.482501742152 -0.286332850558 -0.386364268556
18.5 200 25 1.107483 0.738641960598 0.480828120084 -0.288370470664 -0.380504329969
18.6 200 25 1.117046 0.73768272719 0.479165352178 -0.290312568094 -0.374651489904
18.7 200 25 1.1128 0.736732007389 0.477513487328 -0.292159907521 -0.368807200704
18.8 200 25 1.114474 0.735789852572 0.475872571387 -0.293913275816 -0.362972875821
18.9 200 25 1.112095 0.73485630455 0.474242649288 -0.295573477136 -0.357149885583
19 200 26 1.112016 0.733931396343 0.472623765516 -0.297141332533 -0.351339563132
19.1 200 26 1.111485 0.733015156074 0.471015958424 -0.29861768482 -0.345543206881
19.2 200 26 1.114971 0.732107590229 0.469419275406 -0.300003367549 -0.339762072614
19.3 200 26 1.116235 0.731208708949 0.467833743795 -0.301299232621 -0.333997385889
19.4 200 26 1.117567 0.730318503653 0.466259399155 -0.302506131508 -0.328250324168
19.5 200 26 1.113861 0.729436961136 0.464696273614 -0.30362492895 -0.322522039797
19.6 200 26 1.117845 0.728564071118 0.463144393218 -0.304656484282 -0.31681363694
19.7 200 26 1.112594 0.727699787927 0.461603783166 -0.305601643271 -0.311126205848
19.8 200 26 1.112335 0.72684407299 0.460074456653 -0.306461258589 -0.305460798794
19.9 200 26 1.111353 0.725996884719 0.458556442817 -0.307236186491 -0.299818436367
20 200 26 1.122042 0.725158167945 0.457049758274 -0.307927271171 -0.294200121354
20.1 200 26 1.120664 0.724327856447 0.455554409315 -0.308535340199 -0.2886068241
20.2 200 26 1.117277 0.723505884092 0.454070408041 -0.309061223269 -0.283039501553
20.3 200 26 1.112851 0.722692178998 0.452597759323 -0.30950574124 -0.27749908629
20.4 200 26 1.119122 0.721886658451 0.451136465213 -0.309869697214 -0.271986489812
20.5 200 26 1.115654 0.72108924891 0.449686522981 -0.31015390205 -0.266502618867
20.6 200 26 1.112776 0.720299870423 0.448247933797 -0.310359156333 -0.261048352888
20.7 200 26 1.103993 0.719518433235 0.446820688955 -0.310486241651 -0.255624573542
20.8 200 26 1.117522 0.718744849924 0.445404778562 -0.310535937892 -0.250232147649
20.9 200 26 1.125682 0.717979031063 0.444000190956 -0.310509020033 -0.244871936924
21 200 26 1.121886 0.717220885652 0.442606918135 -0.310406248801 -0.239544791422
21.1 200 26 1.111967 0.716470330276 0.441224927917 -0.310228388629 -0.234251565276
21.2 200 26 1.124178 0.715727268737 0.439854201665 -0.309976210367 -0.22899310174
21.3 200 26 1.117178 0.714991622289 0.438494725085 -0.309650470966 -0.223770249864
21.4 200 26 1.117001 0.714263313774 0.437146450609 -0.309251926129 -0.218583862436
21.5 200 26 1.122588 0.713542253014 0.435809377106 -0.308781328017 -0.213434772709
21.6 200 26 1.119785 0.712828359921 0.434483475213 -0.308239444943 -0.208323825614
21.7 200 26 1.124294 0.712121571773 0.433168690646 -0.307627046342 -0.203251880287
21.8 200 26 1.117612 0.711421816097 0.431864985729 -0.306944903908 -0.198219781487
21.9 200 26 1.113013 0.710729017779 0.430572348072 -0.306193794911 -0.193228372667
22 200 26 1.122032 0.710043132581 0.429290721298 -0.305374515083 -0.188278517076
22.1 200 26 1.119453 0.709364107291 0.42802009054 -0.304487892876 -0.183371048141
22.2 200 27 1.11996 0.708691908703 0.426760376266 -0.303534746241 -0.178506832136
22.3 200 27 1.120953 0.708026465277 0.425511587931 -0.30251587225 -0.173686705964
22.4 200 27 1.124927 0.707367723479 0.424273672732 -0.30143213371 -0.168911518061
22.5 200 27 1.13888 0.706715638893 0.423046571032 -0.300284385404 -0.164182143483
22.6 200 27 1.141237 0.706070187916 0.421830237778 -0.299073522093 -0.159499413309
22.7 200 27 1.139686 0.705431365586 0.420624645475 -0.297800463139 -0.154864155944
22.8 200 27 1.133003 0.704799150043 0.419429753078 -0.296466131572 -0.150277205612
22.9 200 27 1.141319 0.704173525398 0.418245524208 -0.295071483132 -0.145739388724
23 200 27 1.143332 0.703554489701 0.417071921446 -0.293617482853 -0.141251511461
23.1 200 27 1.140748 0.70294204233 0.415908900019 -0.292105122947 -0.136814379329
23.2 200 27 1.125061 0.702336187125 0.414756427905 -0.290535425736 -0.132428769453
23.3 200 27 1.136196 0.701736933413 0.4136144646 -0.288909428401 -0.128095457474
23.4 200 27 1.135456 0.701144293505 0.412482974725 -0.287228194127 -0.123815193847
23.5 200 27 1.13995 0.700558283906 0.4113619258 -0.285492808054 -0.119588708526
23.6 200 27 1.137148 0.699978922418 0.410251287507 -0.28370437784 -0.115416709991
23.7 200 27 1.14845 0.699406233699 0.40915102227 -0.281864033669 -0.111299886164
23.8 200 27 1.135073 0.698840240555 0.408061091263 -0.279972925009 -0.107238896814
23.9 200 27 1.145926 0.698280962576 0.406981484113 -0.278032205952 -0.1032343751
24 200 28 1.145059 0.697728420373 0.405912189799 -0.276043050659 -0.0992869131211
24.1 200 28 1.142658 0.697182648282 0.404853105693 -0.274006658528 -0.0953971128661
24.2 200 28 1.135976 0.69664367922 0.40380424846 -0.271924265805 -0.0915654955447
24.3 200 28 1.146272 0.69611153431 0.402765592666 -0.269797096827 -0.0877925834672
24.4 200 28 1.148918 0.695586238642 0.401737112669 -0.267626389868 -0.0840788494892
24.5 200 28 1.141794 0.695067811529 0.400718795291 -0.26541338997 -0.0804247378282
24.6 200 28 1.148759 0.694556271394 0.399710606123 -0.263159355143 -0.0768306613185
24.7 200 28 1.14644 0.694051639623 0.398712520902 -0.260865543495 -0.073296991543
24.8 200 28 1.148799 0.693553928041 0.397724531038 -0.258533214389 -0.0698240683037
24.9 200 28 1.15604 0.693063150128 0.396746606168 -0.256163631874 -0.0664121953653
25 200 28 1.159891 0.692579311111 0.395778725689 -0.253758057815 -0.063061644239
25.1 200 28 1.160337 0.692102422748 0.394820869708 -0.251317765363 -0.0597726471582
25.2 200 28 1.143962 0.691632485649 0.39387300793 -0.248843994307 -0.0565453995288
25.3 200 28 1.146553 0.691169483412 0.392935117696 -0.246337992744 -0.053380076609
25.4 200 28 1.145557 0.690713409833 0.392007179105 -0.243800997347 -0.0502768101942
25.5 200 28 1.146543 0.690264249912 0.391089174422 -0.241234247532 -0.0472356937497
25.6 200 28 1.149011 0.689821981679 0.39018109048 -0.238638951681 -0.0442568103058
25.7 200 28 1.144304 0.689386585176 0.389282870374 -0.236016324544 -0.0413402039975
25.8 200 28 1.148522 0.688958031284 0.388394498482 -0.233367549891 -0.0384858772922
25.9 200 29 1.149937 0.688536279398 0.387515940534 -0.230693776306 -0.0356938380434
26 200 30 1.142991 0.688121301398 0.386647168212 -0.227996161734 -0.032964030104
26.1 200 30 1.149507 0.687713051235 0.385788146874 -0.225275859056 -0.0302963972294
26.2 200 30 1.158964 0.687311460829 0.384938840793 -0.222533974962 -0.0276908726698
26.3 200 30 1.153437 0.686916484551 0.384099224034 -0.219771622074 -0.0251473490926
26.4 200 30 1.161144 0.6865280431 0.383269271487 -0.216989882927 -0.0226657223161
26.5 200 30 1.159511 0.686146088492 0.382448929894 -0.214189800989 -0.0202458464371
26.6 200 30 1.147603 0.685770551384 0.381638150723 -0.211372424644 -0.0178875786739
26.7 200 30 1.142175 0.685401368732 0.380836896946 -0.208538774089 -0.0155907475528
26.8 200 30 1.155707 0.685038468237 0.380045127485 -0.205689841304 -0.0133551746372
26.9 200 30 1.150362 0.684681781752 0.379262791092 -0.202826615182 -0.0111806714058
27 200 30 1.14693 0.684331221857 0.37848983534 -0.199950061472 -0.00906706155439
27.1 200 30 1.156127 0.683986716439 0.377726205004 -0.197061116872 -0.00701413291589
27.2 200 30 1.152827 0.683648184718 0.37697184712 -0.194160710428 -0.00502169083205
27.3 200 30 1.153032 0.68331555305 0.376226705925 -0.191249761025 -0.00308951267459
27.4 200 30 1.152539 0.682988741527 0.375490720917 -0.188329166076 -0.00121738613775
27.5 200 30 1.152214 0.682667668009 0.374763827353 -0.185399808582 0.000594895230515
27.6 200 30 1.150519 0.682352250323 0.374045968386 -0.182462559798 0.00234755008959
27.7 200 30 1.147291 0.682042411117 0.373337082146 -0.179518277375 0.00404079438163
27.8 200 30 1.149236 0.681738070606 0.372637108024 -0.176567807221 0.00567484525164
27.9 200 30 1.142336 0.681439150962 0.37194598389 -0.173611995431 0.00724992588378
28 200 30 1.146044 0.68114557587 0.371263599891 -0.170651669288 0.0087662476736
28.1 200 30 1.146736 0.680857271996 0.370589919459 -0.167687653473 0.0102240328799
28.2 200 30 1.152624 0.680574167071 0.369924869319 -0.164720770363 0.0116235001511
28.3 200 31 1.154889 0.680296193312 0.36926834939 -0.161751835263 0.0129648603737
28.4 200 31 1.150929 0.680023284198 0.368620344165 -0.158781646555 0.0142483465586
28.5 200 31 1.154263 0.67975537587 0.36798073448 -0.155811036292 0.015474173685
28.6 200 31 1.155326 0.679492409992 0.367349458563 -0.152840803698 0.0166425623645
28.7 200 31 1.168181 0.679234321368 0.366726435382 -0.149871739353 0.0177536788726
28.8 200 31 1.163942 0.678981070324 0.366111601394 -0.14690466965 0.0188078232201
28.9 200 31 1.169821 0.678732605333 0.36550489231 -0.143940416824 0.0198052183373
29 200 31 1.165552 0.678488891461 0.364906219854 -0.140979792896 0.0207461075832
29.1 200 31 1.170982 0.678249877333 0.364315518675 -0.138023625039 0.0216307317155
29.2 200 31 1.160676 0.678015521972 0.363732723306 -0.135072725151 0.02245933148
29.3 200 31 1.163233 0.677785788176 0.363157760039 -0.132127915554 0.0232321813871
29.4 200 31 1.178157 0.677560642097 0.362590548703 -0.129190014941 0.0239495349967
29.5 200 31 1.17324 0.67734006433 0.362031040247 -0.12625985932 0.0246116846258
29.6 200 31 1.177729 0.67712402719 0.36147914643 -0.123338278964 0.0252189103977
29.7 200 31 1.171944 0.676912543888 0.360934802952 -0.120426105715 0.0257715550492
29.8 200 31 1.177663 0.67670557284 0.360397936782 -0.11752416953 0.0262699120941
29.9 200 31 1.170294 0.676503086581 0.359868482166 -0.114633315371 0.0267143014884
30 200 31 1.171917 0.676305060082 0.359346400318 -0.111754369019 0.0271050748749
30.1 200 31 1.175105 0.676111475555 0.358831614601 -0.108888163798 0.027442581188
30.2 200 31 1.162831 0.675922319333 0.358324070015 -0.106035545215 0.0277272106682
30.3 200 31 1.165213 0.675737587046 0.357823700063 -0.10319733887 0.0279593564146
30.4 200 32 1.163771 0.675557248235 0.357330452369 -0.100374385765 0.0281394205857
30.5 200 32 1.174214 0.675381302931 0.356844274616 -0.0975675151274 0.0282678457845
30.6 200 32 1.17114 0.675209770978 0.356365094702 -0.0947775440469 0.0283451142188
30.7 200 32 1.17735 0.675042637439 0.355892875298 -0.0920052785029 0.0283716963182
30.8 200 32 1.174459 0.674879912125 0.355427553776 -0.0892515388335 0.0283481087827
30.9 200 32 1.16997 0.674721584158 0.354969087719 -0.0865171077379 0.0282748727629
31 200 32 1.167474 0.674567649303 0.354517418129 -0.0838027771662 0.0281525139394
31.1 200 32 1.178489 0.67441810027 0.354072487676 -0.0811093116345 0.0279815970696
31.2 200 32 1.489326 0.674272945715 0.35363424984 -0.0784374717923 0.0277627050471
31.3 200 32 1.630916 0.67413215711 0.353202666321 -0.0757880158137 0.0274964202889
31.4 200 32 1.574366 0.673995733622 0.352777683391 -0.0731616702448 0.0271833594379
31.5 200 32 1.180345 0.673863671075 0.35235924639 -0.0705591424504 0.026824154729
31.6 200 32 1.188942 0.673735961834 0.35194731144 -0.0679811430258 0.0264194579284
31.7 200 32 1.191097 0.673612588121 0.351541833484 -0.0654283343983 0.0259699309259
31.8 200 32 1.198513 0.673493543798 0.351142760264 -0.0629013772065 0.0254762586648
31.9 200 32 1.187059 0.673378810717 0.350750048938 -0.0604009071452 0.0249391335186
32 200 32 1.189086 0.673268370022 0.350363650096 -0.0579275362769 0.0243592567052
32.1 200 32 1.184425 0.673162207972 0.349983515304 -0.0554818610581 0.0237373524182
32.2 200 32 1.188757 0.673060297652 0.349609594906 -0.0530644362676 0.0230741323397
32.3 200 33 1.20174 0.672962606196 0.349241839016 -0.0506758068708 0.0223703186271
32.4 200 33 1.191488 0.672869107639 0.348880197767 -0.04831650574 0.0216266537924
32.5 200 33 1.195692 0.672779771617 0.348524621961 -0.0459870346801 0.0208438817897
32.6 200 33 1.198234 0.672694565605 0.34817505791 -0.0436878740716 0.0200227510414
32.7 200 33 1.201707 0.672613447333 0.347831453983 -0.0414194749535 0.0191640001681
32.8 200 33 1.203199 0.672536393483 0.3474937526 -0.0391822774869 0.0182684011821
32.9 200 33 1.197436 0.67246335758 0.347161901148 -0.0369766894759 0.0173366973037
33 200 33 1.196687 0.672394292348 0.346835843048 -0.0348030969125 0.0163696270451
33.1 200 33 1.19754 0.672329150904 0.346515520922 -0.0326618810563 0.0153679469508
33.2 200 33 1.187727 0.672267903462 0.346200871219 -0.0305533836541 0.0143324161248
33.3 200 33 1.179839 0.67221050434 0.345891833292 -0.0284779122958 0.0132637658482
33.4 200 33 1.180111 0.672156903647 0.345588344939 -0.026435786651 0.0121627371404
33.5 200 33 1.179732 0.672107055611 0.345290337804 -0.0244273028993 0.0110300713249
33.6 200 33 1.169666 0.672060904625 0.344997751896 -0.0224527668545 0.00986649384472
33.7 200 33 1.176288 0.672018392791 0.34471052573 -0.0205124105221 0.00867270885641
33.8 200 33 1.177195 0.671979463458 0.344428589799 -0.0186064802912 0.00744942727675
33.9 200 34 1.555714 0.671944044469 0.344151880569 -0.0167352194371 0.00619732569018
34 200 34 1.276455 0.671912096561 0.343880327176 -0.0148988345761 0.00491712178289
34.1 200 34 1.171614 0.671883556211 0.343613860065 -0.0130975329356 0.00360948793527
34.2 200 34 1.170876 0.671858342474 0.343352413241 -0.0113315223006 0.00227508072343
34.3 200 34 1.178278 0.671836422475 0.343095913471 -0.00960098498953 0.000914590790445
34.4 200 34 1.188345 0.671817738499 0.342844286542 -0.00790610341908 -0.000471324972264
34.5 200 34 1.192052 0.671802233325 0.342597461018 -0.0062470483086 -0.00188200218596
34.6 200 34 1.176363 0.671789857959 0.342355361622 -0.00462398431447 -0.0033167965567
34.7 200 34 1.172784 0.671780553357 0.34211791567 -0.00303707215855 -0.00477507494703
34.8 200 34 1.17576 0.671774262594 0.341885051281 -0.00148646690147 -0.0062562084259
34.9 200 34 1.174952 0.671770939632 0.341656692408 2.76880466941e-05 -0.00775956492471
35 200 34 1.187031 0.67177051521 0.341432771067 0.00150523492943 -0.00928454023763
35.1 200 34 1.200002 0.671772940868 0.341213214707 0.00294602432275 -0.0108305109164
35.2 200 35 1.19927 0.671778168745 0.340997950553 0.00434990663325 -0.0123968597485
35.3 200 36 1.199748 0.67178614933 0.340786907372 0.00571674309109 -0.0139829717614
35.4 200 36 1.204498 0.671796838753 0.340580008183 0.007046391829 -0.0155882317192
35.5 200 36 1.202448 0.67181017633 0.340377192515 0.00833871749572 -0.0172120557656
35.6 200 36 1.20809 0.671826124633 0.340178384961 0.00959358079418 -0.0188538207476
35.7 200 36 1.207647 0.671844648643 0.339983533599 0.0108108532013 -0.0205129358677
35.8 200 36 1.215097 0.67186569217 0.339792551215 0.0119904012871 -0.0221887917941
35.9 200 36 1.22571 0.671889204626 0.339605375814 0.0131320862891 -0.0238807779786
36 200 36 1.208491 0.671915153761 0.339421935965 0.0142357904129 -0.0255882585298
36.1 200 36 1.207026 0.671943485398 0.339242184552 0.0153013866794 -0.02731064766
36.2 200 36 1.207541 0.671974167771 0.339066060075 0.0163287340176 -0.0290473188557
36.3 200 36 1.194838 0.672007153697 0.338893496362 0.0173177119876 -0.0307976474013
36.4 200 36 1.199908 0.672042411434 0.33872443835 0.018268214235 -0.0325610094906
36.5 200 36 1.207256 0.672079930742 0.338558818159 0.0191801592502 -0.0343367497728
36.6 200 36 1.198428 0.672119659025 0.33839658408 0.0200534279287 -0.0361242398707
36.7 200 36 1.187566 0.672161575003 0.33823767808 0.0208879239674 -0.0379228010068
36.8 200 36 1.196816 0.67220562554 0.338082054862 0.0216835529759 -0.0397318159926
36.9 200 36 1.191853 0.672251787409 0.337929654339 0.0224402469458 -0.0415506153409
37 200 36 1.206769 0.672300034974 0.337780431141 0.0231579472544 -0.0433785304173
37.1 200 36 1.223158 0.672350331676 0.337634335338 0.0238365800401 -0.0452148695305
37.2 200 36 1.211035 0.672402656227 0.337491310665 0.0244761199009 -0.0470589678152
37.3 200 36 1.198847 0.672456964322 0.337351326527 0.0250765226058 -0.0489101465042
37.4 200 36 1.206485 0.672513224168 0.337214325424 0.0256377610073 -0.0507677135085
37.5 200 36 1.19964 0.672571352362 0.337080287684 0.0261597639469 -0.0526309973894
37.6 200 36 1.334946 0.672631341863 0.336949164175 0.0266425962492 -0.0544993265402
37.7 200 37 1.245584 0.672693174483 0.336820907522 0.0270862823894 -0.0563719765069
37.8 200 37 1.24838 0.672756819211 0.336695474996 0.0274908501558 -0.0582482312076
37.9 200 37 1.232909 0.672822245134 0.336572829699 0.027856353821 -0.0601273927611
38 200 37 1.219713 0.672889440972 0.336452923386 0.0281828936532 -0.0620087491665
38.1 200 37 1.206376 0.672958374551 0.336335717544 0.0284705604679 -0.063891594955
38.2 200 37 1.2208 0.673029020209 0.336221172019 0.0287194657576 -0.0657752159008
38.3 200 37 1.236385 0.673101355521 0.336109239927 0.0289297299812 -0.0676588877001
38.4 200 37 1.495691 0.673175350634 0.335999890353 0.0291015082227 -0.0695419216189
38.5 200 37 1.698348 0.673250977172 0.335893080932 0.0292349627525 -0.0714236218771
38.6 200 37 1.695764 0.673328199834 0.335788771572 0.0293302784042 -0.0733033089429
38.7 200 37 1.321301 0.673406993735 0.335686925939 0.0293876539164 -0.0751802926264
38.8 200 37 1.253075 0.673487324327 0.335587518611 0.0294073101323 -0.0770539033325
38.9 200 37 1.538007 0.673569177531 0.33549049124 0.0293894797422 -0.0789234440117
39 200 37 1.72052 0.673652507823 0.335395782881 0.0293344108501 -0.0807882885635
39.1 200 37 1.709463 0.673737294424 0.335303397566 0.0292423795087 -0.0826477859898
39.2 200 37 1.711882 0.673823505671 0.33521329565 0.0291136633118 -0.0845013024701
39.3 200 37 1.713915 0.673911097984 0.335125414451 0.0289485532687 -0.0863482111614
39.4 200 37 1.708112 0.674000053966 0.335039738845 0.028747358617 -0.0881879058194
39.5 200 37 1.719808 0.674090342481 0.334956233527 0.0285103877842 -0.0900197858126
39.6 200 37 1.717902 0.674181920465 0.334874799235 0.0282379994215 -0.0918432738641
39.7 200 37 1.731111 0.674274766608 0.334795435996 0.027930520123 -0.0936578069786
39.8 200 37 1.719252 0.67436885084 0.334718093135 0.0275883102641 -0.0954628335374
39.9 200 37 1.717448 0.674464140095 0.334642732743 0.0272117279577 -0.0972578162394
40 200 37 1.710859 0.674560611833 0.334569309051 0.02680114609 -0.099042221844
40.1 200 37 1.72436 0.674658231869 0.334497782473 0.0263569399041 -0.100815555103
40.2 200 37 1.641817 0.674756973505 0.334428108404 0.0258794927267 -0.102577323228
40.3 200 37 1.24299 0.674856808512 0.33436024212 0.025369191911 -0.104327053869
40.4 200 37 1.529896 0.674957710243 0.334294138551 0.0248264271273 -0.106064284837
40.5 200 37 1.72315 0.675059663996 0.334229748481 0.0242516013862 -0.107788542172
40.6 200 37 1.619437 0.675162634545 0.334167034701 0.023645101689 -0.109499424183
40.7 200 37 1.242536 0.67526660091 0.334105945376 0.0230073267435 -0.111196504315
40.8 200 37 1.232471 0.67537154145 0.334046438244 0.0223386803921 -0.112879383699
40.9 200 37 1.229576 0.675477430888 0.333988466321 0.0216395498739 -0.114547670391
41 200 37 1.23074 0.67558423711 0.333931991422 0.020910329292 -0.116201017116
41.1 200 37 1.226603 0.675691956899 0.333876960628 0.0201514266384 -0.117839036762
41.2 200 37 1.240842 0.675800562837 0.333823335023 0.019363221635 -0.119461374149
41.3 200 37 1.244762 0.675910032064 0.333771065466 0.0185460924224 -0.121067677802
41.4 200 37 1.223824 0.676020329291 0.333720122575 0.0177004026212 -0.122657617348
41.5 200 37 1.230325 0.676131453714 0.333670434684 0.0168265508599 -0.12423086753
41.6 200 37 1.22702 0.676243381609 0.333621980097 0.0159249100789 -0.125787118897
41.7 200 37 1.223667 0.676356096957 0.333574712197 0.014995850093 -0.127326049151
41.8 200 37 1.238644 0.676469578863 0.333528591845 0.0140397364346 -0.128847373222
41.9 200 37 1.237424 0.676583816998 0.33348356801 0.0130569411569 -0.130350778194
42 200 37 1.232469 0.676698796849 0.333439602502 0.0120478193272 -0.131835957212
42.1 200 37 1.235263 0.676814512306 0.333396652539 0.0110127368031 -0.133302611819
42.2 200 37 1.244044 0.676930952259 0.333354683835 0.00995205936133 -0.134750459594
42.3 200 37 1.241746 0.677048096641 0.333313653439 0.0088661262621 -0.136179217272
42.4 200 37 1.242222 0.677165937341 0.333273525911 0.00775529632351 -0.137588577963
42.5 200 37 1.255839 0.677284457506 0.333234256187 0.00661991277461 -0.138978284589
42.6 200 38 1.240056 0.677403646594 0.333195802702 0.00546031726399 -0.140348052135
42.7 200 38 1.228447 0.677523487787 0.333158138568 0.00427686003591 -0.141697598377
42.8 200 38 1.234057 0.677643986491 0.333121221299 0.00306992119112 -0.143026632559
42.9 200 38 1.224872 0.677765111316 0.333085024629 0.00183982345112 -0.1443348805
43 200 38 1.22723 0.677886850314 0.33304952506 0.000586908561298 -0.145622064613
43.1 200 38 1.241389 0.678009191446 0.333014662683 -0.000688467028946 -0.146887900413
43.2 200 39 1.241733 0.678132118895 0.332980427553 -0.00198595064769 -0.148132099438
43.3 200 39 1.21787 0.67825561526 0.332946800374 -0.00330518231776 -0.149354377742
43.4 200 39 1.214212 0.678379674387 0.332913719136 -0.00464579776065 -0.150554456735
43.5 200 39 1.211791 0.678504268633 0.332881162819 -0.00600744622321 -0.151732061909
43.6 200 39 1.214127 0.678629381768 0.33284911684 -0.00738974693459 -0.15288691228
43.7 200 39 1.22796 0.678754994424 0.332817541085 -0.00879232856975 -0.154018720217
43.8 200 39 1.224414 0.678881085433 0.332786432939 -0.0102148058599 -0.155127202391
43.9 200 39 1.214559 0.679007636664 0.332755726486 -0.011656783633 -0.156212100233
44 200 39 1.212537 0.679134634679 0.332725403604 -0.0131178564299 -0.157273112607
44.1 200 39 1.205984 0.679262055981 0.33269545639 -0.0145976359684 -0.158310002625
44.2 200 39 1.207417 0.679389866058 0.332665873017 -0.0160956930026 -0.15932249347
44.3 200 39 1.21505 0.679518052093 0.332636577274 -0.0176116299385 -0.16031032913
44.4 200 39 1.224287 0.679646577155 0.332607586414 -0.0191450078926 -0.161273247823
44.5 200 39 1.208218 0.679775420218 0.332578852027 -0.0206953926814 -0.16221100123
44.6 200 39 1.20597 0.679904545701 0.332550360238 -0.0222623437723 -0.163123354023
44.7 200 39 1.207854 0.680033937537 0.332522112541 -0.0238454059639 -0.16401005749
44.8 200 39 1.201251 0.68016356858 0.332494043405 -0.025444114841 -0.164870888434
44.9 200 39 1.214901 0.680293395285 0.332466164187 -0.0270580200357 -0.165705622124
45 200 39 1.218873 0.680423394144 0.33243841142 -0.0286866476563 -0.166514058177
45.1 200 40 1.219588 0.680553528667 0.332410804048 -0.0303295114546 -0.16729598574
45.2 200 40 1.208679 0.680683765361 0.332383304882 -0.0319861289827 -0.168051234555
45.3 200 40 1.212979 0.680814082954 0.332355869162 -0.0336559983434 -0.168779631633
45.4 200 40 1.210578 0.680944457115 0.332328460775 -0.0353386033459 -0.169481007672
45.5 200 40 1.221346 0.681074844932 0.332301107089 -0.0370334502113 -0.170155209726
45.6 200 40 1.223735 0.681205225652 0.332273736015 -0.0387400109075 -0.170802105656
45.7 200 40 1.226533 0.681335562656 0.33224635561 -0.0404577851234 -0.171421568651
45.8 200 40 1.215145 0.681465830321 0.332218947186 -0.0421862456548 -0.1720134782
45.9 200 40 1.210502 0.681595994791 0.332191479611 -0.0439248844599 -0.172577758135
46 200 40 1.210412 0.681726027175 0.33216391715 -0.0456731963676 -0.173114305806
46.1 200 40 1.216807 0.681855898831 0.332136238825 -0.0474306471648 -0.173623052949
46.2 200 40 1.221721 0.681985582737 0.332108425883 -0.0491967235956 -0.174103941022
46.3 200 40 1.230229 0.68211504845 0.332080453375 -0.0509709172788 -0.174556926772
46.4 200 40 1.217506 0.682244274855 0.332052294758 -0.0527527005417 -0.17498197582
46.5 200 40 1.217111 0.682373235816 0.33202392876 -0.0545415679455 -0.175379081823
46.6 200 40 1.216256 0.682501907652 0.331995333366 -0.0563370133038 -0.175748242277
46.7 200 40 1.21443 0.682630269854 0.331966485497 -0.0581385305277 -0.176089478841
46.8 200 40 1.22331 0.682758297851 0.331937318292 -0.0599456227359 -0.176402807019
46.9 200 40 1.237841 0.682885983523 0.3319078625 -0.0617577989166 -0.176688256962
47 200 40 1.230666 0.68301329493 0.331878110881 -0.0635745775916 -0.176945874051
47.1 200 40 1.222721 0.683140227292 0.331848000054 -0.0653954772718 -0.177175712155
47.2 200 40 1.229792 0.683266761941 0.331817531892 -0.0672200363046 -0.177377845251
47.3 200 40 1.222256 0.683392890697 0.331786683391 -0.0690477892179 -0.177552354493
47.4 200 40 1.234633 0.683518604424 0.331755419161 -0.0708782710215 -0.177699307116
47.5 200 40 1.246917 0.683643896784 0.331723724167 -0.0727110352311 -0.17781881208
47.6 200 40 1.234593 0.683768758678 0.331691578664 -0.0745456564699 -0.177910969624
47.7 200 40 1.225567 0.683893187666 0.331658956484 -0.0763817012828 -0.177975879786
47.8 200 40 1.231276 0.684017184962 0.331625838297 -0.078218741418 -0.178013658062
47.9 200 40 1.215175 0.684140744687 0.331592207279 -0.0800563785068 -0.178024427235
48 200 40 1.233611 0.684263872439 0.331558039273 -0.081894197084 -0.178008304299
48.1 200 40 1.237881 0.684386568007 0.331523316828 -0.0837318106826 -0.177965413709
48.2 200 40 1.24023 0.684508833051 0.331488027506 -0.0855688379116 -0.177895892352
48.3 200 40 1.225921 0.684630674712 0.331452148912 -0.0874049000583 -0.177799871587
48.4 200 40 1.228766 0.684752097024 0.331415669724 -0.089239627849 -0.177677484575
48.5 200 40 1.222026 0.684873109316 0.331378557011 -0.0910726665963 -0.177528869111
48.6 200 40 1.232816 0.684993720301 0.331340815597 -0.0929036546532 -0.177354156659
48.7 200 41 1.241774 0.68511393736 0.331302422202 -0.0947322519824 -0.17715348411
48.8 200 41 1.250992 0.685233774766 0.331263375344 -0.0965581036737 -0.176926992685
48.9 200 41 1.23308 0.685353246528 0.331223640468 -0.0983808702258 -0.17667481857
49 200 41 1.228515 0.685472357274 0.331183198359 -0.100200227893 -0.176397117761
49.1 200 41 1.234751 0.685591129612 0.331142049234 -0.102015841377 -0.176093996873
49.2 200 41 1.226937 0.685709569625 0.331100164307 -0.10382738028 -0.175765602415
49.3 200 41 1.23964 0.685827693835 0.331057562745 -0.10563452385 -0.175412065786
49.4 200 41 1.249597 0.685945520076 0.331014207235 -0.107436943206 -0.175033519405
49.5 200 41 1.238366 0.686063059412 0.330970082188 -0.109234326825 -0.17463009465
49.6 200 41 1.233495 0.6861803225 0.330925187843 -0.111026347137 -0.174201924146
49.7 200 41 1.23616 0.686297327773 0.330879534319 -0.112812675188 -0.173749138069
49.8 200 41 1.224331 0.686414091234 0.330833021543 -0.114592999702 -0.173271881997
49.9 200 41 1.233198 0.686530613541 0.330785685819 -0.11636701134 -0.172770281601
50 200 41 1.245883 0.686646905064 0.330737562967 -0.118134387075 -0.17224447317
50.1 200 41 1.243244 0.686762980371 0.330688597493 -0.119894804808 -0.171694594534
50.2 200 41 1.232195 0.686878846388 0.330638777067 -0.12164793496 -0.171120784006
50.3 200 41 1.235684 0.686994506393 0.330588101132 -0.123393477157 -0.170523175458
50.4 200 41 1.228992 0.687109967782 0.330536550563 -0.125131106854 -0.169901912299
50.5 200 41 1.233207 0.687225230416 0.330484129427 -0.126860498407 -0.169257129789
50.6 200 41 1.242963 0.6873403014 0.330430824335 -0.12858133293 -0.168588990511
50.7 200 41 1.253496 0.687455172778 0.33037662203 -0.130293276036 -0.167897633535
50.8 200 41 1.238498 0.687569862449 0.330321494278 -0.131995998392 -0.167183234306
50.9 200 41 1.239579 0.687684350517 0.330265473173 -0.133689177892 -0.166445942704
51 200 41 1.243467 0.687798637318 0.330208526805 -0.135372487848 -0.165685936822
51.1 200 41 1.244647 0.687912715826 0.330150660756 -0.137045596447 -0.164903392566
51.2 200 41 1.24536 0.688026583697 0.330091848575 -0.138708162721 -0.164098488246
51.3 200 41 1.239502 0.688140224827 0.330032098922 -0.140359870277 -0.163271417547
51.4 200 41 1.234294 0.68825363559 0.329971399761 -0.142000380418 -0.162422379605
51.5 200 42 1.23132 0.688366803348 0.329909742381 -0.14362937455 -0.161551578339
51.6 200 42 1.239129 0.688479715464 0.329847125236 -0.145246515444 -0.160659227697
51.7 200 43 1.228532 0.688592356021 0.329783542383 -0.146851486834 -0.159745553222
51.8 200 43 1.234282 0.688704714118 0.329718982809 -0.148443966387 -0.158810780122
51.9 200 43 1.243546 0.688816771912 0.329653446227 -0.1500236353 -0.157855146051
52 200 43 1.242163 0.688928513288 0.329586928847 -0.151590186083 -0.156878895961
52.1 200 43 1.233571 0.689039924126 0.329519426036 -0.153143310086 -0.155882302137
52.2 200 43 1.238059 0.689150981564 0.329450939282 -0.154682712246 -0.154865611875
52.3 200 43 1.234926 0.689261671093 0.329381459328 -0.15620808152 -0.153829098706
52.4 200 43 1.235429 0.689371977215 0.329310981869 -0.157719116909 -0.152773045352
52.5 200 43 1.245565 0.689481879766 0.329239509495 -0.159215536171 -0.151697747729
52.6 200 43 1.24848 0.689591364226 0.329167037125 -0.160697056499 -0.150603496189
52.7 200 43 1.242228 0.689700412227 0.329093564524 -0.16216340729 -0.149490594054
52.8 200 44 1.237226 0.689809003354 0.329019095125 -0.163614340167 -0.148359354322
52.9 200 44 1.237336 0.689917123708 0.328943624549 -0.165049595999 -0.147210089173
53 200 45 1.246546 0.690024757855 0.328867153203 -0.166468922883 -0.146043126117
53.1 200 45 1.25162 0.69013188974 0.328789686877 -0.167872106499 -0.144858791776
53.2 200 45 1.261951 0.690238508821 0.328711216692 -0.169258903844 -0.143657418958
53.3 200 45 1.24775 0.690344601214 0.328631752364 -0.17062910521 -0.142439352068
53.4 200 45 1.241168 0.690450154622 0.328551293582 -0.171982507205 -0.141204922111
53.5 200 45 1.238739 0.690555161115 0.328469836909 -0.173318912003 -0.139954473497
53.6 200 45 1.238683 0.690659608768 0.328387394839 -0.174638148152 -0.138688365434
53.7 200 45 1.248047 0.690763482187 0.328303947057 -0.175940053615 -0.137406935786
53.8 200 45 1.259992 0.690866791143 0.328219548548 -0.177224454473 -0.136110529898
53.9 200 45 1.257924 0.690969529953 0.328134163236 -0.178491200007 -0.134799491893
54 200 45 1.244909 0.69107169347 0.328047803746 -0.179740148504 -0.133474169089
54.1 200 46 1.246663 0.691173270042 0.327960454362 -0.180971174527 -0.132134902979
54.2 200 46 1.23994 0.691274272094 0.327872139747 -0.182184178635 -0.130782039796
54.3 200 46 1.274944 0.691374693912 0.327782864089 -0.183379028782 -0.129415922444
54.4 200 46 1.260076 0.691474538851 0.327692613369 -0.184555625069 -0.128036891164
54.5 200 46 1.26993 0.691573814545 0.327601406123 -0.185713878381 -0.126645283234
54.6 200 46 1.252703 0.691672522846 0.327509247847 -0.186853715959 -0.125241426902
54.7 200 46 1.241839 0.691770670596 0.327416135784 -0.187975053408 -0.12382565235
54.8 200 47 1.220353 0.691868265631 0.327322085265 -0.189077822822 -0.122398285181
54.9 200 47 1.228006 0.691965316856 0.32722708846 -0.190161958993 -0.120959636024
55 200 47 1.22834 0.692061828151 0.327131162149 -0.191227419974 -0.119510032929
55.1 200 47 1.225371 0.692157813091 0.327034300189 -0.192274151612 -0.118049776958
55.2 200 47 1.22773 0.692253280634 0.326936508128 -0.193302111514 -0.116579170139
55.3 200 48 1.23033 0.692348243466 0.326837801683 -0.194311244259 -0.115098503948
55.4 200 48 1.232279 0.692442709051 0.326738160878 -0.195301541976 -0.113608086913
55.5 200 48 1.232893 0.692536683592 0.326637606757 -0.196272961321 -0.112108196345
55.6 200 48 1.231922 0.692630174778 0.326536155314 -0.197225479054 -0.110599115665
55.7 200 48 1.230485 0.692723196936 0.326433791949 -0.198159077594 -0.109081115907
55.8 200 48 1.233541 0.69281575665 0.326330515623 -0.199073721332 -0.107554471937
55.9 200 48 1.234636 0.69290786625 0.326226342427 -0.199969389635 -0.10601945388
56 200 48 1.235741 0.692999531694 0.326121275406 -0.200846059524 -0.104476323728
56.1 200 48 1.235092 0.693090758649 0.326015314937 -0.201703719431 -0.102925339503
56.2 200 48 1.233315 0.693181550264 0.325908469881 -0.202542351604 -0.101366777702
56.3 200 48 1.256485 0.693271916023 0.325800731428 -0.203361921966 -0.0998008712894
56.4 200 48 1.227617 0.693361857228 0.325692108202 -0.2041624201 -0.0982278680388
56.5 200 48 1.230577 0.693451386349 0.325582588427 -0.204943791227 -0.096648024712
56.6 200 48 1.244402 0.693540502177 0.325472178628 -0.205706027794 -0.0950615742524
56.7 200 48 1.235568 0.693629201561 0.32536088651 -0.206449112198 -0.093468769527
56.8 200 48 1.246759 0.693717487178 0.325248703144 -0.207173013134 -0.0918698450299
56.9 200 48 1.251645 0.693805355876 0.325135649209 -0.207877705771 -0.090265045826
57 200 48 1.26096 0.693892804635 0.32502169458 -0.208563160335 -0.0886546189802
57.1 200 48 1.260881 0.693979826186 0.324906881736 -0.209229359976 -0.0870388134827
57.2 200 48 1.251069 0.694066424499 0.324791161167 -0.209876244761 -0.0854178696907
57.3 200 48 1.249685 0.694152575245 0.324674631953 -0.210503836082 -0.0837920397592
57.4 200 48 1.240514 0.694238287946 0.324557179242 -0.211112061361 -0.0821615738573
57.5 200 48 1.249582 0.694323543124 0.324438847035 -0.211700917551 -0.0805267310082
57.6 200 48 1.26281 0.694408335502 0.32431963072 -0.212270364667 -0.0788877671171
57.7 200 48 1.269344 0.694492649761 0.324199557395 -0.212820392042 -0.0772449345257
57.8 200 48 1.251415 0.694576479722 0.324078610977 -0.213350963628 -0.0755985003832
57.9 200 48 1.25493 0.694659814772 0.323956803167 -0.213862051146 -0.0739487300508
58 200 48 1.251922 0.694742638752 0.323834135305 -0.21435365411 -0.0722958835827
58.1 200 48 1.244207 0.694824939945 0.323710613642 -0.214825753238 -0.070640231978
58.2 200 48 1.257951 0.694906705512 0.323586240662 -0.215278334943 -0.0689820502986
58.3 200 48 1.267136 0.694987915153 0.323461032478 -0.215711416345 -0.06732160292
58.4 200 48 1.263256 0.695068566257 0.323334980939 -0.21612496385 -0.0656591874304
58.5 200 48 1.25016 0.695148647666 0.323208093409 -0.216518979586 -0.063995083659
58.6 200 48 1.25001 0.695228121143 0.323080389969 -0.21689346515 -0.0623295541596
58.7 200 48 1.243805 0.695307029523 0.322951850204 -0.217248445588 -0.0606629357858
58.8 200 48 1.260301 0.695385336757 0.322822496291 -0.217583934793 -0.0589954949669
58.9 200 48 1.258956 0.695463035125 0.322692333724 -0.217899954099 -0.0573275382501
59 200 48 1.265633 0.695540114064 0.322561375738 -0.218196540217 -0.0556593542765
59.1 200 48 1.249885 0.695616572049 0.322429624288 -0.218473716237 -0.0539912385523
59.2 200 48 1.251179 0.69569241354 0.322297082362 -0.218731522149 -0.0523234983638
59.3 200 48 1.248569 0.695767628842 0.322163781685 -0.21897002678 -0.0506564218706
59.4 200 48 1.248006 0.695842211941 0.32202970886 -0.219189295237 -0.0489903131144
59.5 200 48 1.26512 0.695916168215 0.321894885922 -0.219389388202 -0.0473254739526
59.6 200 48 1.277245 0.695989501533 0.32175932029 -0.219570385157 -0.0456621913859
59.7 200 48 1.272905 0.696062220174 0.321623018417 -0.219732361352 -0.0440007677885
59.8 200 48 1.261158 0.696134325511 0.321486000458 -0.219875419127 -0.0423415029274
59.9 200 48 1.264376 0.696205829609 0.321348271544 -0.219999658871 -0.0406846768945
60 200 48 1.258789 0.696276743498 0.321209794711 -0.220105173986 -0.0390305833532
60.1 200 48 1.268171 0.696347077629 0.321070698319 -0.220192102186 -0.0373795170819
60.2 200 48 1.276631 0.696416849872 0.32093090457 -0.220260558814 -0.0357317372301
60.3 200 48 1.278126 0.696486078265 0.3207905652 -0.220310657492 -0.0340875691153
60.4 200 48 1.266173 0.696554772935 0.320649457611 -0.220342576838 -0.0324472007388
60.5 200 48 1.264436 0.696622955987 0.320507739361 -0.220356427414 -0.030810948058
60.6 200 48 1.261348 0.696690649066 0.320365405068 -0.220352369219 -0.0291790646634
60.7 200 48 1.267406 0.696757874487 0.320222454878 -0.220330561138 -0.0275518025994
60.8 200 48 1.278734 0.696824659052 0.320078907886 -0.220291147407 -0.0259294106711
60.9 200 48 1.281925 0.696891024338 0.319934783896 -0.220234314971 -0.0243121271979
61 200 48 1.274218 0.696956989237 0.319790095694 -0.220160241818 -0.0227001805813
61.1 200 48 1.267834 0.69702258438 0.319644862414 -0.220069091068 -0.0210937946882
61.2 200 48 1.275438 0.697087838505 0.319499067229 -0.219961053643 -0.0194931779569
61.3 200 48 1.263145 0.697152778257 0.319352755444 -0.219836293461 -0.0178985493181
61.4 200 49 1.273141 0.697217425475 0.319205921257 -0.219694996534 -0.0163100970208
61.5 200 49 1.282736 0.697281807692 0.31905858194 -0.219537354374 -0.0147280278598
61.6 200 49 1.281756 0.69734595625 0.318910741194 -0.21936355188 -0.0131525277471
61.7 200 49 1.269566 0.697409888274 0.318762398443 -0.219173774576 -0.0115837753967
61.8 200 50 1.277164 0.697473653054 0.318613671841 -0.218968191287 -0.0100219422813
61.9 200 50 1.27609 0.697537246093 0.318464410912 -0.218747019966 -0.00846720548582
62 200 50 1.279073 0.697600689255 0.318314648207 -0.218510451882 -0.0069197286682
62.1 200 50 1.285902 0.697664019421 0.318164474426 -0.218258657712 -0.00537966196686
62.2 200 50 1.292529 0.697727258666 0.31801390743 -0.217991824612 -0.00384715847456
62.3 200 50 1.279711 0.69779040833 0.317862880525 -0.217710139614 -0.00232236012019
62.4 200 50 1.274124 0.697853496907 0.317711401357 -0.217413789303 -0.000805406960993
62.5 200 50 1.279706 0.697916541429 0.317559542519 -0.217102952617 0.000703558596315
62.6 200 50 1.274107 0.697979558832 0.317407299217 -0.216777792873 0.00220440494667
62.7 200 50 1.285714 0.698042559606 0.31725468924 -0.21643848597 0.00369703309308
62.8 200 50 1.292074 0.698105544843 0.317101628244 -0.216085232988 0.00518131420667
62.9 200 50 1.287763 0.69816853154 0.316948188535 -0.215718173361 0.00665710485351
63 200 50 1.278676 0.698231529861 0.316794399342 -0.215337468707 0.00812429987998
63.1 200 50 1.28253 0.698294542749 0.31664027415 -0.214943298151 0.00958277931723
63.2 200 50 1.276277 0.698357566131 0.31648572529 -0.214535831326 0.0110324333492
63.3 200 50 1.2867 0.698420600286 0.316330753995 -0.21411522406 0.0124731577604
63.4 200 50 1.294673 0.698483648689 0.316175423142 -0.213681622784 0.0139048381765
63.5 200 50 1.297086 0.698546716597 0.316019782342 -0.213235171406 0.0153273612648
63.6 200 50 1.245363 0.698609785215 0.31586375925 -0.212776046942 0.0167406166319
63.7 200 50 1.212059 0.698672858893 0.315707405607 -0.212304387582 0.0181444925014
63.8 200 50 1.212485 0.698735921185 0.315550676924 -0.211820358483 0.0195388819326
63.9 200 50 1.207472 0.698798965255 0.315393575178 -0.21132410374 0.02092367581
64 200 50 1.209786 0.698861973459 0.315236195794 -0.210815774048 0.0222987541177
64.1 200 50 1.213583 0.698924941054 0.315078437744 -0.210295531194 0.0236640089392
64.2 200 50 1.214149 0.69898785328 0.314920309462 -0.209763523532 0.0250193268438
64.3 200 50 1.214468 0.699050692803 0.314761862261 -0.209219916791 0.0263645968898
64.4 200 50 1.224096 0.699113457966 0.314603153905 -0.208664823314 0.0276997227388
64.5 200 50 1.280787 0.699176136534 0.314444037093 -0.208098417935 0.0290245858703
64.6 200 50 1.279707 0.699238706102 0.314284588101 -0.207520864347 0.0303390601872
64.7 200 50 1.286207 0.699301139527 0.314124833726 -0.206932333784 0.031643012586
64.8 200 50 1.28833 0.699363436927 0.313964771513 -0.20633296602 0.032936346703
64.9 200 50 1.285838 0.699425569463 0.313804404334 -0.205722949631 0.0342189349466
65 200 50 1.274338 0.699487537203 0.313643717742 -0.205102430057 0.0354906704191
65.1 200 50 1.27984 0.699549312682 0.31348272877 -0.20447160639 0.0367514307415
65.2 200 50 1.278818 0.699610878447 0.313321454587 -0.203830662848 0.0380010963101
65.3 200 50 1.272581 0.699672225123 0.313159901498 -0.2031797715 0.0392395618625
65.4 200 50 1.271872 0.699733345184 0.312998069861 -0.202519111522 0.040466710495
65.5 200 50 1.218185 0.699794225351 0.312835970922 -0.201848880281 0.0416824400753
65.6 200 50 1.194661 0.699854856215 0.312673615581 -0.201169270315 0.0428866457733
65.7 200 50 1.196161 0.699915223265 0.31251101767 -0.200480496268 0.0440792150737
65.8 200 50 1.195562 0.699975327988 0.312348179651 -0.199782742576 0.0452600589825
65.9 200 50 1.194137 0.700035163662 0.312185116606 -0.199076216907 0.0464290816502
66 200 50 1.195017 0.700094733059 0.31202182914 -0.198361128445 0.0475861935465
66.1 200 50 1.198427 0.700154029502 0.311858336085 -0.197637698604 0.0487313119513
66.2 200 50 1.195857 0.700213050716 0.311694648942 -0.196906150939 0.0498643484944
66.3 200 50 1.194261 0.70027180007 0.311530778934 -0.196166704997 0.0509852289605
66.4 200 50 1.196225 0.700330289768 0.311366729518 -0.195419566605 0.0520938805
66.5 200 50 1.204932 0.700388530328 0.311202496699 -0.194664951004 0.0531902434693
66.6 200 51 1.198616 0.700446531129 0.311038109195 -0.19390309265 0.0542742607873
66.7 200 51 1.19817 0.700504291555 0.310873587208 -0.193134233812 0.0553458689536
66.8 200 51 1.202446 0.700561830416 0.31070888028 -0.192358587292 0.0564050241024
66.9 200 52 1.20729 0.700619131068 0.310544111131 -0.191576437606 0.0574516638885
67 200 52 1.210663 0.700676230163 0.310379247992 -0.19078797644 0.0584857880229
67.1 200 52 1.209105 0.700733159594 0.310214265924 -0.189993440368 0.0595073740754
67.2 200 52 1.210226 0.700789908407 0.310049181336 -0.189193062013 0.0605163890402
67.3 200 52 1.20832 0.70084652019 0.309884001357 -0.188387065319 0.0615128260021
67.4 200 53 1.215581 0.70090297717 0.30971883945 -0.187575692649 0.0624966923981
67.5 200 53 1.29259 0.700959326781 0.309553586686 -0.186759164487 0.0634679887338
67.6 200 53 1.266511 0.701015588351 0.309388247575 -0.185937696475 0.0644267236468
67.7 200 53 1.215124 0.70107177236 0.309222895245 -0.185111532602 0.0653729165313
67.8 200 53 1.215994 0.701127894292 0.309057503902 -0.184280884184 0.0663065853063
67.9 200 53 1.208224 0.701183974452 0.30889210977 -0.183445974257 0.0672277604367
68 200 53 1.210126 0.701240033122 0.308726703402 -0.182607012899 0.068136477591
68.1 200 53 1.214018 0.701296098506 0.308561278971 -0.181764196775 0.0690327834641
68.2 200 53 1.213664 0.70135217546 0.308395866481 -0.180917751841 0.0699167264855
68.3 200 53 1.215921 0.701408288742 0.308230461939 -0.180067858096 0.0707883554105
68.4 200 53 1.211934 0.70146444968 0.308065081137 -0.179214726208 0.0716477166282
68.5 200 53 1.212256 0.701520667258 0.307899726942 -0.178358557726 0.0724948680214
68.6 200 53 1.212594 0.701576957493 0.307734418035 -0.177499523446 0.073329874126
68.7 200 53 1.215189 0.701633340989 0.30756914169 -0.176637802008 0.0741527928632
68.8 200 53 1.213725 0.701689823842 0.307403911015 -0.175773571955 0.0749636950878
68.9 200 53 1.212361 0.701746415696 0.307238752582 -0.174907007763 0.0757626572179
69 200 53 1.214581 0.701803126906 0.307073641329 -0.174038264837 0.0765497423478
69.1 200 53 1.216323 0.701859964807 0.306908584768 -0.173167507193 0.0773250283695
69.2 200 53 1.214901 0.70191693123 0.306743588038 -0.172294899025 0.0780885792444
69.3 200 53 1.214702 0.701974034684 0.306578687023 -0.171420571448 0.078840476581
69.4 200 53 1.215569 0.702031283723 0.306413848594 -0.170544677316 0.0795807911144
69.5 200 53 1.215531 0.702088667223 0.306249105012 -0.169667364953 0.0803096078116
69.6 200 53 1.213962 0.702146202813 0.306084437287 -0.168788755285 0.0810269852665
69.7 200 53 1.2151 0.70220388836 0.305919845924 -0.167908977788 0.0817329910322
69.8 200 54 1.222316 0.702261735209 0.305755391738 -0.167028165501 0.0824277098191
69.9 200 54 1.247273 0.702319691787 0.305590990515 -0.166146446655 0.0831111892059
70 200 54 1.308698 0.702377789942 0.305426692192 -0.165263941813 0.0837835052373
70.1 200 54 1.320843 0.70243601425 0.305262523018 -0.164380759995 0.0844447129161
70.2 200 54 1.29115 0.702494388202 0.30509846788 -0.163497022444 0.0850948972929
70.3 200 54 1.243678 0.702552879937 0.304934504486 -0.162612839875 0.0857341034084
70.4 200 55 1.245539 0.702611490676 0.304770649367 -0.161728324651 0.0863623930968
70.5 200 55 1.252947 0.702670222077 0.304606918557 -0.160843578299 0.086979825611
70.6 200 55 1.255127 0.702729063718 0.304443306616 -0.159958718968 0.0875864500152
70.7 200 55 1.250547 0.702788018543 0.304279822636 -0.159073849196 0.0881823247756
70.8 200 55 1.256133 0.702847074188 0.304116479459 -0.158189087284 0.0887674956031
70.9 200 55 1.252222 0.702906222732 0.303953274764 -0.157304552329 0.0893420165242
71 200 55 1.247912 0.702965467192 0.303790207826 -0.15642034693 0.0899059272214
71.1 200 55 1.246762 0.703024800853 0.303627302331 -0.155536584867 0.0904592728817
71.2 200 56 1.249768 0.703084223249 0.303464554366 -0.15465337866 0.0910020981177
71.3 200 56 1.25031 0.703143732289 0.303301972122 -0.153770841952 0.0915344463783
71.4 200 56 1.252092 0.703203326325 0.303139566484 -0.152889093758 0.0920563606375
71.5 200 56 1.250387 0.703263006928 0.302977341322 -0.152008253216 0.0925678843384
71.6 200 56 1.2551 0.703322772841 0.302815309498 -0.151128443196 0.0930690608552
71.7 200 57 1.260951 0.70338262698 0.302653477629 -0.150249783916 0.0935599340342
71.8 200 57 1.264883 0.703442575311 0.302491852068 -0.149372401524 0.0940405486052
71.9 200 57 1.263354 0.703502621785 0.302330449662 -0.148496422897 0.0945109509241
72 200 57 1.263586 0.703562771766 0.302169269365 -0.147621979145 0.094971190552
72.1 200 57 1.263138 0.703623046628 0.302008316262 -0.146749182819 0.0954213145119
72.2 200 57 1.263007 0.703683448885 0.301847606113 -0.145878177389 0.0958613828923
72.3 200 57 1.264806 0.703743978357 0.301687151308 -0.145009115795 0.0962914431381
72.4 200 57 1.276648 0.703804648159 0.301526963443 -0.144142119859 0.0967115692175
72.5 200 57 1.269752 0.703865475867 0.301367053115 -0.143277337245 0.0971218107517
72.6 200 57 1.272902 0.703926465362 0.301207422348 -0.14241491486 0.0975222307259
72.7 200 57 1.268854 0.703987635306 0.301048093399 -0.141554982966 0.0979129013074
72.8 200 57 1.274218 0.704049008846 0.300889066129 -0.14069767407 0.0982939059205
72.9 200 57 1.281564 0.704110595966 0.300730341858 -0.139843140073 0.0986653153467
73 200 57 1.277355 0.704172407862 0.300571940308 -0.138991528033 0.0990272095606
73.1 200 57 1.273098 0.704234467321 0.300413870456 -0.138142974068 0.099379681435
73.2 200 57 1.272246 0.704296793447 0.300256136303 -0.137297607317 0.0997228286032
73.3 200 57 1.268764 0.704359399394 0.300098741889 -0.136455575996 0.100056744668
73.4 200 57 1.278986 0.704422299992 0.299941705381 -0.135617016848 0.100381531625
73.5 200 57 1.270061 0.704485518114 0.299785018398 -0.134782055335 0.100697300914
73.6 200 57 1.27318 0.704549065885 0.299628706517 -0.133950831897 0.101004162657
73.7 200 57 1.270417 0.704612955923 0.299472762974 -0.13312347408 0.101302231208
73.8 200 57 1.276215 0.704677210873 0.299317199439 -0.132300111988 0.10159163138
73.9 200 57 1.273397 0.704741832866 0.299162033516 -0.131480867946 0.101872483353
74 200 57 1.276763 0.704806839834 0.299007254515 -0.130665867497 0.102144914963
74.1 200 57 1.27444 0.704872250689 0.298852902233 -0.129855218653 0.102409065986
74.2 200 57 1.278488 0.704938068182 0.298698945236 -0.12904902976 0.102665061962
74.3 200 57 1.276179 0.705004301271 0.298545390959 -0.128247409492 0.102913049049
74.4 200 57 1.276965 0.705070962248 0.298392240426 -0.127450445609 0.103153178737
74.5 200 57 1.27141 0.705138060835 0.298239509316 -0.126658231067 0.10338559492
74.6 200 57 1.273242 0.705205591685 0.298087205735 -0.125870856932 0.10361044266
74.7 200 57 1.274705 0.705273560095 0.297935330465 -0.12508841674 0.103827879658
74.8 200 57 1.278743 0.705341971054 0.297783872204 -0.124310978495 0.104038052292
74.9 200 57 1.275024 0.705410821098 0.297632851282 -0.123538611619 0.104241096381
75 200 57 1.276073 0.705480082266 0.297482265963 -0.122771411618 0.104437202438
75.1 200 57 1.277863 0.705549764779 0.297332118786 -0.122009432778 0.104626487311
75.2 200 57 1.276779 0.705619868285 0.297182403453 -0.12125271516 0.104809109325
75.3 200 57 1.279382 0.705690422363 0.297033088986 -0.12050126624 0.10498520454
75.4 200 57 1.279002 0.705761379786 0.296884212417 -0.119755168959 0.105154940503
75.5 200 57 1.2817 0.705832731454 0.29673575575 -0.119014462646 0.10531846296
75.6 200 57 1.282367 0.705904459026 0.296587738607 -0.11827918046 0.105475923427
75.7 200 57 1.277011 0.705976553345 0.296440136993 -0.117549353524 0.105627462406
75.8 200 57 1.275504 0.70604899298 0.296292960287 -0.116825008165 0.105773222111
75.9 200 57 1.278355 0.706121761811 0.296146198166 -0.116106163342 0.105913350257
76 200 57 1.280886 0.70619483696 0.295999866408 -0.115392846068 0.106047981253
76.1 200 57 1.283794 0.706268201972 0.295853954984 -0.11468506229 0.106177251911
76.2 200 57 1.282393 0.706341839919 0.295708460412 -0.113982825992 0.106301286177
76.3 200 57 1.285666 0.706415717902 0.295563387279 -0.11328615025 0.106420215065
76.4 200 57 1.293593 0.706489820543 0.295418725028 -0.112595036523 0.106534157975
76.5 200 57 1.290574 0.706564124444 0.295274498743 -0.111909498419 0.106643247797
76.6 200 57 1.29017 0.706638616736 0.295130673311 -0.111229540059 0.106747608771
76.7 200 57 1.289209 0.70671327189 0.294987233225 -0.110555143746 0.106847348504
76.8 200 57 1.288902 0.706788071181 0.294844203151 -0.10988631842 0.106942572212
76.9 200 57 1.286271 0.706862995437 0.294701558079 -0.109223055508 0.107033399365
77 200 57 1.296346 0.706938030091 0.294559293037 -0.108565359082 0.107119931522
77.1 200 57 1.286616 0.707013152278 0.2944174364 -0.107913228714 0.107202272943
77.2 200 57 1.297372 0.707088345391 0.294275968713 -0.107266660634 0.107280526018
77.3 200 57 1.292552 0.707163595009 0.294134905366 -0.106625658023 0.10735479009
77.4 200 57 1.293579 0.707238886129 0.293994237797 -0.10599021808 0.107425157121
77.5 200 57 1.294416 0.70731421221 0.293853955374 -0.105360342597 0.107491729627
77.6 200 57 1.288317 0.707389560262 0.29371406352 -0.104736032138 0.107554597439
77.7 200 57 1.295536 0.707464929172 0.293574547924 -0.104117277658 0.107613853494
77.8 200 57 1.288116 0.707540307612 0.293435423884 -0.103504092951 0.10766959011
77.9 200 57 1.292246 0.707615691875 0.293296683714 -0.102896482664 0.107721898664
78 200 58 1.290742 0.707691076725 0.293158323002 -0.102294463905 0.10777086442
78.1 200 58 1.302097 0.707766465406 0.293020352547 -0.101698031902 0.10781658261
78.2 200 58 1.292693 0.707841867337 0.292882757888 -0.101107188067 0.107859134565
78.3 200 58 1.294936 0.707917282689 0.292745551711 -0.100521946848 0.107898619122
78.4 200 58 1.295625 0.707992711983 0.292608743381 -0.0999423166248 0.107935131146
78.5 200 58 1.302076 0.70806817742 0.292472315727 -0.0993682923357 0.10796876244
78.6 200 58 1.302801 0.708143695273 0.292336246124 -0.0987998865584 0.107999609117
78.7 200 58 1.301072 0.708219261757 0.292200560637 -0.0982371150868 0.108027761933
78.8 200 58 1.299436 0.708294893429 0.292065275672 -0.0976800009843 0.108053317837
78.9 200 58 1.302397 0.708370606792 0.291930384464 -0.0971285429735 0.108076379655
79 200 58 1.305091 0.708446429905 0.29179587909 -0.0965827564421 0.108097047657
79.1 200 58 1.309012 0.708522376663 0.291661756712 -0.0960426441159 0.10811541305
79.2 200 58 1.305058 0.708598465351 0.291528038792 -0.0955082246355 0.108131588514
79.3 200 58 1.304949 0.708674718444 0.291394706723 -0.0949794971755 0.108145682519
79.4 200 58 1.304915 0.708751151004 0.291261781241 -0.0944564688859 0.108157803812
79.5 200 58 1.305165 0.70882779244 0.291129256172 -0.0939391446302 0.108168061947
79.6 200 59 1.302244 0.708904665386 0.290997125287 -0.0934275261822 0.108176580496
79.7 200 59 1.309903 0.708981796268 0.290865394527 -0.0929215986111 0.108183468074
79.8 200 59 1.309687 0.709059202742 0.290734069983 -0.0924213705005 0.108188833722
79.9 200 59 1.305291 0.70913690607 0.290603147191 -0.091926843251 0.108192799369
80 200 59 1.304558 0.7092149306 0.290472632124 -0.0914379980966 0.108195483013
80.1 200 59 1.304598 0.709293294059 0.290342537212 -0.0909548285058 0.108197004948
80.2 200 59 1.308268 0.709372021783 0.290212840883 -0.0904773097149 0.10819748811
80.3 200 59 1.304996 0.709451138729 0.290083552462 -0.0900054143668 0.10819704233
80.4 200 59 1.306348 0.709530659 0.289954673329 -0.0895391016681 0.108195810668
80.5 200 59 1.307043 0.709610609648 0.289826223335 -0.0890783574536 0.108193895663
80.6 200 59 1.308613 0.709690980097 0.289698222078 -0.0886231549394 0.108191437611
80.7 200 59 1.306179 0.709771813301 0.289570539806 -0.0881734562053 0.108188566354
80.8 200 59 1.308251 0.709853090105 0.289443355715 -0.0877292249229 0.108185384561
80.9 200 59 1.311124 0.709934843059 0.289316585898 -0.0872904186467 0.108182001088
81 200 59 1.317494 0.710017057019 0.289190279422 -0.0868569785235 0.108178549305
81.1 200 59 1.311624 0.710099753512 0.289064420495 -0.0864288718913 0.108175138884
81.2 200 59 1.315351 0.710182937732 0.288938984683 -0.0860060293175 0.10817188263
81.3 200 59 1.312314 0.710266630442 0.288813939644 -0.085588371363 0.108168888073
81.4 200 59 1.315246 0.710350820312 0.288689303363 -0.0851758404903 0.108166265858
81.5 200 59 1.317763 0.710435526148 0.288565081359 -0.0847683623595 0.108164104061
81.6 200 59 1.317203 0.710520721929 0.288441320539 -0.0843658761673 0.108162523228
81.7 200 59 1.312448 0.710606400623 0.288317952805 -0.0839683017967 0.108161622111
81.8 200 59 1.313768 0.710692553395 0.288195052144 -0.0835755522871 0.108161497415
81.9 200 59 1.31378 0.710779184678 0.288072566451 -0.0831875433938 0.108162236439
82 200 60 1.313981 0.710866274005 0.28795052545 -0.0828041900619 0.108163921271
82.1 200 60 1.319462 0.710953804779 0.287828859722 -0.0824254299455 0.108166646496
82.2 200 60 1.320636 0.711041773019 0.287707691523 -0.0820511497696 0.10817047913
82.3 200 60 1.321956 0.711130157867 0.287586951795 -0.0816812772618 0.108175497872
82.4 200 60 1.324169 0.711218944941 0.28746665053 -0.0813157238671 0.1081817723
82.5 200 60 1.325614 0.711308116474 0.287346791745 -0.0809544008338 0.108189367015
82.6 200 60 1.324713 0.711397654282 0.287227379425 -0.0805972185114 0.108198340995
82.7 200 60 1.323841 0.711487544479 0.287108404225 -0.0802440879874 0.108208742116
82.8 200 60 1.32987 0.711577764454 0.286989873916 -0.0798949212431 0.108220632145
82.9 200 60 1.325376 0.711668295409 0.286871784567 -0.0795496321441 0.108234058457
83 200 60 1.32774 0.711759118307 0.286754139089 -0.0792081341273 0.10824906629
83.1 200 60 1.323186 0.711850214238 0.286636936038 -0.078870342569 0.108265695375
83.2 200 60 1.325875 0.711941564128 0.286520175945 -0.0785361742852 0.108283982517
83.3 200 60 1.327468 0.712033146155 0.286403863259 -0.0782055486006 0.108303971809
83.4 200 60 1.327287 0.71212494736 0.2862879917 -0.0778783862929 0.108325683496
83.5 200 60 1.331398 0.712216946033 0.286172567168 -0.0775546179422 0.108349149882
83.6 200 60 1.326644 0.712309130737 0.286057576173 -0.0772341632656 0.108374391565
83.7 200 60 1.331268 0.712401486495 0.285943027049 -0.0769169479157 0.108401435255
83.8 200 60 1.326423 0.712493995605 0.28582892153 -0.0766029130125 0.108430305435
83.9 200 60 1.325869 0.712586652396 0.285715249602 -0.0762919826923 0.108461017688
84 200 60 1.329382 0.712679442547 0.285602010458 -0.0759840939305 0.108493594906
84.1 200 60 1.330457 0.712772357681 0.2854892016 -0.0756791840669 0.108528055222
84.2 200 60 1.327981 0.712865389075 0.285376841657 -0.0753771962042 0.108564419208
84.3 200 60 1.33367 0.712958524643 0.285264914003 -0.0750780755026 0.108602711361
84.4 200 60 1.336886 0.713051760137 0.285153421114 -0.0747817685163 0.108642942591
84.5 200 60 1.332837 0.713145098922 0.28504233967 -0.0744882240788 0.108685129633
84.6 200 60 1.333291 0.71323853639 0.284931676432 -0.0741973923874 0.108729295053
84.7 200 60 1.340696 0.713332072035 0.284821405348 -0.0739092217933 0.108775458515
84.8 200 60 1.347013 0.71342569394 0.284711533618 -0.0736236809669 0.108823632294
84.9 200 60 1.343977 0.71351943296 0.284602099506 -0.0733407098961 0.108873855858
85 200 60 1.345237 0.7136132566 0.28449311964 -0.0730602762366 0.108926150024
85.1 200 60 1.347831 0.71370718234 0.284384532753 -0.0727823335128 0.108980532904
85.2 200 60 1.343848 0.713801224841 0.284276346373 -0.0725068468135 0.109037045854
85.3 200 60 1.347469 0.713895377653 0.284168560558 -0.0722337758694 0.109095710682
85.4 200 60 1.344743 0.713989650695 0.284061176682 -0.0719630789161 0.109156567024
85.5 200 60 1.344667 0.714084054727 0.283954183949 -0.071694714181 0.109219634455
85.6 200 60 1.346769 0.714178592132 0.283847586605 -0.0714286410489 0.109284957176
85.7 200 60 1.343861 0.714273272387 0.283741368608 -0.0711648199366 0.109352577997
85.8 200 60 1.344831 0.714368106899 0.283635526839 -0.0709031963019 0.109422530204
85.9 200 60 1.348352 0.714463100388 0.283530068373 -0.0706437339141 0.10949486329
86 200 60 1.348517 0.714558259926 0.283424983399 -0.0703863889332 0.109569619153
86.1 200 60 1.346119 0.714653592683 0.283320270151 -0.070131112604 0.109646842536
86.2 200 60 1.346712 0.714749108337 0.283215918209 -0.0698778540046 0.109726580444
86.3 200 60 1.350506 0.714844811981 0.283111928334 -0.0696265608024 0.109808878461
86.4 200 60 1.345605 0.714940715292 0.283008288346 -0.0693771667419 0.109893779042
86.5 200 60 1.34577 0.715036820334 0.282905001885 -0.0691296230149 0.1099813371
86.6 200 60 1.350491 0.715133132267 0.282802062466 -0.0688838687493 0.110071601135
86.7 200 60 1.348136 0.71522965755 0.282699466511 -0.068639838753 0.110164621122
86.8 200 60 1.34821 0.715326402745 0.282597205801 -0.0683974534228 0.11026044364
86.9 200 60 1.349279 0.715423367595 0.282495268918 -0.0681566520653 0.110359113933
87 200 60 1.348076 0.715520549431 0.282393676158 -0.067917366414 0.110460680694
87.1 200 60 1.358082 0.715617951213 0.282292408969 -0.0676795144719 0.11056518933
87.2 200 60 1.3543 0.715715577322 0.282191462939 -0.0674430066483 0.110672680033
87.3 200 60 1.349915 0.715813422152 0.282090832606 -0.0672077695533 0.110783194786
87.4 200 60 1.352345 0.715911496979 0.28199052558 -0.0669736923629 0.110896749795
87.5 200 60 1.359729 0.716009786581 0.281890480523 -0.0667407078631 0.111013407037
87.6 200 60 1.360935 0.71610827722 0.281790788904 -0.0665087289809 0.111133190854
87.7 200 60 1.362335 0.716206970811 0.281691396274 -0.0662776667755 0.111256136687
87.8 200 61 1.365115 0.716305852795 0.281592319897 -0.0660474306624 0.111382272683
87.9 200 61 1.365275 0.716404916798 0.281493550616 -0.0658179208915 0.111511620777
88 200 61 1.36529 0.716504157957 0.281395076896 -0.0655890311624 0.111644197118
88.1 200 61 1.363419 0.716603571595 0.281296894135 -0.065360660687 0.111780020345
88.2 200 61 1.367511 0.716703140601 0.281199011713 -0.0651327173343 0.111919103242
88.3 200 61 1.366362 0.716802846858 0.281101430606 -0.0649051109382 0.112061470361
88.4 200 61 1.369195 0.71690269222 0.281004137678 -0.0646777149796 0.112207105959
88.5 200 61 1.363032 0.717002665332 0.280907131757 -0.0644504267452 0.11235600983
88.6 200 61 1.36663 0.717102755382 0.280810410862 -0.0642231435611 0.112508177082
88.7 200 61 1.364115 0.717202951437 0.280713971511 -0.0639957627909 0.112663598126
88.8 200 61 1.365096 0.717303246836 0.280617809207 -0.0637681737051 0.112822255986
88.9 200 61 1.367201 0.71740362638 0.280521927106 -0.0635402852922 0.112984136268
89 200 61 1.375068 0.717504079725 0.280426321854 -0.0633119988492 0.113149218161
89.1 200 61 1.369808 0.71760459785 0.280330991601 -0.063083216852 0.113317479299
89.2 200 61 1.368934 0.717705170576 0.280235927988 -0.0628538449697 0.113488886786
89.3 200 61 1.367041 0.717805790219 0.280141137062 -0.0626237894561 0.113663407969
89.4 200 61 1.369789 0.717906444728 0.280046622241 -0.0623929735127 0.113841017531
89.5 200 61 1.368098 0.718007132776 0.279952364817 -0.0621612952004 0.114021669857
89.6 200 61 1.377248 0.718107846157 0.279858371827 -0.0619286703468 0.114205325568
89.7 200 61 1.369505 0.718208583243 0.279764631675 -0.0616950175412 0.114391941714
89.8 200 61 1.369478 0.718309341298 0.279671146565 -0.0614602496961 0.114581463951
89.9 200 61 1.365933 0.718410118373 0.279577911087 -0.0612242959547 0.114773855103
90 200 61 1.371322 0.718510908572 0.279484919818 -0.0609870813509 0.11496906313
90.1 200 61 1.370813 0.718611711515 0.279392170268 -0.0607485443573 0.115167041044
90.2 200 61 1.374698 0.718712529581 0.279299658299 -0.0605086174861 0.115367735831
90.3 200 61 1.374199 0.718813369023 0.279207386291 -0.060267235479 0.115571095959
90.4 200 61 1.369937 0.718914230667 0.279115344221 -0.0600243410647 0.11577706924
90.5 200 61 1.369363 0.719015111523 0.279023546252 -0.0597798874346 0.115985610894
90.6 200 61 1.369687 0.719116026913 0.278931975836 -0.0595338109479 0.116196661547
90.7 200 61 1.370464 0.71921697842 0.278840619097 -0.0592860666824 0.116410165852
90.8 200 61 1.377082 0.719317975192 0.27874946964 -0.0590365978591 0.116626077174
90.9 200 61 1.379089 0.719419029991 0.278658515338 -0.0587853659712 0.116844344037
91 200 61 1.375339 0.719520143757 0.278567744848 -0.0585323339432 0.117064924769
91.1 200 61 1.378355 0.719621329809 0.278477187543 -0.0582774539381 0.117287762291
91.2 200 61 1.376045 0.719722601023 0.278386822932 -0.0580206878256 0.117512810932
91.3 200 61 1.378795 0.719823967411 0.278296658137 -0.0577619977843 0.11774002641
91.4 200 61 1.377197 0.719925440922 0.278206655591 -0.0575013506495 0.117969361174
91.5 200 61 1.385051 0.720027030159 0.278116828628 -0.0572387109257 0.11820077467
91.6 200 61 1.374632 0.720128747706 0.278027160656 -0.0569740460467 0.11843422592
91.7 200 61 1.37884 0.720230602774 0.277937660608 -0.0567073241432 0.118669674699
91.8 200 61 1.380526 0.720332604799 0.277848313622 -0.0564385124443 0.118907080649
91.9 200 61 1.381478 0.720434772267 0.277759081695 -0.0561675846384 0.11914640507
92 200 61 1.380929 0.720537106063 0.277670006474 -0.0558945017482 0.119387620256
92.1 200 61 1.384808 0.720639615784 0.277581072435 -0.0556192341023 0.119630688439
92.2 200 61 1.381432 0.720742312916 0.277492260506 -0.0553417575868 0.119875580226
92.3 200 62 1.379246 0.72084520561 0.277403563652 -0.055062031634 0.120122259283
92.4 200 62 1.383018 0.720948298847 0.277314980949 -0.0547800261239 0.12037069775
92.5 200 62 1.383676 0.721051600021 0.277226510992 -0.0544957003925 0.120620857781
92.6 200 62 1.381302 0.721155112908 0.277138131049 -0.0542090280724 0.120872716218
92.7 200 62 1.383425 0.721258839686 0.277049849923 -0.0539199714075 0.121126243695
92.8 200 62 1.383261 0.721362784389 0.276961645373 -0.0536284959714 0.121381409388
92.9 200 62 1.379423 0.721466942708 0.276873523134 -0.0533345635778 0.121638185858
93 200 62 1.383547 0.721571317515 0.27678549005 -0.0530381325251 0.121896544253
93.1 200 62 1.38145 0.721675906166 0.276697523713 -0.0527391655421 0.122156453341
93.2 200 62 1.38365 0.721780710123 0.276609622464 -0.0524376105705 0.12241787665
93.3 200 62 1.385777 0.721885723907 0.276521783628 -0.0521334250548 0.122680782869
93.4 200 62 1.390006 0.721990941376 0.276434003249 -0.0518265628678 0.1229451416
93.5 200 62 1.381308 0.722096352124 0.276346281517 -0.0515169925178 0.123210921732
93.6 200 62 1.381921 0.722201951468 0.27625861448 -0.0512046586496 0.123478081195
93.7 200 62 1.383965 0.722307724511 0.276170995546 -0.0508895251589 0.12374658746
93.8 200 62 1.38158 0.722413669131 0.276083405939 -0.0505715267304 0.124016393439
93.9 200 62 1.388961 0.722519770771 0.275995891838 -0.0502506212413 0.124287461491
94 200 62 1.389273 0.722626014035 0.275908445234 -0.0499267876318 0.124559739945
94.1 200 62 1.386369 0.722732383249 0.275821021618 -0.0495999716082 0.124833195216
94.2 200 62 1.388454 0.722838866125 0.275733659786 -0.0492701093814 0.125107776521
94.3 200 62 1.387121 0.722945450741 0.275646346337 -0.0489371737943 0.125383424501
94.4 200 62 1.390716 0.723052104507 0.275559096266 -0.0486011558248 0.125660128564
94.5 200 62 1.388874 0.723158831164 0.275471895823 -0.0482619676623 0.125937804652
94.6 200 63 1.391127 0.723265594124 0.275384749478 -0.0479195686938 0.12621640426
94.7 200 63 1.391708 0.723372401521 0.275297671522 -0.0475739240578 0.126495869774
94.8 200 63 1.392599 0.723479232254 0.275210664041 -0.0472249825752 0.126776141103
94.9 200 63 1.387032 0.723586065062 0.2751237301 -0.046872721674 0.12705714964
95 200 63 1.389923 0.723692893988 0.275036868863 -0.0465171000371 0.127338833403
95.1 200 63 1.386482 0.723799706355 0.274950067906 -0.0461580780337 0.127621116662
95.2 200 63 1.394244 0.723906491076 0.274863334548 -0.0457956224232 0.127903931321
95.3 200 63 1.392305 0.724013232069 0.274776686218 -0.0454297020463 0.128187203594
95.4 200 63 1.388513 0.724119924304 0.27469013324 -0.0450602910186 0.128470864832
95.5 200 63 1.396327 0.724226556297 0.274603665559 -0.0446873650272 0.12875484123
95.6 200 63 1.396943 0.724333120465 0.274517280044 -0.0443109055671 0.129039056197
95.7 200 63 1.398928 0.724439611424 0.274430978272 -0.0439308874568 0.129323431966
95.8 200 63 1.399616 0.724546011066 0.274344781601 -0.0435473122566 0.129607909606
95.9 200 63 1.40099 0.724652319569 0.274258725315 -0.0431601539804 0.129892406868
96 200 63 1.397902 0.72475853876 0.274172742704 -0.0427694128796 0.130176844768
96.1 200 63 1.40019 0.724864666909 0.27408684377 -0.0423750819916 0.130461151858
96.2 200 63 1.397398 0.724970699348 0.274001084707 -0.04197715308 0.130745251858
96.3 200 63 1.400385 0.725076638331 0.273915433423 -0.0415756296993 0.131029074637
96.4 200 63 1.402418 0.725182484827 0.273829894968 -0.0411705159734 0.13131254656
96.5 200 63 1.402773 0.725288246233 0.273744470255 -0.040761810232 0.13159558934
96.6 200 63 1.398486 0.725393922041 0.273659174484 -0.0403495279187 0.131878141259
96.7 200 63 1.401883 0.725499518323 0.273574000279 -0.0399336812071 0.132160134367
96.8 200 63 1.398707 0.725605040689 0.273488945319 -0.0395142841003 0.132441504623
96.9 200 63 1.402096 0.725710496937 0.273404005509 -0.0390913518221 0.132722186368
97 200 63 1.400023 0.725815893162 0.273319189217 -0.0386649010998 0.133002118079
97.1 200 63 1.399028 0.725921235533 0.273234496826 -0.0382349588233 0.133281248664
97.2 200 63 1.401731 0.726026537123 0.273149919143 -0.037801538566 0.133559514587
97.3 200 63 1.404923 0.726131803318 0.273065457957 -0.0373646680304 0.133836867587
97.4 200 63 1.400894 0.726237046557 0.272981109473 -0.036924363922 0.134113250882
97.5 200 63 1.400643 0.726342280777 0.272896876448 -0.0364806501465 0.134388615072
97.6 200 63 1.402236 0.726447514025 0.272812742919 -0.0360335495629 0.134662914437
97.7 200 63 1.40482 0.726552757931 0.272728704692 -0.0355830862594 0.134936104432
97.8 200 63 1.400845 0.726658020654 0.272644761385 -0.035129283971 0.135208143122
97.9 200 63 1.403885 0.726763313672 0.272560913818 -0.0346721664299 0.135478992819
98 200 63 1.404266 0.726868642676 0.272477147881 -0.034211751632 0.13574862374
98.1 200 63 1.403574 0.726974020114 0.272393460291 -0.0337480662029 0.13601699374
98.2 200 63 1.406246 0.727079453946 0.272309835006 -0.0332811303205 0.136284070327
98.3 200 63 1.405445 0.727184951615 0.272226259273 -0.0328109657323 0.136549822305
98.4 200 63 1.40828 0.72729052565 0.272142725006 -0.0323375827998 0.136814220715
98.5 200 63 1.404698 0.727396165785 0.272059281542 -0.0318610146529 0.13707724055
98.6 200 63 1.406406 0.727501896098 0.271975907854 -0.0313812696854 0.137338848449
98.7 200 63 1.407838 0.727607697578 0.271892515523 -0.0308983565942 0.137599030507
98.8 200 63 1.416411 0.727713602973 0.271809118001 -0.030412285672 0.137857757225
98.9 200 63 1.409555 0.727819564213 0.271725772051 -0.0299230729657 0.138115008154
99 200 63 1.423124 0.727925643724 0.271642405545 -0.0294307336731 0.138370750553
99.1 200 63 1.414132 0.728031798306 0.271559045771 -0.0289352649553 0.138624971037
99.2 200 63 1.415803 0.72813803242 0.271475665036 -0.0284366696079 0.13887763751
99.3 200 64 1.417257 0.728244357289 0.271392234184 -0.0279349487286 0.139128733467
99.4 200 64 1.42089 0.72835075756 0.271308792611 -0.02743010432 0.139378229374
99.5 200 64 1.421011 0.728457224395 0.271225296957 -0.0269221296785 0.139626092939
99.6 200 64 1.42482 0.728563753314 0.271141765451 -0.0264110263584 0.139872301833
99.7 200 64 1.423708 0.728670334746 0.271058168954 -0.0258967915336 0.140116830837
99.8 200 64 1.424696 0.728776962767 0.270974506017 -0.0253794143439 0.140359639092
99.9 200 64 1.421968 0.728883625372 0.270890763982 -0.0248588944837 0.140600703849
100 200 64 1.420172 0.728990314314 0.2708069308 -0.0243352295068 0.140839982989
