# SIAM excitation B=c_0up^dag|gs> (normalized), method=fbr
# L=200 U=0.4 V=0.1 dt=0.1 tmax=100 cutoff=1e-10 max_bond_dim=1024
# E_gs=-62.8811759961 gs_n_active=24 gs_bond_dim=39 gs_wall_s=362.962777
# nrm=0.707106780436
# t  n_active  bond_dim  wall_s  n0up  n0dw  ReA  ImA
0 24 39 0.040089 1 0.927381215341 0 0
0.1 24 20 0.191246 0.999955707821 0.927334652743 0 0
0.2 22 19 0.183031 0.999822899133 0.927195040941 0 0
0.3 20 19 0.173908 0.999601774855 0.926962566795 0 0
0.4 20 19 0.185249 0.999292670335 0.926637546662 0 0
0.5 20 19 0.166358 0.998896054025 0.926220419927 0 0
0.6 19 19 0.184973 0.99841252589 0.925711748883 0 0
0.7 19 19 0.180889 0.997842815483 0.925112215524 0 0
0.8 19 19 0.142566 0.997187780338 0.924422618341 0 0
0.9 19 19 0.161599 0.996448402479 0.923643870046 0 0
1 19 19 0.141277 0.995625786925 0.922776993556 0 0
1.1 19 19 0.163612 0.994721157351 0.921823117896 0 0
1.2 19 19 0.143741 0.993735852395 0.920783472694 0 0
1.3 20 19 0.145204 0.992671322258 0.919659384408 0 0
1.4 20 19 0.186291 0.991529124576 0.918452270924 0 0
1.5 20 18 0.168637 0.990310919359 0.917163635737 0 0
1.6 20 19 0.147408 0.989018464006 0.91579506208 0 0
1.7 20 19 0.167242 0.987653609166 0.914348207343 0 0
1.8 20 19 0.169878 0.98621829147 0.912824796591 0 0
1.9 20 20 0.170536 0.984714529401 0.911226617541 0 0
2 20 20 0.167554 0.98314441702 0.909555513236 0 0
2.1 20 20 0.166754 0.981510116892 0.907813375344 0 0
2.2 20 20 0.167089 0.979813855222 0.906002139724 0 0
2.3 20 20 0.168217 0.978057913907 0.904123778512 0 0
2.4 20 20 0.169657 0.976244625024 0.902180294686 0 0
2.5 20 19 0.169557 0.974376363203 0.900173715562 0 0
2.6 20 19 0.189058 0.972455539106 0.89810608765 0 0
2.7 20 19 0.168571 0.970484592431 0.895979470887 0 0
2.8 20 19 0.168869 0.968465984769 0.893795931488 0 0
2.9 20 19 0.170719 0.966402192711 0.891557538879 0 0
3 20 19 0.170199 0.964295701578 0.88926635987 0 0
3.1 20 19 0.188904 0.962148996998 0.886924452492 0 0
3.2 20 19 0.170106 0.959964559821 0.884533863795 0 0
3.3 20 19 0.187526 0.957744857122 0.882096623554 0 0
3.4 20 19 0.188749 0.955492337844 0.879614741236 0 0
3.5 20 21 0.171135 0.953209425509 0.877090202825 0 0
3.6 20 20 0.171424 0.950898510914 0.874524965821 0 0
3.7 20 20 0.171274 0.948561947866 0.871920957189 0 0
3.8 20 20 0.171754 0.946202046806 0.869280070736 0 0
3.9 20 21 0.172162 0.943821068665 0.866604164508 0 0
4 20 21 0.151497 0.941421219665 0.863895058544 0 0
4.1 20 21 0.191507 0.939004647221 0.861154532338 0 0
4.2 20 21 0.172144 0.936573434429 0.858384323489 0 0
4.3 20 21 0.171621 0.934129595964 0.855586127208 0 0
4.4 20 22 0.171689 0.931675075554 0.852761595454 0 0
4.5 20 21 0.172834 0.929211740297 0.849912333118 0 0
4.6 20 22 0.174305 0.926741379367 0.847039900291 0 0
4.7 20 23 0.19385 0.92426570074 0.844145811757 0 0
4.8 19 23 0.151648 0.921786328455 0.841231535325 0 0
4.9 19 23 0.171749 0.919304801998 0.838298492431 0 0
5 19 22 0.172789 0.916822572839 0.835348058576 0 0
5.1 19 23 0.148484 0.914341004787 0.832381562848 0 0
5.2 19 23 0.170072 0.911861374138 0.829400290015 0 0
5.3 20 23 0.169974 0.90938486754 0.826405479335 0 0
5.4 20 24 0.191874 0.906912583327 0.823398327 0 0
5.5 20 23 0.235449 0.904445531938 0.82037998558 0 0
5.6 20 23 0.261089 0.901984636568 0.817351565979 0 0
5.7 20 23 0.266019 0.899530734923 0.814314137919 0 0
5.8 20 23 0.231446 0.897084580305 0.811268730999 0 0
5.9 20 23 0.265517 0.894646843959 0.808216336407 0 0
6 20 23 0.229229 0.892218117669 0.805157907714 0 0
6.1 20 23 0.265264 0.889798916313 0.802094361894 0 0
6.2 20 23 0.26382 0.887389680365 0.799026581507 0 0
6.3 20 24 0.203059 0.884990779062 0.795955415568 0 0
6.4 20 23 0.177266 0.882602514526 0.792881681068 0 0
6.5 20 23 0.174665 0.880225124309 0.789806163631 0 0
6.6 20 23 0.17705 0.877858785967 0.78672961984 0 0
6.7 20 23 0.175445 0.875503619708 0.783652778048 0 0
6.8 20 23 0.195782 0.873159693867 0.780576340509 0 0
6.9 20 24 0.175997 0.870827028748 0.777500983411 0 0
7 20 23 0.17685 0.868505600634 0.774427359588 0 0
7.1 20 25 0.178559 0.866195345457 0.771356097984 0 0
7.2 20 24 0.179177 0.863896164069 0.768287806022 0 0
7.3 20 24 0.179924 0.86160792459 0.765223071195 0 0
7.4 20 24 0.159811 0.859330469199 0.762162461852 0 0
7.5 20 24 0.158479 0.857063616759 0.759106528638 0 0
7.6 20 25 0.172686 0.854807167116 0.756055805548 0 0
7.7 20 24 0.301686 0.852560904997 0.753010811358 0 0
7.8 20 25 0.273269 0.850324604119 0.749972050027 0 0
7.9 20 26 0.240761 0.84809803053 0.74694001133 0 0
8 20 26 0.276167 0.84588094658 0.74391517303 0 0
8.1 20 25 0.312698 0.843673113765 0.74089800086 0 0
8.2 20 25 0.243216 0.841474296578 0.737888949752 0 0
8.3 20 25 0.275018 0.839284265486 0.734888464271 0 0
8.4 20 25 0.304958 0.837102799244 0.731896980014 0 0
8.5 20 26 0.305122 0.83492968726 0.728914923972 0 0
8.6 20 26 0.281057 0.832764732192 0.725942714218 0 0
8.7 20 26 0.279375 0.830607752859 0.722980762745 0 0
8.8 20 27 0.278378 0.828458585826 0.720029473956 0 0
8.9 20 27 0.276637 0.826317085974 0.717089246005 0 0
9 20 28 0.278203 0.824183129598 0.7141604713 0 0
9.1 20 27 0.28199 0.822056613803 0.71124353649 0 0
9.2 20 27 0.287125 0.819937459325 0.708338823541 0 0
9.3 20 28 0.287346 0.817825609774 0.705446709406 0 0
9.4 20 28 0.28624 0.815721032423 0.70256756681 0 0
9.5 20 27 0.315854 0.813623719657 0.699701763874 0 0
9.6 20 27 0.285922 0.811533688182 0.696849664421 0 0
9.7 20 28 0.289105 0.809450979294 0.694011630083 0 0
9.8 20 29 0.292391 0.807375657445 0.691188017478 0 0
9.9 21 29 0.327533 0.805307811434 0.688379180335 0 0
10 20 29 0.300974 0.803247553098 0.685585469085 0 0
10.1 21 28 0.298549 0.801195014591 0.682807230146 0 0
10.2 22 28 0.306242 0.799150352067 0.680044807977 0 0
10.3 21 29 0.276202 0.797113740175 0.677298542162 0 0
10.4 23 29 0.307227 0.795085373398 0.674568770528 0 0
10.5 22 30 0.35227 0.793065463144 0.671855826615 0 0
10.6 22 30 0.351836 0.791054239336 0.669160040219 0 0
10.7 22 29 0.350592 0.789051944589 0.66648173785 0 0
10.8 22 30 0.31927 0.787058836748 0.663821242188 0 0
10.9 22 29 0.319134 0.785075185597 0.661178872055 0 0
11 22 29 0.347648 0.783101270482 0.658554941525 0 0
11.1 23 31 0.283522 0.781137380606 0.655949760439 0 0
11.2 23 30 0.362198 0.779183813271 0.653363633556 0 0
11.3 23 30 0.328105 0.777240870591 0.65079686136 0 0
11.4 23 30 0.293836 0.775308859688 0.648249738204 0 0
11.5 23 29 0.331089 0.77338808933 0.645722553313 0 0
11.6 23 31 0.329999 0.771478870541 0.643215589258 0 0
11.7 23 31 0.328713 0.76958151352 0.640729122789 0 0
11.8 23 30 0.220089 0.767696326702 0.638263422906 0 0
11.9 23 30 0.218694 0.765823615772 0.63581875263 0 0
12 23 29 0.239915 0.763963682059 0.633395366813 0 0
12.1 23 29 0.242524 0.762116820637 0.63099351233 0 0
12.2 23 29 0.223613 0.760283319839 0.62861342769 0 0
12.3 23 30 0.244257 0.758463460499 0.626255342402 0 0
12.4 23 30 0.223373 0.756657513767 0.62391947732 0 0
12.5 23 31 0.242213 0.754865740765 0.621606044162 0 0
12.6 23 31 0.223649 0.753088391978 0.619315243846 0 0
12.7 23 30 0.204801 0.751325706419 0.617047267245 0 0
12.8 23 31 0.224743 0.749577910773 0.614802295259 0 0
12.9 23 32 0.226925 0.747845218478 0.612580497757 0 0
13 23 31 0.22845 0.746127829382 0.610382033722 0 0
13.1 23 31 0.227837 0.744425929488 0.608207050418 0 0
13.2 24 32 0.227358 0.742739690565 0.606055683746 0 0
13.3 24 31 0.254079 0.741069269511 0.603928057679 0 0
13.4 23 31 0.257599 0.739414809074 0.601824284505 0 0
13.5 24 32 0.232197 0.737776436463 0.599744464403 0 0
13.6 24 32 0.260286 0.736154264023 0.597688685656 0 0
13.7 24 32 0.240403 0.734548389468 0.595657026112 0 0
13.8 24 32 0.239145 0.732958895366 0.59364954689 0 0
13.9 24 33 0.24387 0.731385849298 0.591666299766 0 0
14 24 32 0.246091 0.729829305003 0.589707322359 0 0
14.1 24 33 0.264351 0.728289301658 0.587772642457 0 0
14.2 24 34 0.243209 0.72676586388 0.585862275012 0 0
14.3 24 34 0.246576 0.725259003799 0.583976223162 0 0
14.4 24 34 0.224896 0.723768720082 0.582114478725 0 0
14.5 24 33 0.250328 0.722294998029 0.580277022617 0 0
14.6 24 34 0.229332 0.720837811446 0.578463823892 0 0
14.7 24 35 0.226483 0.719397122621 0.576674840412 0 0
14.8 24 34 0.248108 0.717972882352 0.574910020839 0 0
14.9 24 34 0.226603 0.716565031026 0.573169301976 0 0
15 24 34 0.22915 0.715173498776 0.571452612115 0 0
15.1 24 34 0.231721 0.713798206841 0.569759869201 0 0
15.2 24 34 0.276814 0.712439067834 0.568090982564 0 0
15.3 24 34 0.251187 0.711095985885 0.566445852208 0 0
15.4 24 34 0.25301 0.709768857711 0.56482437023 0 0
15.5 24 34 0.231524 0.708457573445 0.563226420578 0 0
15.6 24 34 0.232904 0.707162016986 0.561651880334 0 0
15.7 24 35 0.257722 0.705882066463 0.560100618295 0 0
15.8 24 35 0.257192 0.70461759545 0.558572497322 0 0
15.9 24 35 0.258818 0.703368473308 0.55706737271 0 0
16 24 35 0.278237 0.702134564802 0.555585095063 0 0
16.1 24 36 0.280894 0.700915732048 0.554125508653 0 0
16.2 24 35 0.282834 0.699711835224 0.552688452281 0 0
16.3 24 35 0.257462 0.698522731301 0.551273760683 0 0
16.4 24 36 0.261135 0.697348276542 0.549881263394 0 0
16.5 24 36 0.284597 0.696188325929 0.548510785248 0 0
16.6 24 34 0.260239 0.695042733538 0.547162147769 0 0
16.7 24 35 0.261908 0.693911353627 0.545835168512 0 0
16.8 24 34 0.263991 0.692794039943 0.544529661829 0 0
16.9 24 34 0.260278 0.691690648099 0.54324543834 0 0
17 24 34 0.243025 0.690601033975 0.541982306322 0 0
17.1 24 36 0.240619 0.689525054484 0.540740070918 0 0
17.2 24 36 0.243977 0.688462569919 0.53951853454 0 0
17.3 24 35 0.263138 0.687413440732 0.538317497547 0 0
17.4 24 37 0.242662 0.686377527892 0.537136758357 0 0
17.5 24 37 0.270734 0.685354696959 0.535976112716 0 0
17.6 24 37 0.292164 0.684344816346 0.534835354881 0 0
17.7 24 37 0.294993 0.683347756048 0.533714277036 0 0
17.8 24 37 0.270407 0.682363389514 0.532612669897 0 0
17.9 24 38 0.249138 0.681391592525 0.531530321688 0 0
18 24 37 0.273302 0.680432243114 0.530467020463 0 0
18.1 24 37 0.248967 0.679485223549 0.529422551724 0 0
18.2 24 38 0.252918 0.678550419032 0.528396700213 0 0
18.3 24 39 0.297265 0.677627717176 0.527389248856 0 0
18.4 24 37 0.277313 0.676717008094 0.526399979599 0 0
18.5 24 37 0.278541 0.675818185621 0.525428673111 0 0
18.6 24 38 0.279561 0.674931145555 0.524475108561 0 0
18.7 24 38 0.282575 0.674055786969 0.523539064199 0 0
18.8 24 39 0.280374 0.673192010967 0.522620316909 0 0
18.9 24 39 0.286008 0.672339721725 0.521718642789 0 0
19 24 37 0.284472 0.67149882526 0.520833816749 0 0
19.1 24 40 0.302946 0.670669229645 0.519965612109 0 0
19.2 24 38 0.285469 0.669850844432 0.519113801483 0 0
19.3 24 39 0.307993 0.669043581521 0.518278156717 0 0
19.4 24 39 0.287417 0.668247354009 0.517458448872 0 0
19.5 25 39 0.309228 0.667462076532 0.51665444686 0 0
19.6 25 38 0.292243 0.666687664397 0.515865920063 0 0
19.7 25 41 0.293204 0.665924033827 0.515092636531 0 0
19.8 25 38 0.297063 0.665171101764 0.514334363442 0 0
19.9 25 38 0.318887 0.664428785314 0.513590867381 0 0
20 25 39 0.272516 0.663697002089 0.512861914177 0 0
20.1 25 42 0.309032 0.662975669209 0.512147269673 0 0
20.2 25 42 0.30058 0.662264703535 0.511446697244 0 0
20.3 25 39 0.322448 0.66156402185 0.510759961822 0 0
20.4 25 39 0.327695 0.660873539738 0.510086826504 0 0
20.5 25 40 0.304016 0.660193172051 0.509427055134 0 0
20.6 25 41 0.325318 0.659522833242 0.508780410292 0 0
20.7 25 42 0.28298 0.658862435385 0.508146654815 0 0
20.8 25 42 0.287368 0.65821188971 0.507525551327 0 0
20.9 25 41 0.311829 0.657571105941 0.506916861535 0 0
21 25 41 0.333683 0.656939991809 0.506320347772 0 0
21.1 25 42 0.28816 0.656318453592 0.505735772427 0 0
21.2 25 43 0.290226 0.655706395447 0.505162897385 0 0
21.3 25 43 0.293358 0.655103719351 0.504601484824 0 0
21.4 26 42 0.315664 0.654510325044 0.504051296808 0 0
21.5 26 43 0.356059 0.653926110392 0.50351209624 0 0
21.6 26 45 0.361398 0.653350970727 0.502983645487 0 0
21.7 26 44 0.358977 0.652784799439 0.502465707823 0 0
21.8 26 44 0.35657 0.65222748693 0.501958045869 0 0
21.9 26 44 0.35793 0.651678922066 0.501460423543 0 0
22 26 43 0.343174 0.651138990866 0.500972604237 0 0
22.1 26 43 0.363452 0.650607577351 0.500494352455 0 0
22.2 26 44 0.314436 0.650084563122 0.500025432937 0 0
22.3 26 43 0.365912 0.649569827575 0.499565610533 0 0
22.4 26 44 0.343453 0.649063247441 0.499114651434 0 0
22.5 26 44 0.362066 0.648564698115 0.498672321492 0 0
22.6 26 45 0.340891 0.648074052636 0.498238387464 0 0
22.7 26 45 0.366684 0.647591181911 0.497812616908 0 0
22.8 26 44 0.341811 0.647115955194 0.497394777931 0 0
22.9 26 45 0.348352 0.646648239554 0.496984639369 0 0
23 26 45 0.325193 0.6461879009 0.4965819705 0 0
23.1 26 45 0.351515 0.645734803095 0.496186542177 0 0
23.2 26 44 0.356649 0.645288809061 0.495798126042 0 0
23.3 26 45 0.37578 0.644849779388 0.495416494421 0 0
23.4 26 45 0.379104 0.644417574416 0.495041421035 0 0
23.5 26 44 0.358419 0.643992053565 0.494672680175 0 0
23.6 26 45 0.359198 0.643573074543 0.494310048128 0 0
23.7 26 44 0.361829 0.643160495008 0.493953301858 0 0
23.8 26 44 0.335224 0.64275417133 0.493602219889 0 0
23.9 26 46 0.361655 0.64235396022 0.493256582316 0 0
24 26 45 0.364564 0.641959717326 0.492916171278 0 0
24.1 27 46 0.365438 0.641571299004 0.492580769553 0 0
24.2 26 45 0.37737 0.64118856077 0.492250163187 0 0
24.3 27 46 0.370472 0.640811358728 0.491924138842 0 0
24.4 27 45 0.412482 0.640439549302 0.491602486366 0 0
24.5 27 46 0.412834 0.640072989362 0.491284996984 0 0
24.6 27 45 0.412092 0.639711536613 0.490971464725 0 0
24.7 27 45 0.411165 0.639355048996 0.490661686074 0 0
24.8 27 47 0.387836 0.639003386133 0.490355459714 0 0
24.9 27 48 0.387778 0.638656408194 0.49005258727 0 0
25 27 48 0.41583 0.638313977044 0.489752874132 0 0
25.1 27 48 0.42037 0.637975955944 0.489456127661 0 0
25.2 27 50 0.394881 0.637642209856 0.489162158592 0 0
25.3 27 48 0.426213 0.637312605247 0.488870781125 0 0
25.4 27 47 0.390528 0.636987010652 0.488581812549 0 0
25.5 27 46 0.423567 0.636665296649 0.488295073682 0 0
25.6 27 47 0.394083 0.636347335661 0.488010389537 0 0
25.7 27 48 0.418389 0.636033003148 0.48772758827 0 0
25.8 27 46 0.401881 0.635722177266 0.487446502085 0 0
25.9 27 47 0.380166 0.635414737504 0.487166966199 0 0
26 27 48 0.422586 0.635110567106 0.486888821163 0 0
26.1 27 47 0.405152 0.634809552859 0.486611910638 0 0
26.2 27 48 0.408973 0.6345115832 0.486336083077 0 0
26.3 27 48 0.440236 0.634216550426 0.486061190811 0 0
26.4 27 48 0.413262 0.633924349398 0.485787090432 0 0
26.5 27 49 0.414585 0.633634879453 0.485513642373 0 0
26.6 27 48 0.437534 0.633348042708 0.485240711912 0 0
26.7 27 49 0.439664 0.633063744708 0.484968167931 0 0
26.8 27 48 0.44661 0.632781894868 0.484695884254 0 0
26.9 27 50 0.419434 0.63250240542 0.484423738417 0 0
27 27 50 0.417382 0.632225193066 0.484151612267 0 0
27.1 27 49 0.449901 0.631950177953 0.483879391551 0 0
27.2 27 50 0.445517 0.631677283463 0.483606967185 0 0
27.3 27 50 0.420507 0.6314064373 0.483334232343 0 0
27.4 27 49 0.420514 0.631137570668 0.483061085531 0 0
27.5 27 50 0.403391 0.630870617867 0.482787429012 0 0
27.6 27 50 0.427852 0.630605517106 0.482513168298 0 0
27.7 27 51 0.429208 0.630342210079 0.482238212476 0 0
27.8 27 49 0.459652 0.630080641864 0.481962474624 0 0
27.9 27 50 0.434092 0.629820760947 0.481685871649 0 0
28 27 50 0.443075 0.629562518927 0.481408323523 0 0
28.1 27 51 0.441903 0.629305870586 0.481129753399 0 0
28.2 27 51 0.450267 0.629050773865 0.480850087949 0 0
28.3 27 50 0.449465 0.62879718937 0.480569256535 0 0
28.4 27 51 0.453299 0.628545080288 0.480287192149 0 0
28.5 27 51 0.478332 0.628294412618 0.480003830553 0 0
28.6 27 50 0.480767 0.628045154689 0.479719109571 0 0
28.7 27 51 0.482982 0.627797276853 0.479432970413 0 0
28.8 27 51 0.485403 0.627550751097 0.47914535685 0 0
28.9 27 52 0.482835 0.627305551962 0.478856215138 0 0
29 27 50 0.453655 0.627061655132 0.478565493845 0 0
29.1 27 51 0.478453 0.626819037671 0.478273144254 0 0
29.2 27 51 0.478767 0.626577678586 0.47797912021 0 0
29.3 27 51 0.448938 0.626337557346 0.477683377044 0 0
29.4 27 52 0.451061 0.626098654077 0.477385872464 0 0
29.5 27 51 0.454512 0.625860949912 0.477086567431 0 0
29.6 27 53 0.432705 0.625624426025 0.476785424383 0 0
29.7 27 52 0.48812 0.625389064845 0.476482407453 0 0
29.8 27 51 0.488853 0.625154847703 0.476177483475 0 0
29.9 27 54 0.45962 0.62492175716 0.475870621157 0 0
30 27 51 0.466433 0.624689774168 0.475561791559 0 0
30.1 27 52 0.466768 0.624458880373 0.475250967248 0 0
30.2 27 53 0.463504 0.62422905681 0.474938123323 0 0
30.3 27 52 0.464292 0.624000283799 0.474623237063 0 0
30.4 27 52 0.475179 0.623772541182 0.474306287549 0 0
30.5 27 53 0.472627 0.623545807474 0.47398725606 0 0
30.6 27 54 0.449126 0.623320060202 0.473666126382 0 0
30.7 27 54 0.480562 0.623095276931 0.473342883783 0 0
30.8 27 55 0.451824 0.622871433026 0.473017516295 0 0
30.9 27 55 0.509009 0.62264850362 0.472690013415 0 0
31 27 54 0.483213 0.622426463309 0.472360367674 0 0
31.1 27 55 0.486534 0.622205284613 0.472028572774 0 0
31.2 27 54 0.488798 0.621984939427 0.471694626164 0 0
31.3 27 53 0.4939 0.62176539914 0.471358526042 0 0
31.4 27 55 0.495075 0.621546634263 0.471020273763 0 0
31.5 27 55 0.489446 0.621328613981 0.470679872737 0 0
31.6 27 55 0.494585 0.621111307393 0.470337328597 0 0
31.7 27 53 0.513853 0.620894682421 0.469992649304 0 0
31.8 28 55 0.541971 0.620678707482 0.46964584475 0 0
31.9 28 54 0.518118 0.620463349914 0.469296927622 0 0
32 28 54 0.503091 0.620248576581 0.468945913369 0 0
32.1 28 54 0.533273 0.620034355561 0.468592818757 0 0
32.2 28 54 0.532331 0.619820653933 0.468237662244 0 0
32.3 28 54 0.516145 0.619607439629 0.467880466445 0 0
32.4 28 56 0.525071 0.619394680411 0.467521253801 0 0
32.5 28 56 0.581614 0.619182345544 0.467160050668 0 0
32.6 28 54 0.548842 0.618970404622 0.466796885208 0 0
32.7 28 55 0.583852 0.618758828282 0.4664317877 0 0
32.8 28 56 0.555956 0.618547588841 0.466064790319 0 0
32.9 28 55 0.585066 0.618336659411 0.465695925893 0 0
33 28 55 0.56414 0.618126014791 0.465325230189 0 0
33.1 28 55 0.561484 0.617915631842 0.464952740745 0 0
33.2 28 56 0.715999 0.617705488887 0.464578496415 0 0
33.3 28 55 0.945528 0.617495566028 0.464202537787 0 0
33.4 28 56 0.909185 0.617285845958 0.463824906872 0 0
33.5 28 57 0.909692 0.617076313352 0.463445647263 0 0
33.6 28 58 0.90548 0.616866954935 0.463064804388 0 0
33.7 28 57 0.907671 0.616657759676 0.462682424932 0 0
33.8 28 56 0.912731 0.616448719087 0.462298556692 0 0
33.9 28 57 0.92261 0.616239827527 0.461913248792 0 0
34 28 57 0.65432 0.616031081789 0.461526551969 0 0
34.1 28 56 0.594177 0.615822481342 0.461138517431 0 0
34.2 28 58 0.54077 0.615614027942 0.460749198372 0 0
34.3 28 58 0.625414 0.615405726351 0.46035864881 0 0
34.4 28 58 0.626825 0.615197583379 0.45996692338 0 0
34.5 28 58 0.744286 0.614989608062 0.459574078472 0 0
34.6 28 59 0.989413 0.614781812048 0.459180171147 0 0
34.7 28 57 0.943302 0.614574209689 0.458785259367 0 0
34.8 28 56 0.991373 0.614366817552 0.458389401751 0 0
34.9 28 59 0.963044 0.614159653776 0.457992658062 0 0
35 28 58 0.954338 0.613952739441 0.457595089087 0 0
35.1 28 59 0.962208 0.613746096762 0.457196755949 0 0
35.2 28 58 0.967743 0.613539750384 0.456797721274 0 0
35.3 28 58 0.942992 0.613333726394 0.456398047775 0 0
35.4 28 56 0.958008 0.613128052432 0.45599779926 0 0
35.5 28 57 1.001559 0.612922757513 0.455597040073 0 0
35.6 28 59 0.916577 0.612717871339 0.45519583501 0 0
35.7 28 58 0.977271 0.612513425692 0.454794249869 0 0
35.8 28 60 0.98568 0.612309452806 0.454392351109 0 0
35.9 28 58 0.94987 0.612105985276 0.453990205348 0 0
36 28 59 0.651462 0.61190305742 0.453587879942 0 0
36.1 28 60 0.656666 0.611700702886 0.453185442716 0 0
36.2 28 59 0.621486 0.611498956636 0.452782962683 0 0
36.3 28 58 0.619711 0.611297853036 0.452380507743 0 0
36.4 28 59 0.628431 0.61109742681 0.451978147185 0 0
36.5 28 59 0.629245 0.610897712391 0.451575949921 0 0
36.6 28 58 0.657366 0.610698744202 0.451173985778 0 0
36.7 28 58 0.671289 0.610500556382 0.45077232439 0 0
36.8 28 59 0.629122 0.610303182788 0.450371035633 0 0
36.9 28 59 0.635698 0.610106656272 0.44997018945 0 0
37 28 59 0.634762 0.60991100909 0.449569855643 0 0
37.1 28 60 0.641449 0.609716273447 0.449170103985 0 0
37.2 28 59 0.643998 0.609522479849 0.448771003433 0 0
37.3 28 59 0.648302 0.609329658836 0.448372624014 0 0
37.4 28 59 0.626053 0.609137839262 0.447975034072 0 0
37.5 28 59 0.652748 0.60894705001 0.447578302124 0 0
37.6 28 58 0.677066 0.608757317948 0.447182496613 0 0
37.7 28 59 0.649934 0.608568669011 0.446787684641 0 0
37.8 28 59 0.621829 0.608381129078 0.446393933229 0 0
37.9 28 60 0.652571 0.608194722368 0.446001308403 0 0
38 28 59 0.690034 0.608009471903 0.445609875522 0 0
38.1 28 61 1.064296 0.607825399886 0.445219699202 0 0
38.2 28 59 1.102034 0.607642527624 0.444830842711 0 0
38.3 28 59 1.109963 0.607460875832 0.444443368569 0 0
38.4 28 60 1.111285 0.607280463263 0.444057338491 0 0
38.5 28 61 1.063502 0.607101308669 0.443672812299 0 0
38.6 28 60 1.075755 0.606923429137 0.443289849503 0 0
38.7 28 62 1.074274 0.606746842313 0.442908507359 0 0
38.8 28 61 1.12023 0.606571563376 0.442528841856 0 0
38.9 28 60 1.132458 0.606397607515 0.442150908168 0 0
39 28 62 1.048464 0.606224988986 0.44177476024 0 0
39.1 28 63 1.107274 0.606053722346 0.441400450957 0 0
39.2 28 63 1.049506 0.605883819597 0.441028031405 0 0
39.3 28 66 1.048607 0.605715293803 0.440657551595 0 0
39.4 28 64 1.109711 0.605548157418 0.440289060411 0 0
39.5 28 65 0.971261 0.605382421976 0.439922604896 0 0
39.6 28 66 0.713111 0.605218098348 0.439558231175 0 0
39.7 28 64 0.743659 0.605055197249 0.439195983702 0 0
39.8 28 66 0.700556 0.604893729219 0.438835906306 0 0
39.9 28 65 0.75897 0.604733703891 0.438478040596 0 0
40 28 65 0.740322 0.604575130421 0.438122427855 0 0
40.1 28 65 0.689338 0.604418017787 0.437769107435 0 0
40.2 28 65 0.713225 0.604262376016 0.437418117693 0 0
40.3 28 66 0.70367 0.604108214094 0.437069495165 0 0
40.4 28 69 0.678538 0.603955541452 0.436723276925 0 0
40.5 28 68 0.728756 0.603804366987 0.436379497126 0 0
40.6 28 66 0.762502 0.603654699528 0.436038189477 0 0
40.7 28 66 0.744917 0.603506548115 0.435699386546 0 0
40.8 28 66 0.780371 0.603359921959 0.435363119838 0 0
40.9 28 67 0.787027 0.603214829988 0.43502942032 0 0
41 28 69 0.704016 0.603071280814 0.434698317473 0 0
41.1 28 70 0.714787 0.602929285128 0.434369840197 0 0
41.2 28 71 0.759384 0.602788852874 0.434044016277 0 0
41.3 28 69 0.803438 0.60264999197 0.433720873076 0 0
41.4 28 72 0.799838 0.6025127115 0.433400436304 0 0
41.5 28 70 0.815883 0.602377019137 0.433082732023 0 0
41.6 28 72 1.298026 0.602242924003 0.432767785248 0 0
41.7 28 73 1.116946 0.602110433893 0.432455619614 0 0
41.8 28 71 0.863165 0.601979557506 0.43214625811 0 0
41.9 28 72 0.815121 0.601850302101 0.43183972375 0 0
42 28 74 0.803796 0.601722675935 0.431536038445 0 0
42.1 28 73 0.81724 0.601596685931 0.431235223613 0 0
42.2 28 74 0.770573 0.601472339984 0.430937299955 0 0
42.3 28 72 0.819519 0.601349644902 0.430642287324 0 0
42.4 28 73 0.874791 0.601228607727 0.430350205814 0 0
42.5 28 73 0.866453 0.601109235669 0.430061073744 0 0
42.6 28 73 0.874238 0.600991535222 0.429774909287 0 0
42.7 28 75 0.834625 0.600875513196 0.429491730016 0 0
42.8 28 73 0.873658 0.600761175384 0.42921155323 0 0
42.9 28 73 0.866505 0.600648528495 0.428934394535 0 0
43 28 72 0.843847 0.600537578415 0.428660269789 0 0
43.1 28 74 0.884573 0.600428331315 0.428389194198 0 0
43.2 28 72 0.828792 0.600320792414 0.428121181224 0 0
43.3 28 74 0.817944 0.600214967361 0.427856244703 0 0
43.4 28 72 0.884887 0.600110861799 0.427594396963 0 0
43.5 28 72 0.899806 0.600008481014 0.427335650273 0 0
43.6 28 72 0.838641 0.599907830206 0.427080015389 0 0
43.7 28 76 0.866218 0.599808914441 0.426827502471 0 0
43.8 28 77 0.811612 0.599711738895 0.426578120815 0 0
43.9 28 75 0.866739 0.599616307555 0.426331878958 0 0
44 28 75 0.862822 0.599522626006 0.42608878393 0 0
44.1 28 76 0.827725 0.599430698036 0.425848842786 0 0
44.2 28 77 0.82142 0.599340528196 0.425612060619 0 0
44.3 28 76 0.889557 0.599252120479 0.425378441666 0 0
44.4 28 76 0.802661 0.599165478543 0.42514798973 0 0
44.5 28 77 0.851158 0.59908060611 0.424920707026 0 0
44.6 28 78 0.893108 0.598997505931 0.424696594617 0 0
44.7 28 78 0.878785 0.598916181387 0.424475652976 0 0
44.8 29 78 0.9082 0.598836635372 0.424257881125 0 0
44.9 29 80 0.866547 0.59875886966 0.424043276744 0 0
45 29 77 0.922155 0.598682887051 0.423831835307 0 0
45.1 29 80 0.923493 0.598608688546 0.423623553117 0 0
45.2 29 79 0.921347 0.598536275779 0.423418423229 0 0
45.3 29 77 0.937133 0.598465648898 0.423216439111 0 0
45.4 29 79 0.931996 0.598396808526 0.423017592715 0 0
45.5 29 78 0.913605 0.598329754382 0.422821873896 0 0
45.6 29 78 0.938934 0.598264485971 0.422629271121 0 0
45.7 29 78 0.980435 0.598201001825 0.422439772803 0 0
45.8 29 76 0.961803 0.598139299214 0.422253365014 0 0
45.9 29 80 0.917073 0.598079376256 0.422070033563 0 0
46 29 79 0.960028 0.598021230136 0.421889761468 0 0
46.1 29 81 0.909844 0.597964856128 0.421712531485 0 0
46.2 29 81 0.897508 0.597910249759 0.42153832457 0 0
46.3 30 82 0.91342 0.597857406005 0.42136712091 0 0
46.4 29 80 1.082743 0.597806318664 0.421198899051 0 0
46.5 30 80 0.937949 0.597756980403 0.421033636861 0 0
46.6 30 80 1.067551 0.597709384175 0.420871310198 0 0
46.7 30 78 1.061725 0.597663521899 0.420711894582 0 0
46.8 30 83 1.057468 0.597619383649 0.420555364228 0 0
46.9 30 78 1.081247 0.597576959672 0.420401691597 0 0
47 30 79 1.056093 0.597536238943 0.42025084864 0 0
47.1 30 81 1.05189 0.597497209971 0.420102806076 0 0
47.2 30 82 1.159708 0.597459859954 0.419957533758 0 0
47.3 30 82 1.055358 0.597424175822 0.419815000811 0 0
47.4 30 81 1.107065 0.597390143667 0.419675174211 0 0
47.5 30 81 1.052748 0.597357748088 0.419538022356 0 0
47.6 30 80 1.054552 0.59732697357 0.419403510534 0 0
47.7 30 82 1.071769 0.597297803962 0.419271604975 0 0
47.8 30 79 1.112138 0.597270222257 0.419142270411 0 0
47.9 30 84 1.041472 0.597244210491 0.419015471246 0 0
48 30 81 1.043287 0.597219750191 0.418891170206 0 0
48.1 30 82 1.103337 0.597196822116 0.418769331003 0 0
48.2 30 83 1.033249 0.597175406672 0.418649915817 0 0
48.3 30 83 1.045717 0.597155484006 0.418532886653 0 0
48.4 30 80 1.423928 0.597137032856 0.418418205867 0 0
48.5 30 84 1.646267 0.597120032198 0.418305833939 0 0
48.6 30 81 1.716853 0.597104460504 0.418195732169 0 0
48.7 30 82 1.801119 0.597090295824 0.418087861007 0 0
48.8 30 82 1.505245 0.597077515574 0.417982180794 0 0
48.9 31 83 1.048075 0.597066097285 0.417878652121 0 0
49 31 82 1.144762 0.597056018015 0.41777723509 0 0
49.1 31 84 1.083963 0.597047255096 0.417677889684 0 0
49.2 31 84 1.060183 0.59703978422 0.417580575735 0 0
49.3 31 85 1.096929 0.597033582553 0.417485252813 0 0
49.4 31 82 1.235287 0.597028626497 0.417391880003 0 0
49.5 32 82 1.232823 0.597024892308 0.417300418299 0 0
49.6 32 85 1.187695 0.597022356607 0.417210826703 0 0
49.7 32 81 1.177252 0.597020995415 0.417123064752 0 0
49.8 32 85 1.204587 0.597020785803 0.417037092803 0 0
49.9 32 83 1.225202 0.59702170487 0.416952869829 0 0
50 32 84 1.247931 0.597023729501 0.416870356161 0 0
50.1 32 84 1.208956 0.597026836734 0.416789511663 0 0
50.2 32 87 1.209203 0.597031004138 0.416710296332 0 0
50.3 32 85 1.268029 0.597036209427 0.416632669627 0 0
50.4 32 83 1.248116 0.597042430932 0.416556592394 0 0
50.5 32 87 1.28626 0.597049646611 0.416482024393 0 0
50.6 32 85 1.240607 0.597057834548 0.416408926097 0 0
50.7 32 85 1.265686 0.597066974301 0.416337257336 0 0
50.8 32 85 1.194137 0.597077044631 0.416266978755 0 0
50.9 32 82 1.223247 0.597088025455 0.416198050737 0 0
51 32 87 1.233169 0.597099896721 0.41613043371 0 0
51.1 32 86 1.238137 0.597112638051 0.416064088332 0 0
51.2 32 85 1.288893 0.597126230651 0.415998975153 0 0
51.3 32 82 1.266327 0.597140654975 0.415935054222 0 0
51.4 32 88 1.248629 0.597155892433 0.415872286931 0 0
51.5 32 83 1.287501 0.597171924301 0.415810633266 0 0
51.6 32 87 1.285557 0.597188732198 0.415750054734 0 0
51.7 32 87 1.248456 0.597206298505 0.415690512046 0 0
51.8 32 87 1.241921 0.597224605535 0.415631965096 0 0
51.9 32 86 1.269207 0.597243636119 0.415574375073 0 0
52 32 84 1.283814 0.597263372448 0.415517703063 0 0
52.1 32 87 1.242108 0.597283798052 0.415461910011 0 0
52.2 32 86 1.225908 0.597304896671 0.415406956814 0 0
52.3 32 87 1.238216 0.597326651195 0.41535280465 0 0
52.4 32 84 1.24111 0.59734904596 0.41529941352 0 0
52.5 32 84 1.290058 0.597372064463 0.415246745869 0 0
52.6 32 85 1.287746 0.597395690713 0.415194762318 0 0
52.7 32 84 1.265664 0.597419909244 0.415143423922 0 0
52.8 32 83 1.290666 0.597444704102 0.415092692365 0 0
52.9 32 85 1.237711 0.597470059537 0.415042529722 0 0
53 32 85 1.257161 0.597495960255 0.414992897173 0 0
53.1 32 86 1.231674 0.59752239126 0.414943756047 0 0
53.2 32 87 1.276005 0.597549336412 0.414895068226 0 0
53.3 32 85 1.298207 0.597576780639 0.41484679654 0 0
53.4 32 86 1.30603 0.597604708976 0.414798902707 0 0
53.5 32 87 1.247435 0.597633106231 0.414751349556 0 0
53.6 32 85 1.29123 0.59766195781 0.414704100422 0 0
53.7 32 85 1.306699 0.597691248185 0.414657117838 0 0
53.8 32 85 1.292251 0.597720962663 0.414610365177 0 0
53.9 32 85 1.282252 0.597751085933 0.414563806185 0 0
54 32 84 1.280522 0.597781603562 0.41451740521 0 0
54.1 32 84 1.261061 0.597812500354 0.414471127149 0 0
54.2 32 86 1.308671 0.597843761953 0.414424936541 0 0
54.3 32 86 1.320088 0.597875373219 0.414378798863 0 0
54.4 32 85 1.304797 0.597907319866 0.414332680185 0 0
54.5 32 83 1.27251 0.597939587032 0.414286546446 0 0
54.6 32 84 1.290708 0.597972159788 0.414240365614 0 0
54.7 32 84 1.318675 0.5980050247 0.414194104515 0 0
54.8 32 86 1.334851 0.598038166441 0.414147731337 0 0
54.9 32 84 1.386059 0.598071571347 0.414101214637 0 0
55 32 85 1.369761 0.598105224509 0.414054524235 0 0
55.1 32 84 1.36422 0.598139112206 0.414007630692 0 0
55.2 32 84 1.378216 0.598173220402 0.413960504204 0 0
55.3 32 83 1.3139 0.598207535236 0.413913116301 0 0
55.4 32 85 1.393727 0.598242043164 0.413865439311 0 0
55.5 32 85 1.350494 0.598276730156 0.413817445855 0 0
55.6 32 85 1.363815 0.598311582729 0.413769110218 0 0
55.7 32 84 1.348683 0.598346588308 0.413720406358 0 0
55.8 32 84 1.375237 0.598381732895 0.413671309552 0 0
55.9 32 86 1.278033 0.598417003642 0.41362179582 0 0
56 32 85 1.359708 0.598452387989 0.413571842485 0 0
56.1 32 83 1.363478 0.598487873427 0.413521426591 0 0
56.2 32 84 1.413107 0.598523446999 0.413470526848 0 0
56.3 32 83 1.321628 0.598559096565 0.413419122263 0 0
56.4 32 83 1.394451 0.598594809966 0.413367193049 0 0
56.5 32 84 1.37841 0.598630575673 0.413314720201 0 0
56.6 32 86 1.37117 0.598666382365 0.413261684626 0 0
56.7 32 85 1.316144 0.598702218189 0.413208069273 0 0
56.8 32 85 1.403538 0.598738072133 0.413153857453 0 0
56.9 32 86 1.35592 0.5987739334 0.413099032519 0 0
57 32 87 1.351174 0.598809791455 0.413043579024 0 0
57.1 32 86 1.336754 0.598845635431 0.412987482242 0 0
57.2 32 85 1.349162 0.598881455823 0.412930728578 0 0
57.3 32 85 1.377004 0.598917242087 0.412873304227 0 0
57.4 32 85 1.353804 0.598952985521 0.412815197076 0 0
57.5 32 84 1.354108 0.598988676161 0.412756394929 0 0
57.6 32 85 1.438993 0.599024305514 0.412696886777 0 0
57.7 32 85 1.351972 0.599059864996 0.412636661744 0 0
57.8 32 84 1.4284 0.599095346307 0.412575710268 0 0
57.9 32 86 1.377685 0.599130741329 0.412514022691 0 0
58 32 86 1.342939 0.599166042211 0.41245159 0 0
58.1 32 84 1.429317 0.599201242425 0.41238840365 0 0
58.2 32 85 1.441007 0.599236334208 0.41232445596 0 0
58.3 32 86 1.423206 0.59927131153 0.412259739508 0 0
58.4 32 85 1.408466 0.599306168265 0.412194248295 0 0
58.5 32 84 1.397345 0.599340897981 0.412127976239 0 0
58.6 32 85 1.439343 0.599375495409 0.412060917319 0 0
58.7 32 84 1.413787 0.599409956164 0.411993066441 0 0
58.8 32 87 1.41723 0.599444275064 0.411924419949 0 0
58.9 32 86 1.406013 0.599478448335 0.411854973432 0 0
59 32 85 1.447135 0.599512471636 0.411784723655 0 0
59.1 32 87 1.358709 0.599546341742 0.411713667389 0 0
59.2 32 86 1.381246 0.599580056012 0.411641801581 0 0
59.3 32 86 1.390557 0.59961361107 0.411569125074 0 0
59.4 32 83 1.457351 0.599647004916 0.411495635935 0 0
59.5 32 84 1.45202 0.599680236361 0.411421333517 0 0
59.6 32 86 1.411511 0.599713303943 0.41134621667 0 0
59.7 32 84 1.433252 0.599746206308 0.411270285159 0 0
59.8 32 85 1.340416 0.59977894334 0.411193539215 0 0
59.9 32 84 1.442651 0.59981151472 0.41111597945 0 0
60 32 85 1.3735 0.599843920888 0.411037607152 0 0
60.1 32 84 1.457009 0.599876162427 0.410958423571 0 0
60.2 32 84 1.375412 0.599908240095 0.410878430639 0 0
60.3 32 82 1.450085 0.599940155141 0.410797629838 0 0
60.4 32 87 1.423196 0.599971909659 0.410716024411 0 0
60.5 32 89 1.376688 0.60000350524 0.410633617155 0 0
60.6 32 86 1.424463 0.600034943958 0.410550412069 0 0
60.7 32 85 1.518376 0.600066228196 0.410466412904 0 0
60.8 32 87 1.413443 0.600097360626 0.41038162375 0 0
60.9 32 88 1.508733 0.600128344477 0.410296049019 0 0
61 32 88 1.544849 0.600159183003 0.410209694147 0 0
61.1 32 89 1.517093 0.600189879348 0.410122564109 0 0
61.2 32 90 1.515645 0.600220437159 0.41003466424 0 0
61.3 32 88 1.576628 0.60025085989 0.409946000626 0 0
61.4 32 88 1.472511 0.600281151012 0.409856579393 0 0
61.5 32 87 1.516713 0.600311314339 0.409766407753 0 0
61.6 32 90 1.473486 0.60034135455 0.409675492771 0 0
61.7 32 89 1.506534 0.600371274478 0.409583840995 0 0
61.8 32 89 1.518877 0.600401078684 0.4094914607 0 0
61.9 32 89 1.50414 0.600430771053 0.409398360801 0 0
62 32 89 1.555274 0.600460355414 0.409304549439 0 0
62.1 32 88 1.491415 0.600489835767 0.409210036771 0 0
62.2 32 94 1.445627 0.600519216942 0.409114831285 0 0
62.3 32 89 1.539657 0.600548502723 0.409018944316 0 0
62.4 32 90 1.502654 0.600577696297 0.408922385683 0 0
62.5 32 89 1.475627 0.600606801578 0.408825166365 0 0
62.6 32 92 1.445098 0.600635820884 0.408727298674 0 0
62.7 32 91 1.4738 0.600664757061 0.408628794688 0 0
62.8 32 92 1.46539 0.600693612973 0.408529667278 0 0
62.9 32 91 1.55003 0.600722391176 0.408429929542 0 0
63 32 92 1.559328 0.600751093876 0.408329595277 0 0
63.1 32 91 1.579622 0.600779723091 0.408228678934 0 0
63.2 32 91 1.527883 0.600808280544 0.408127195409 0 0
63.3 32 92 1.541786 0.600836768277 0.408025159269 0 0
63.4 32 91 1.509598 0.600865187502 0.40792258646 0 0
63.5 32 92 1.537519 0.600893539788 0.407819493082 0 0
63.6 32 92 1.564735 0.600921826211 0.40771589638 0 0
63.7 32 91 1.579816 0.600950048905 0.40761181254 0 0
63.8 32 93 1.543606 0.600978208923 0.407507259308 0 0
63.9 32 92 1.580306 0.601006307097 0.407402254262 0 0
64 32 94 1.533179 0.601034344805 0.407296815709 0 0
64.1 32 94 1.562738 0.601062322414 0.407190962007 0 0
64.2 32 92 1.634194 0.60109024154 0.40708471177 0 0
64.3 32 93 1.578087 0.601118103629 0.406978083634 0 0
64.4 32 94 1.55825 0.601145910136 0.406871096747 0 0
64.5 32 93 1.573846 0.601173662766 0.406763769521 0 0
64.6 32 92 1.57545 0.601201363872 0.406656121452 0 0
64.7 32 95 1.57317 0.601229016085 0.406548171859 0 0
64.8 32 95 1.627307 0.601256622515 0.406439939512 0 0
64.9 32 94 1.620238 0.601284186565 0.406331443907 0 0
65 32 92 1.613294 0.601311710405 0.406222704017 0 0
65.1 32 94 1.647791 0.601339199154 0.406113738894 0 0
65.2 32 98 1.660136 0.601366656535 0.406004566932 0 0
65.3 32 98 1.638943 0.601394086961 0.405895206946 0 0
65.4 32 99 1.557377 0.601421495723 0.405785677196 0 0
65.5 32 97 1.642464 0.601448887859 0.405675996122 0 0
65.6 32 99 1.600682 0.601476269411 0.405566180976 0 0
65.7 32 95 1.685239 0.601503645871 0.405456249647 0 0
65.8 32 99 1.640762 0.601531023713 0.405346218956 0 0
65.9 32 98 1.682576 0.601558409096 0.405236105292 0 0
66 32 97 1.710856 0.601585808022 0.405125926235 0 0
66.1 32 97 1.737377 0.601613228439 0.405015697171 0 0
66.2 32 99 1.716551 0.601640677035 0.404905433623 0 0
66.3 32 99 1.669008 0.601668159521 0.404795152105 0 0
66.4 32 99 1.716622 0.601695684392 0.404684867163 0 0
66.5 32 98 1.582535 0.60172325735 0.404574594312 0 0
66.6 32 97 1.658525 0.601750885991 0.404464347255 0 0
66.7 32 100 1.687776 0.601778576277 0.404354140841 0 0
66.8 32 97 1.680733 0.601806334562 0.404243988606 0 0
66.9 32 96 1.708263 0.601834167774 0.404133905017 0 0
67 32 97 1.758899 0.601862081717 0.404023903303 0 0
67.1 32 100 1.665545 0.60189008208 0.403913996388 0 0
67.2 32 97 1.825372 0.601918174518 0.403804197748 0 0
67.3 32 97 1.768843 0.601946364406 0.40369451981 0 0
67.4 32 98 1.736495 0.601974655858 0.403584975771 0 0
67.5 32 97 1.792263 0.602003053997 0.40347557778 0 0
67.6 32 96 1.673088 0.602031562432 0.40336633879 0 0
67.7 32 98 1.781598 0.602060185846 0.403257271025 0 0
67.8 32 99 1.65316 0.60208892709 0.403148386697 0 0
67.9 32 98 1.672253 0.602117789444 0.403039698289 0 0
68 32 98 1.651942 0.602146776203 0.40293121809 0 0
68.1 32 99 1.696721 0.602175889119 0.402822958136 0 0
68.2 32 96 1.710251 0.60220513138 0.402714930372 0 0
68.3 32 98 1.696823 0.602234504506 0.402607147659 0 0
68.4 32 99 1.644613 0.602264010597 0.402499621599 0 0
68.5 32 98 1.64848 0.602293651059 0.402392364842 0 0
68.6 32 103 1.750813 0.602323428118 0.402285389612 0 0
68.7 32 97 1.661096 0.602353342996 0.402178708329 0 0
68.8 32 99 1.691894 0.602383396461 0.402072333364 0 0
68.9 32 97 1.699213 0.602413591455 0.401966277026 0 0
69 32 100 1.611233 0.602443927872 0.401860551997 0 0
69.1 32 99 1.681339 0.602474408559 0.401755170656 0 0
69.2 32 102 1.812205 0.602505034843 0.401650145503 0 0
69.3 32 105 1.600357 0.602535809226 0.401545488275 0 0
69.4 32 100 1.689766 0.602566733377 0.401441212192 0 0
69.5 32 99 1.698512 0.602597810055 0.40133732969 0 0
69.6 32 99 1.745583 0.602629041999 0.401233852976 0 0
69.7 32 98 1.668699 0.602660432535 0.401130794396 0 0
69.8 32 100 1.652472 0.602691984812 0.401028166143 0 0
69.9 32 101 1.680457 0.60272370268 0.400925980473 0 0
70 32 100 1.65568 0.602755590173 0.400824249248 0 0
70.1 32 100 1.781073 0.602787652083 0.400722984669 0 0
70.2 32 102 1.78054 0.602819893355 0.400622198335 0 0
70.3 32 100 1.742546 0.60285231886 0.400521901845 0 0
70.4 32 99 1.740907 0.602884934769 0.400422106818 0 0
70.5 32 102 1.799056 0.602917746388 0.400322823371 0 0
70.6 32 98 1.74434 0.602950760097 0.400224063282 0 0
70.7 32 101 1.749194 0.602983982319 0.400125836293 0 0
70.8 32 102 1.637046 0.603017419336 0.400028153262 0 0
70.9 32 102 1.727268 0.603051077966 0.399931024326 0 0
71 32 104 1.804606 0.603084965138 0.399834458776 0 0
71.1 32 104 1.83187 0.603119087813 0.399738465875 0 0
71.2 32 103 1.775908 0.603153453374 0.399643054303 0 0
71.3 32 101 1.714735 0.603188068251 0.399548232661 0 0
71.4 32 102 1.855848 0.603222939558 0.399454009213 0 0
71.5 32 102 1.800722 0.603258074538 0.399360391415 0 0
71.6 32 105 1.627501 0.603293479221 0.399267387053 0 0
71.7 32 106 1.686288 0.603329160708 0.399175002162 0 0
71.8 32 104 1.64059 0.603365124428 0.399083243238 0 0
71.9 32 106 1.688633 0.60340137646 0.398992116187 0 0
72 33 109 1.783732 0.603437922016 0.398901626453 0 0
72.1 33 107 1.879414 0.603474766143 0.398811778601 0 0
72.2 33 106 1.784976 0.603511913601 0.398722577646 0 0
72.3 33 108 1.756876 0.603549368135 0.398634027636 0 0
72.4 33 107 1.875165 0.603587132653 0.398546131296 0 0
72.5 33 106 1.87663 0.603625210308 0.39845889234 0 0
72.6 33 106 1.871338 0.603663602489 0.398372313278 0 0
72.7 33 108 1.912785 0.603702310939 0.398286395986 0 0
72.8 33 107 1.818351 0.603741337005 0.398201142184 0 0
72.9 33 109 1.854529 0.603780680554 0.398116553552 0 0
73 33 109 1.774094 0.603820340767 0.398032631233 0 0
73.1 33 107 2.025509 0.603860317581 0.397949375147 0 0
73.2 33 107 1.912482 0.603900608832 0.397866785683 0 0
73.3 33 109 1.925859 0.603941211931 0.397784863025 0 0
73.4 33 106 1.815219 0.603982123957 0.397703605962 0 0
73.5 33 108 1.843772 0.604023341677 0.397623013905 0 0
73.6 33 105 1.877848 0.604064861522 0.397543085716 0 0
73.7 33 109 1.898938 0.604106678778 0.397463819801 0 0
73.8 33 107 1.898372 0.604148788573 0.397385214642 0 0
73.9 33 109 1.978306 0.604191186506 0.397307267981 0 0
74 33 105 1.918185 0.604233866053 0.397229978097 0 0
74.1 33 108 1.88747 0.604276822406 0.397153342421 0 0
74.2 33 109 1.877403 0.604320049513 0.397077358341 0 0
74.3 34 108 1.952763 0.604363540971 0.397002022636 0 0
74.4 34 108 1.954271 0.604407291376 0.396927332758 0 0
74.5 34 110 1.935609 0.604451295182 0.396853284759 0 0
74.6 34 109 1.951071 0.604495545412 0.396779876225 0 0
74.7 34 108 1.990983 0.604540037042 0.39670710301 0 0
74.8 34 111 1.992829 0.604584763596 0.396634962797 0 0
74.9 34 112 1.959608 0.604629719835 0.396563451786 0 0
75 34 109 2.215672 0.604674900506 0.396492565623 0 0
75.1 34 105 2.289778 0.604720301489 0.396422300682 0 0
75.2 35 108 2.195778 0.604765918065 0.396352653489 0 0
75.3 35 109 2.239536 0.604811746166 0.396283620444 0 0
75.4 35 108 2.344005 0.604857781819 0.396215196727 0 0
75.5 35 106 2.300067 0.604904021981 0.396147378972 0 0
75.6 35 112 2.333034 0.604950464259 0.396080163028 0 0
75.7 35 106 2.331799 0.604997106839 0.396013544155 0 0
75.8 35 107 2.23609 0.605043946847 0.395947518711 0 0
75.9 35 108 2.23569 0.605090984329 0.395882082534 0 0
76 35 113 2.344925 0.60513821773 0.395817230831 0 0
76.1 35 106 2.363214 0.605185647052 0.395752959334 0 0
76.2 35 107 2.463415 0.605233272079 0.395689262603 0 0
76.3 35 108 2.24758 0.605281093231 0.395626136735 0 0
76.4 35 111 2.299933 0.605329111987 0.395563576539 0 0
76.5 35 107 2.328966 0.605377328058 0.395501576552 0 0
76.6 35 111 2.219572 0.605425743256 0.395440132481 0 0
76.7 35 108 2.276806 0.605474359873 0.395379238483 0 0
76.8 35 107 2.348551 0.605523178721 0.395318888927 0 0
76.9 35 109 2.360127 0.605572201833 0.39525907759 0 0
77 35 107 2.316124 0.605621430362 0.395199799041 0 0
77.1 35 109 2.441423 0.605670866586 0.395141046256 0 0
77.2 35 105 2.437766 0.605720512103 0.395082813438 0 0
77.3 35 105 2.420553 0.605770368436 0.395025093146 0 0
77.4 35 106 2.483518 0.605820436773 0.394967878462 0 0
77.5 35 110 2.449566 0.605870719062 0.394911161466 0 0
77.6 35 109 2.420401 0.605921215076 0.394854935194 0 0
77.7 35 110 2.450959 0.6059719259 0.394799191557 0 0
77.8 35 110 2.37275 0.606022851691 0.394743921947 0 0
77.9 35 108 2.325938 0.606073992225 0.394689118112 0 0
78 35 108 2.423075 0.606125346842 0.39463477077 0 0
78.1 35 106 2.374658 0.606176914676 0.394580870724 0 0
78.2 35 107 2.376522 0.606228693588 0.394527408516 0 0
78.3 35 105 2.408778 0.60628068194 0.394474374702 0 0
78.4 35 107 2.331241 0.606332877359 0.394421757921 0 0
78.5 35 106 2.442593 0.606385276955 0.394369549132 0 0
78.6 35 110 2.450162 0.606437877277 0.394317736703 0 0
78.7 35 108 2.365157 0.606490673917 0.394266310452 0 0
78.8 35 108 2.360859 0.606543662796 0.394215258631 0 0
78.9 35 107 2.396451 0.606596838632 0.394164569996 0 0
79 35 107 2.374048 0.606650196784 0.394114232576 0 0
79.1 35 106 2.378844 0.606703731392 0.394064234259 0 0
79.2 35 107 2.346367 0.606757436566 0.394014563152 0 0
79.3 35 106 2.400186 0.606811305379 0.393965207193 0 0
79.4 35 108 2.375265 0.606865331955 0.393916153466 0 0
79.5 35 104 2.393999 0.606919509075 0.393867390245 0 0
79.6 35 109 2.383265 0.60697382967 0.393818904786 0 0
79.7 35 105 2.441305 0.607028286227 0.393770684751 0 0
79.8 35 105 2.399822 0.607082872738 0.39372271725 0 0
79.9 35 107 2.404418 0.607137580938 0.393674989765 0 0
80 35 106 2.404734 0.607192404148 0.393627489591 0 0
80.1 35 108 2.431785 0.607247334598 0.39358020428 0 0
80.2 35 109 2.305176 0.607302365306 0.393533121993 0 0
80.3 35 108 2.488781 0.607357489411 0.393486230434 0 0
80.4 35 108 2.391613 0.60741270058 0.393439517176 0 0
80.5 35 109 2.393539 0.607467991661 0.393392970413 0 0
80.6 35 108 2.401332 0.607523356322 0.393346578603 0 0
80.7 35 107 2.309017 0.60757878869 0.393300329793 0 0
80.8 35 105 2.420669 0.60763428318 0.393254213624 0 0
80.9 35 108 2.408097 0.607689833802 0.393208219446 0 0
81 35 108 2.433872 0.607745436106 0.3931623362 0 0
81.1 35 110 2.396586 0.607801085529 0.393116553679 0 0
81.2 35 111 2.438351 0.607856777854 0.393070862133 0 0
81.3 35 109 2.513632 0.607912508398 0.393025252223 0 0
81.4 35 106 2.412941 0.607968274047 0.392979714808 0 0
81.5 35 106 2.531743 0.60802407167 0.392934241502 0 0
81.6 35 110 2.313932 0.608079898575 0.392888823268 0 0
81.7 35 110 2.406808 0.608135751407 0.392843452258 0 0
81.8 35 110 2.669073 0.608191629021 0.392798121436 0 0
81.9 36 108 2.661158 0.608247529924 0.39275282297 0 0
82 36 106 2.734664 0.608303452071 0.392707549809 0 0
82.1 36 109 2.810149 0.60835939487 0.392662294409 0 0
82.2 36 109 2.81495 0.608415356601 0.392617051667 0 0
82.3 36 106 2.800521 0.608471337818 0.392571815151 0 0
82.4 36 108 2.861765 0.608527336236 0.392526579451 0 0
82.5 36 110 2.847454 0.608583352026 0.392481339355 0 0
82.6 36 107 2.846183 0.608639384958 0.392436089632 0 0
82.7 36 107 2.764372 0.608695435497 0.39239082498 0 0
82.8 36 107 2.864885 0.608751502347 0.392345541322 0 0
82.9 36 110 2.725885 0.60880758561 0.392300233659 0 0
83 36 105 2.876663 0.608863685073 0.392254897549 0 0
83.1 36 107 2.812049 0.608919800297 0.392209528626 0 0
83.2 36 107 2.878056 0.60897593076 0.392164123331 0 0
83.3 36 106 2.776266 0.609032076372 0.392118676954 0 0
83.4 36 109 2.788232 0.609088236478 0.392073185615 0 0
83.5 36 108 2.646388 0.609144410666 0.392027645284 0 0
83.6 36 110 2.746991 0.609200597268 0.391982052031 0 0
83.7 36 109 2.679788 0.609256795317 0.391936401789 0 0
83.8 36 111 2.833631 0.609313003631 0.391890689921 0 0
83.9 36 111 2.743517 0.609369221022 0.391844912274 0 0
84 36 111 2.594759 0.609425446331 0.391799064356 0 0
84.1 36 111 2.68844 0.609481676769 0.391753142674 0 0
84.2 36 109 2.777338 0.60953791065 0.391707140969 0 0
84.3 36 109 2.739609 0.609594145511 0.391661055813 0 0
84.4 36 109 2.802291 0.609650379076 0.391614881046 0 0
84.5 36 109 2.724626 0.609706608827 0.391568612025 0 0
84.6 36 110 2.75685 0.609762832219 0.391522243756 0 0
84.7 36 112 2.637829 0.609819046087 0.391475770324 0 0
84.8 36 112 2.638798 0.609875247689 0.391429186518 0 0
84.9 36 112 2.660108 0.609931433886 0.391382486493 0 0
85 36 107 2.848836 0.60998760243 0.391335663291 0 0
85.1 36 110 2.895089 0.610043748875 0.391288711938 0 0
85.2 36 109 2.835511 0.610099870368 0.391241626521 0 0
85.3 36 107 2.732674 0.610155963676 0.391194400005 0 0
85.4 36 108 2.726174 0.610212026221 0.391147026594 0 0
85.5 36 107 2.796985 0.610268054879 0.391099499122 0 0
85.6 36 110 2.802712 0.610324046258 0.391051811724 0 0
85.7 36 110 2.723348 0.6103799978 0.391003958032 0 0
85.8 36 109 2.8155 0.610435906404 0.390955931784 0 0
85.9 36 110 2.746945 0.610491769974 0.390907726611 0 0
86 36 108 2.883268 0.610547585975 0.390859336183 0 0
86.1 36 107 2.900336 0.610603352058 0.390810754624 0 0
86.2 36 106 2.828585 0.610659065749 0.390761975347 0 0
86.3 36 109 2.823089 0.610714725286 0.390712993541 0 0
86.4 36 104 2.79851 0.610770328385 0.390663803101 0 0
86.5 36 107 2.874712 0.610825873937 0.390614399047 0 0
86.6 36 109 2.784236 0.610881361102 0.390564776443 0 0
86.7 36 107 2.987131 0.610936787857 0.390514930457 0 0
86.8 36 108 2.762885 0.61099215403 0.39046485618 0 0
86.9 36 108 2.761479 0.611047458372 0.390414549987 0 0
87 36 107 3.053903 0.611102700635 0.390364008001 0 0
87.1 36 108 2.91509 0.61115788022 0.390313227043 0 0
87.2 36 107 2.875907 0.611212997183 0.390262204198 0 0
87.3 36 110 2.887743 0.611268050797 0.390210936616 0 0
87.4 36 111 2.855342 0.611323041913 0.390159422231 0 0
87.5 36 108 2.92359 0.611377970015 0.390107659011 0 0
87.6 36 108 2.773615 0.611432836133 0.390055645952 0 0
87.7 36 107 2.77406 0.611487639863 0.390003382673 0 0
87.8 36 106 2.856979 0.611542382449 0.389950867198 0 0
87.9 36 107 2.801284 0.611597063428 0.389898100559 0 0
88 36 108 2.924812 0.611651684158 0.389845081456 0 0
88.1 36 113 2.771792 0.611706244067 0.389791812062 0 0
88.2 36 106 2.830788 0.61176074426 0.389738292083 0 0
88.3 36 106 2.968273 0.611815185311 0.389684521982 0 0
88.4 36 108 2.929422 0.611869567505 0.389630504277 0 0
88.5 36 104 2.896326 0.611923890769 0.389576239719 0 0
88.6 36 108 2.881902 0.611978155459 0.389521730103 0 0
88.7 36 107 2.883393 0.612032361512 0.389466977555 0 0
88.8 36 108 2.928685 0.612086509537 0.389411984043 0 0
88.9 36 108 2.976757 0.612140598719 0.389356751486 0 0
89 36 107 2.783533 0.612194629732 0.389301282278 0 0
89.1 36 108 2.792494 0.612248601188 0.389245579054 0 0
89.2 36 107 2.963911 0.612302513249 0.389189644336 0 0
89.3 36 107 2.817975 0.612356365513 0.389133479698 0 0
89.4 36 109 3.059691 0.612410156616 0.389077088236 0 0
89.5 36 108 2.861101 0.612463885924 0.389020471976 0 0
89.6 36 109 2.852273 0.612517552776 0.38896363308 0 0
89.7 36 108 2.776696 0.612571156106 0.388906573834 0 0
89.8 36 108 2.972366 0.612624694281 0.388849296718 0 0
89.9 36 106 2.966271 0.612678166323 0.388791802975 0 0
90 36 109 2.907242 0.61273157199 0.388734094562 0 0
90.1 36 108 2.949078 0.61278490948 0.388676173524 0 0
90.2 36 108 2.9969 0.612838177529 0.38861804066 0 0
90.3 36 107 2.892025 0.612891375344 0.388559698046 0 0
90.4 36 107 2.855099 0.61294450112 0.388501146371 0 0
90.5 36 108 3.002945 0.612997553969 0.38844238689 0 0
90.6 36 107 3.035761 0.613050533501 0.388383420406 0 0
90.7 36 110 2.818293 0.613103437815 0.388324247795 0 0
90.8 36 108 2.841552 0.613156266727 0.388264869813 0 0
90.9 36 108 2.908788 0.613209019252 0.388205286555 0 0
91 36 109 2.814533 0.613261695132 0.388145498753 0 0
91.1 36 107 2.964306 0.61331429435 0.388085507047 0 0
91.2 36 107 3.008527 0.613366816749 0.388025311368 0 0
91.3 36 106 3.101098 0.61341926223 0.387964911663 0 0
91.4 36 108 2.892331 0.613471630669 0.387904309326 0 0
91.5 36 109 2.778408 0.613523923468 0.38784350409 0 0
91.6 36 109 2.871624 0.613576140593 0.387782496584 0 0
91.7 36 108 2.857766 0.613628283661 0.387721287122 0 0
91.8 36 107 2.856293 0.613680353364 0.387659876506 0 0
91.9 36 110 2.95997 0.613732351213 0.387598265083 0 0
92 36 108 2.827845 0.613784279206 0.387536454216 0 0
92.1 36 107 2.892134 0.613836138997 0.387474444398 0 0
92.2 36 108 2.90608 0.613887932681 0.387412236704 0 0
92.3 36 108 2.825526 0.613939662142 0.387349833149 0 0
92.4 36 107 2.84421 0.613991330198 0.387287235302 0 0
92.5 36 107 2.97081 0.614042940064 0.387224444993 0 0
92.6 36 108 2.979307 0.614094494172 0.387161464359 0 0
92.7 36 106 3.005943 0.614145995438 0.387098296042 0 0
92.8 36 107 2.995402 0.614197446857 0.387034943115 0 0
92.9 36 106 2.929955 0.614248851498 0.386971408678 0 0
93 36 106 2.984681 0.614300212528 0.38690769672 0 0
93.1 36 107 2.95645 0.614351533583 0.386843810411 0 0
93.2 36 107 3.011429 0.614402818058 0.386779754112 0 0
93.3 36 111 2.846854 0.614454068794 0.386715532085 0 0
93.4 36 106 3.160888 0.614505288951 0.386651149184 0 0
93.5 36 106 3.063445 0.614556481717 0.38658661045 0 0
93.6 36 107 2.954413 0.614607650059 0.386521921052 0 0
93.7 36 107 2.976936 0.61465879757 0.386457086742 0 0
93.8 36 107 2.9644 0.614709926788 0.386392112641 0 0
93.9 36 108 3.015655 0.614761040614 0.386327005475 0 0
94 36 106 2.999422 0.614812141547 0.386261771224 0 0
94.1 36 108 2.768316 0.61486323193 0.386196416075 0 0
94.2 36 105 3.051683 0.614914313839 0.386130947141 0 0
94.3 36 106 2.930114 0.61496539001 0.38606537051 0 0
94.4 36 106 3.091858 0.615016462477 0.385999692508 0 0
94.5 36 107 3.035541 0.61506753446 0.385933921002 0 0
94.6 36 109 2.906965 0.61511860857 0.385868062352 0 0
94.7 36 109 3.143876 0.615169682577 0.385802123355 0 0
94.8 36 109 3.089668 0.615220757333 0.385736109409 0 0
94.9 36 109 3.09427 0.615271833396 0.385670028019 0 0
95 36 111 2.947737 0.615322911515 0.385603885373 0 0
95.1 36 109 3.17905 0.615373992069 0.385537687991 0 0
95.2 36 109 3.10444 0.61542507559 0.385471442317 0 0
95.3 36 113 2.990487 0.615476161623 0.385405155114 0 0
95.4 36 111 3.193148 0.615527250289 0.385338832123 0 0
95.5 36 110 3.112662 0.61557834211 0.385272479432 0 0
95.6 36 111 3.326526 0.615629437038 0.385206102449 0 0
95.7 36 113 2.945659 0.615680534064 0.385139707148 0 0
95.8 36 112 3.111182 0.615731633238 0.385073298355 0 0
95.9 36 113 3.047153 0.615782734927 0.385006881354 0 0
96 36 111 3.170965 0.615833838511 0.384940461215 0 0
96.1 36 113 3.091067 0.615884943432 0.384874042049 0 0
96.2 36 116 3.125407 0.615936050375 0.384807628312 0 0
96.3 36 115 3.171954 0.615987159559 0.384741223519 0 0
96.4 36 115 3.017381 0.616038270673 0.384674832134 0 0
96.5 36 113 3.141078 0.616089383399 0.384608456977 0 0
96.6 36 116 3.057171 0.61614049921 0.384542101149 0 0
96.7 36 113 3.256248 0.616191618202 0.384475767753 0 0
96.8 36 112 3.204138 0.616242740564 0.384409460076 0 0
96.9 36 115 3.024815 0.616293867266 0.384343179857 0 0
97 36 115 3.07126 0.616344999207 0.384276929411 0 0
97.1 36 117 3.184272 0.616396137562 0.384210710734 0 0
97.2 36 117 2.996968 0.61644728299 0.384144526496 0 0
97.3 36 118 3.193689 0.61649843691 0.384078378227 0 0
97.4 36 118 3.074498 0.616549600953 0.384012267459 0 0
97.5 36 118 3.149825 0.616600776644 0.383946195059 0 0
97.6 36 118 3.124594 0.616651965301 0.383880164226 0 0
97.7 36 116 3.494343 0.616703169069 0.383814175513 0 0
97.8 36 117 3.25224 0.616754388888 0.38374823015 0 0
97.9 36 115 3.405014 0.616805627389 0.383682330178 0 0
98 36 118 3.107953 0.616856886307 0.3836164765 0 0
98.1 36 119 3.215884 0.616908166585 0.383550671157 0 0
98.2 36 119 3.273457 0.61695947149 0.383484915468 0 0
98.3 36 116 3.191588 0.617010802389 0.383419210652 0 0
98.4 36 120 3.050559 0.617062161439 0.383353558736 0 0
98.5 36 121 3.261773 0.617113550153 0.383287961589 0 0
98.6 36 122 3.277298 0.617164970916 0.383222420576 0 0
98.7 36 124 3.204453 0.617216425417 0.383156938591 0 0
98.8 36 121 3.184043 0.617267915491 0.383091517888 0 0
98.9 36 118 3.248027 0.617319443389 0.383026160797 0 0
99 36 118 3.181199 0.617371009836 0.382960870173 0 0
99.1 36 124 3.249664 0.617422616426 0.382895649167 0 0
99.2 36 120 3.164778 0.617474265033 0.382830500983 0 0
99.3 36 120 3.361016 0.617525957155 0.382765428565 0 0
99.4 36 117 3.14887 0.617577693636 0.382700436343 0 0
99.5 36 116 3.172218 0.617629476175 0.382635528537 0 0
99.6 36 117 3.282233 0.617681305248 0.38257070887 0 0
99.7 36 117 3.234368 0.617733182192 0.382505981119 0 0
99.8 36 116 3.171198 0.617785106963 0.382441351062 0 0
99.9 36 117 3.438698 0.617837080987 0.382376823144 0 0
100 36 119 3.202239 0.617889104395 0.382312402789 0 0
