# SIAM excitation B=c_0up^dag|gs> (normalized), method=star
# L=100 U=0.2 V=0.1 dt=0.1 tmax=50 cutoff=1e-10 max_bond_dim=1024
# E_gs=-30.9604679898 gs_bond_dim=36 gs_wall_s=43.608003
# nrm=0.707106780868  G00(t) = -i nrm^2 exp(i E_gs t) A(t)
# t  n_active  bond_dim  wall_s  n0up  n0dw  ReA  ImA
0 100 36 0.005127 1 0.810224417703 1 0
0.1 100 19 0.71075 0.999959721248 0.810192344672 -0.998401554174 0.0556519129935
0.2 100 19 0.689968 0.999838958912 0.810093042408 0.993612291803 -0.111112513519
0.3 100 19 0.694972 0.999637971534 0.809926960811 -0.985650405252 0.166191322517
0.4 100 19 0.720562 0.999357195079 0.809694322811 0.974546113609 -0.220699525838
0.5 100 19 0.705292 0.998997239383 0.809395448089 -0.960341502785 0.274450793294
0.6 100 19 0.713158 0.998558884585 0.809030762093 0.943090305747 -0.327262081428
0.7 100 19 0.712894 0.998043078621 0.808600758038 -0.922857623374 0.378954415113
0.8 100 19 0.701879 0.997450931345 0.80810603017 0.899719588266 -0.429353643
0.9 100 19 0.723815 0.996783714142 0.807547270956 -0.873762973315 0.478291161971
1 100 19 0.698557 0.996042846895 0.806925211696 0.845084749368 -0.525604606499
1.1 100 19 0.710883 0.995229900084 0.806240691217 -0.813791595016 0.571138499163
1.2 100 19 0.715363 0.994346586528 0.805494622466 0.779999361457 -0.614744857748
1.3 100 19 0.717872 0.993394751948 0.804687978883 -0.743832497962 0.656283756767
1.4 100 19 0.708062 0.99237636654 0.803821793909 0.705423441511 -0.695623840176
1.5 100 19 0.72472 0.991293517322 0.802897252121 -0.664911975807 0.732642782931
1.6 100 19 0.718542 0.99014840687 0.801915381845 0.622444562371 -0.767227699743
1.7 100 19 0.71045 0.988943335307 0.800877435464 -0.578173652917 0.799275498934
1.8 100 19 0.725991 0.987680698357 0.799784679701 0.532256982792 -0.828693182179
1.9 100 19 0.722232 0.98636297078 0.798638410639 -0.484856853208 0.85539808744
2 100 19 0.72917 0.984992678974 0.797439916834 0.436139407096 -0.879318077945
2.1 100 19 0.71965 0.983572461322 0.796190616355 -0.386273902667 0.90039167362
2.2 100 19 0.701102 0.982104963695 0.794891879768 0.335431987439 -0.918568133545
2.3 100 19 0.704714 0.980592893606 0.793545177272 -0.283786982372 0.93380747943
2.4 100 19 0.70416 0.979038991105 0.792151899073 0.231513173253 -0.946080470478
2.5 100 19 0.712874 0.977446014325 0.790713491416 -0.178785118982 0.955368531688
2.6 100 19 0.702369 0.975816736814 0.789231417664 0.125776977242 -0.961663634144
2.7 100 19 0.720174 0.97415392641 0.787707116448 -0.0726618499244 0.964968128671
2.8 100 19 0.728009 0.972460347466 0.786142032993 0.0196111564066 -0.965294542867
2.9 100 19 0.726458 0.9707387545 0.784537591679 0.0332059686949 0.962665336575
3 100 19 0.713208 0.968991859385 0.782895222196 -0.0856232502763 -0.957112627367
3.1 100 19 0.713231 0.967222320512 0.781216359365 0.137477814786 0.948677875697
3.2 100 19 0.707038 0.965432787123 0.779502348923 -0.188610696913 -0.93741155228
3.3 100 19 0.724764 0.96362583521 0.777754549568 0.238867319427 0.923372773576
3.4 100 19 0.729088 0.961803966535 0.775974318344 -0.288097935981 -0.906628919438
3.5 100 19 0.724839 0.959969634188 0.774162928794 0.336158036842 0.887255229775
3.6 100 19 0.708657 0.958125201993 0.772321672221 -0.382908727156 -0.865334390781
3.7 100 19 0.699044 0.956272950929 0.770451774407 0.428217064119 0.840956101294
3.8 100 19 0.697989 0.954415069996 0.768554482295 -0.471956364601 -0.814216643485
3.9 100 19 0.70037 0.952553649943 0.766630934687 0.51400648112 0.78521842113
4 100 19 0.699721 0.950690677078 0.764682268587 -0.554254039743 -0.754069524741
4.1 100 19 0.698403 0.948828037278 0.762709583874 0.592592653929 0.720883277897
4.2 100 19 0.69997 0.9469675093 0.760713939203 -0.628923105365 -0.685777785479
4.3 100 19 0.708786 0.945110757405 0.758696355666 0.663153497135 0.648875484243
4.4 100 19 0.722736 0.943259317855 0.756657808778 -0.695199377635 -0.61030269577
4.5 100 19 0.703838 0.941414653256 0.75459916122 0.72498384781 0.570189185187
4.6 100 19 0.729085 0.939578040608 0.752521383362 -0.752437634598 -0.528667737833
4.7 100 19 0.730032 0.937750663792 0.750425322583 0.777499146544 0.485873717619
4.8 100 19 0.731066 0.935933562092 0.748311874115 -0.800114517866 -0.441944662591
4.9 100 19 0.717434 0.934127724477 0.746181709186 0.820237609875 0.397019837073
5 100 19 0.713959 0.932333978453 0.744035563441 -0.837830022364 -0.351239869898
5.1 100 19 0.6913 0.930553048926 0.741874134786 0.852861075093 0.304746335677
5.2 100 19 0.697717 0.928785524781 0.739698068145 -0.86530776355 -0.257681373082
5.3 100 19 0.681442 0.927031895582 0.737507981275 0.875154716289 0.21018729001
5.4 100 19 0.70867 0.925292543408 0.735304460604 -0.882394137794 -0.162406210139
5.5 100 19 0.705925 0.923567746157 0.733088050404 0.887025727244 0.114479698036
5.6 100 19 0.684325 0.921857670284 0.730859341135 -0.889056611372 -0.0665484057187
5.7 100 19 0.677638 0.920162409709 0.728618748647 0.88850119621 0.018751715831
5.8 100 19 0.676913 0.918481958695 0.726366734874 -0.885381107238 0.0287725939864
5.9 100 19 0.669968 0.916816216975 0.724103729103 0.879725031286 -0.0758886989075
6 100 19 0.680526 0.915165017372 0.721830137855 -0.871568611155 0.122463046546
6.1 100 19 0.693501 0.91352812007 0.719546359482 0.860954291437 -0.168364690511
6.2 100 19 0.705075 0.911905202401 0.717252746261 -0.847931131439 0.213465608061
6.3 100 19 0.693358 0.910295889774 0.714949645375 0.832554667631 -0.257641011617
6.4 100 19 0.686322 0.90869976047 0.712637391062 -0.814886723363 0.300769660258
6.5 100 19 0.703902 0.907116342029 0.71031630582 0.794995204526 -0.342734156155
6.6 100 19 0.705473 0.905545103397 0.707986681322 -0.772953890084 0.383421228871
6.7 100 19 0.716031 0.903985482548 0.705648805504 0.748842212548 -0.422722028864
6.8 100 19 0.699032 0.902436847373 0.703303019706 -0.72274502825 0.460532407527
6.9 100 19 0.672939 0.900898588641 0.700949558238 0.694752353437 -0.49675317229
7 100 19 0.719551 0.899370095471 0.698588668424 -0.664959112724 0.531290361125
7.1 100 19 0.708722 0.897850739083 0.696220600446 0.633464852837 -0.564055482209
7.2 100 19 0.718957 0.896339872612 0.693845615946 -0.60037345344 0.594965748715
7.3 100 19 0.714685 0.894836875146 0.691463938682 0.565792807518 -0.623944287534
7.4 100 19 0.701233 0.893341108698 0.689075832392 -0.529834523125 0.650920375452
7.5 100 19 0.704845 0.891851994472 0.686681486845 0.492613555723 -0.675829591245
7.6 100 19 0.704588 0.890368840325 0.684281214142 -0.45424791235 0.698614017202
7.7 100 19 0.705296 0.888891086554 0.681875274695 0.414858251572 -0.719222408001
7.8 100 19 0.684134 0.887418158436 0.67946388997 -0.37456752541 0.737610281367
7.9 100 19 0.687343 0.885949514664 0.677047287694 0.333500602377 -0.753740054514
8 100 19 0.685955 0.884484655857 0.674625734667 -0.291783882006 0.767581172953
8.1 100 19 0.69346 0.883023125105 0.672199490416 0.2495448948 -0.77911015545
8.2 100 19 0.689434 0.881564523363 0.669768810816 -0.20691189582 0.788310646542
8.3 100 19 0.684924 0.880108398214 0.66733396706 0.164013488888 -0.795173419023
8.4 100 19 0.689065 0.878654415046 0.664895230308 -0.120978179659 0.799696416337
8.5 100 19 0.693629 0.877202267304 0.662452862726 0.0779339936068 -0.801884699646
8.6 100 19 0.688969 0.875751699078 0.660007160059 -0.035008045793 0.801750421055
8.7 100 19 0.695101 0.87430250206 0.657558381027 -0.00767383504711 -0.799312715731
8.8 100 19 0.69708 0.872854506638 0.655106802169 0.0499875259329 0.794597630058
8.9 100 19 0.684579 0.871407581363 0.652652727474 -0.0918110089935 -0.787637990218
9 100 19 0.688747 0.869961629548 0.650196427826 0.133024724234 0.778473239099
9.1 100 19 0.691697 0.868516621966 0.647738193813 -0.173511979437 -0.76714927841
9.2 100 19 0.68948 0.867072567246 0.645278318045 0.213159297871 0.753718266436
9.3 100 19 0.690319 0.865629523994 0.642817108174 -0.251856778498 -0.738238403986
9.4 100 19 0.683928 0.864187574786 0.640354860717 0.289498404757 0.720773675897
9.5 100 19 0.6921 0.862746850109 0.637891861071 -0.325982373752 -0.701393598673
9.6 100 19 0.694497 0.861307515111 0.635428406902 0.361211398223 0.680172947266
9.7 100 19 0.691165 0.859869769484 0.632964801125 -0.395092984225 -0.657191454013
9.8 100 19 0.694523 0.858433842639 0.630501336781 0.42753967638 0.632533493795
9.9 100 19 0.698145 0.856999952765 0.628038342245 -0.458469303782 -0.60628777058
10 100 19 0.698536 0.855568419753 0.625576090188 0.487805192376 0.578546950331
10.1 100 19 0.703166 0.854139546985 0.623114864179 -0.515476345991 -0.549407334392
10.2 100 19 0.700875 0.852713663561 0.620654977436 0.54141763388 0.518968500113
10.3 100 19 0.704088 0.851291111927 0.618196693039 -0.565569888558 -0.487332928849
10.4 100 19 0.704393 0.849872263227 0.615740334673 0.587880097883 0.454605632584
10.5 100 19 0.706797 0.848457500259 0.613286118317 -0.608301377551 -0.420893792322
10.6 100 19 0.699759 0.847047171709 0.610834349309 0.626793159644 0.386306421186
10.7 100 19 0.694853 0.845641648362 0.608385340308 -0.643321220266 -0.350953899136
10.8 100 19 0.702747 0.844241319198 0.60593933409 0.657857620638 0.314947699756
10.9 100 19 0.717985 0.842846557993 0.603496581435 -0.670380774342 -0.278399963334
11 100 19 0.737334 0.841457736312 0.601057337764 0.680875423991 0.241423143267
11.1 100 19 0.737336 0.840075220963 0.598621856462 -0.689332591688 -0.204129656675
11.2 100 19 0.736658 0.838699369302 0.596190398477 0.695749511169 0.166631513952
11.3 100 19 0.746049 0.837330533325 0.59376321775 -0.700129557473 -0.129039994766
11.4 100 19 0.740188 0.83596903307 0.59134051058 0.702482114616 0.0914653246234
11.5 100 19 0.737107 0.834615167404 0.588922527355 -0.702822498207 -0.0540163792018
11.6 100 19 0.738091 0.833269240365 0.586509484571 0.701171783035 0.0168003185685
11.7 100 19 0.74079 0.83193153038 0.584101580602 -0.697556704304 0.0200777078693
11.8 100 19 0.738583 0.830602303766 0.5816991278 0.692009470418 -0.0565148143514
11.9 100 19 0.739354 0.829281762807 0.579302240721 -0.684567529689 0.0924106636546
12 100 19 0.747426 0.827970107017 0.576911135651 0.675273470454 -0.127667726604
12.1 100 19 0.75612 0.826667519586 0.574525968609 -0.664174757642 0.162191511518
12.2 100 19 0.75259 0.825374157608 0.572146946086 0.651323591115 -0.195890855468
12.3 100 19 0.749385 0.824090163768 0.569774248205 -0.63677663527 0.228678087786
12.4 100 19 0.75017 0.822815613961 0.567408058061 0.62059480391 -0.260469222166
12.5 100 19 0.741423 0.821550603431 0.565048519051 -0.602843022606 0.291184192432
12.6 100 19 0.733057 0.820295202193 0.562695816474 0.58359001089 -0.320747032466
12.7 100 19 0.729786 0.81904941515 0.560350089588 -0.562908001681 0.349085971346
12.8 100 19 0.733955 0.817813262987 0.558011492687 0.540872523437 -0.376133659059
12.9 100 19 0.759278 0.81658673382 0.555680161764 -0.517562121618 0.401827260019
13 100 19 0.540082 0.815369795915 0.553356248122 0.493058115001 -0.426108606175
13.1 100 19 0.681101 0.814162395508 0.551039895845 -0.467444316587 0.448924270287
13.2 100 19 0.517787 0.812964482004 0.548731233796 0.440806772301 -0.470225702386
13.3 100 19 0.515391 0.811775938327 0.546430389747 -0.413233504897 0.489969240744
13.4 100 19 0.520058 0.810596659677 0.544137486748 0.384814228547 -0.508116243975
13.5 100 19 0.518997 0.809426527492 0.54185264275 -0.35564008008 0.52463312506
13.6 100 19 0.527843 0.808265556467 0.539575870219 0.325803315157 -0.539491394562
13.7 100 19 0.71076 0.807113471626 0.537307379183 -0.29539713161 0.552667679859
13.8 100 19 0.707365 0.805970124458 0.535047284052 0.26451529525 -0.564143753656
13.9 100 19 0.657255 0.804835351556 0.532795689043 -0.233251902786 0.573906519616
14 100 19 0.601112 0.803708984329 0.530552698238 0.201701107005 -0.581948009859
14.1 100 19 0.707148 0.802590856245 0.528318431877 -0.169956835369 0.588265374105
14.2 100 19 0.710508 0.801480808553 0.526092976146 0.138112541972 -0.592860795971
14.3 100 19 0.697311 0.80037864265 0.523876437318 -0.10626092304 0.595741478716
14.4 100 19 0.663557 0.799284239067 0.521668888762 0.0744936611982 -0.596919549959
14.5 100 19 0.689204 0.798197404965 0.519470431883 -0.0429011660873 0.596412008096
14.6 100 19 0.569661 0.797117980634 0.517281137427 0.0115723260665 -0.594240604626
14.7 100 19 0.693066 0.796045816879 0.515101097238 0.019405760466 0.590431755184
14.8 100 19 0.582677 0.794980769012 0.51293039297 -0.049948018975 -0.585016410597
14.9 100 19 0.617548 0.793922698482 0.510769098279 0.0799716269735 0.578029913903
15 100 19 0.719465 0.792871486103 0.508617312634 -0.109396279996 -0.569511893177
15.1 100 19 0.712558 0.791827008928 0.506475105367 0.138144357752 0.559506039598
15.2 100 19 0.725614 0.790789175071 0.504342541012 -0.166141177662 -0.548059997552
15.3 100 19 0.707477 0.789757843281 0.502219771645 0.193315194919 0.535225110024
15.4 100 19 0.711701 0.788732981247 0.500106796522 -0.219598146824 -0.52105630018
15.5 100 19 0.718935 0.787714509361 0.498003722923 0.244925290312 0.505611803309
15.6 100 20 0.723517 0.786702373532 0.495910602772 -0.269235525796 -0.488952992663
15.7 100 20 0.715419 0.785696516354 0.493827517141 0.29247159231 0.471144112385
15.8 100 20 0.537438 0.784696918679 0.49175452963 -0.314580165314 -0.452252128949
15.9 100 20 0.59472 0.783703548555 0.489691744597 0.335512016435 0.432346414069
16 100 20 0.729609 0.782716428163 0.487639191882 -0.355222094647 -0.41149850598
16.1 100 20 0.72724 0.781735619109 0.485596915651 0.37366964167 0.389781881058
16.2 100 20 0.725772 0.78076109527 0.483565048358 -0.390818316404 -0.367271664277
16.3 100 20 0.670847 0.779792962722 0.481543620531 0.406636191986 0.344044387565
16.4 100 20 0.523941 0.778831160091 0.479532855751 -0.421095942797 -0.320177577452
16.5 100 20 0.650689 0.777875800519 0.477532651551 0.43417441808 0.295749954494
16.6 100 20 0.514656 0.776926949282 0.475543057026 -0.445853186258 -0.270840702703
16.7 100 20 0.517639 0.775984683716 0.473564134617 0.456118352477 0.245529360647
16.8 100 20 0.515338 0.775049088593 0.471595952603 -0.464960535002 -0.219895548244
16.9 100 20 0.514531 0.774120244032 0.469638562893 0.472374819673 0.194018716139
17 100 20 0.519655 0.773198266762 0.467692057146 -0.478360763683 -0.16797787236
17.1 100 20 0.517599 0.772283258185 0.465756480254 0.482922244267 0.141851364788
17.2 100 20 0.522792 0.77137532316 0.463831903613 -0.486067437021 -0.115716614832
17.3 100 20 0.523872 0.77047457744 0.461918314767 0.487808727206 0.0896499670111
17.4 100 20 0.521583 0.769581131503 0.460015822842 -0.488162574739 -0.0637262348461
17.5 100 20 0.526293 0.768695135526 0.458124495215 0.487149435438 0.0380186490748
17.6 100 20 0.521005 0.767816676576 0.456244387197 -0.484793568016 -0.0125986993789
17.7 100 20 0.524397 0.766945870459 0.454375579276 0.481122955066 -0.0124642161745
17.8 100 20 0.522859 0.766082827163 0.452518105503 -0.476169102916 0.0371028223498
17.9 100 20 0.520658 0.765227673426 0.450672019598 0.469966912253 -0.0612522794249
18 100 20 0.51905 0.764380499205 0.448837426617 -0.462554462605 0.0848503442138
18.1 100 20 0.518838 0.763541393389 0.44701432767 0.453972937952 -0.107837331218
18.2 100 20 0.517464 0.762710444096 0.445202790801 -0.444266343362 0.130156483065
18.3 100 20 0.51583 0.761887735164 0.443402879075 0.433481354613 -0.151754031371
18.4 100 20 0.515073 0.761073339176 0.441614626713 -0.421667098104 0.172579240296
18.5 100 21 0.517794 0.760267325248 0.439838097719 0.408874975915 -0.192584610392
18.6 100 21 0.515359 0.75946975149 0.438073348961 -0.395158456516 0.211725908083
18.7 100 21 0.519294 0.758680671538 0.4363204192 0.380572870576 -0.229962260059
18.8 100 21 0.519539 0.757900122023 0.434579347393 -0.365175206228 0.247256195197
18.9 100 21 0.518953 0.757128135869 0.4328501738 0.34902390511 -0.26357372295
19 100 21 0.518895 0.756364731823 0.431132957724 -0.332178649077 0.278884404586
19.1 100 21 0.520155 0.755609921376 0.429427713544 0.314700162435 -0.293161276628
19.2 100 21 0.52162 0.754863712292 0.427734482901 -0.296650003953 0.306380983452
19.3 100 21 0.522231 0.754126100545 0.426053339302 0.278090354732 -0.318523778112
19.4 100 21 0.518907 0.753397065724 0.424384280808 -0.259083837779 0.329573382892
19.5 100 21 0.52052 0.752676583117 0.422727338429 0.239693312001 -0.339517110481
19.6 100 21 0.524961 0.751964618973 0.421082554679 -0.219981670154 0.348345815322
19.7 100 21 0.521987 0.751261131863 0.419449951057 0.200011665708 -0.356053809921
19.8 100 21 0.52888 0.750566072102 0.417829542592 -0.179845723067 0.362638848085
19.9 100 21 0.530556 0.749879382733 0.416221340434 0.159545759793 -0.368102070289
20 100 21 0.527687 0.749201002533 0.414625365253 -0.139172993942 0.372447962433
20.1 100 21 0.528163 0.748530860558 0.41304162415 0.118787792739 -0.375684249941
20.2 100 21 0.531333 0.747868882951 0.411470132095 -0.0984494871451 0.377821851022
20.3 100 21 0.528973 0.747214991882 0.40991089641 0.0782162343689 -0.378874771942
20.4 100 21 0.539108 0.746569096222 0.408363912635 -0.0581448431933 0.378860000259
20.5 100 21 0.534207 0.745931114473 0.406829183164 0.0382906505346 -0.377797447638
20.6 100 22 0.532982 0.745300958965 0.405306702318 -0.0187073566576 0.375709811918
20.7 100 22 0.535775 0.744678541028 0.403796457734 -0.00055309975744 -0.372622476347
20.8 100 22 0.533301 0.744063766501 0.402298465887 0.0194406979553 0.368563388709
20.9 100 22 0.529971 0.743456515605 0.400812713752 -0.0379073929026 -0.363562940354
21 100 22 0.53568 0.742856737227 0.399339157965 0.055907273692 0.357653812646
21.1 100 22 0.534376 0.742264338979 0.397877775896 -0.0733966652599 -0.350870872849
21.2 100 22 0.536085 0.741679233645 0.396428554704 0.0903342467 0.343251031416
21.3 100 22 0.534369 0.74110133063 0.394991468809 -0.106681101342 -0.334833076808
21.4 100 22 0.535567 0.740530544345 0.393566499724 0.122400841235 0.325657547512
21.5 100 22 0.606784 0.739966793589 0.392153626975 -0.137459657904 -0.315766563455
21.6 100 22 0.586305 0.739410003171 0.390752810656 0.151826379433 0.305203695824
21.7 100 22 0.696186 0.738860102114 0.389364047514 -0.165472572345 -0.294013783852
21.8 100 22 0.56673 0.738317022162 0.387987272097 0.178372532114 0.282242794286
21.9 100 22 0.533069 0.737780702629 0.386622451647 -0.190503376205 -0.269937644381
22 100 23 0.535674 0.737251086972 0.38526954823 0.20184504561 0.257146034446
22.1 100 23 0.532977 0.736728075578 0.38392853743 -0.212380396493 -0.243916259921
22.2 100 23 0.531664 0.736211678844 0.382599356098 0.222095031882 0.230297130825
22.3 100 23 0.530148 0.735701850586 0.381281958095 -0.230977486612 -0.216337732567
22.4 100 23 0.535424 0.735198554906 0.379976308422 0.239019153336 0.202087267726
22.5 100 23 0.534128 0.734701761869 0.378682370668 -0.246214286192 -0.187594889437
22.6 100 23 0.531411 0.734211494469 0.377400115457 0.252559961038 0.172909557017
22.7 100 23 0.530385 0.733727694923 0.376129462698 -0.258055996896 -0.158079880429
22.8 100 23 0.540176 0.733250349369 0.374870422996 0.262704979251 0.143153936924
22.9 100 23 0.537652 0.732779452559 0.373622867154 -0.266512171481 -0.1281791212
23 100 23 0.533959 0.732314994805 0.372386797536 0.269485456004 0.113202015631
23.1 100 23 0.535744 0.731856973028 0.371162207376 -0.271635287799 -0.0982682075788
23.2 100 23 0.537136 0.731405388518 0.369949049664 0.272974578055 0.0834221849755
23.3 100 23 0.533775 0.730960241087 0.368747247084 -0.273518611629 -0.0687071939847
23.4 100 23 0.533892 0.730521571486 0.367556809706 0.273284985329 0.0541650720977
23.5 100 23 0.534036 0.730089327098 0.366377683091 -0.272293418506 -0.0398361841236
23.6 100 23 0.540695 0.7296635654 0.365209818881 0.27056572072 0.0257592778606
23.7 100 23 0.617846 0.729244302422 0.364053195619 -0.268125666832 -0.0119713570462
23.8 100 24 0.555975 0.728831556306 0.362907754086 0.264998831107 -0.00149233745108
23.9 100 24 0.537738 0.728425344776 0.361773472194 -0.26121251014 0.0145985093458
24 100 24 0.559392 0.728025732687 0.360650295058 0.256795568953 -0.0273158473901
24.1 100 24 0.538026 0.727632680301 0.359538215455 -0.251778271601 0.0396150648035
24.2 100 24 0.546177 0.727246228848 0.358437127025 0.246192254749 -0.0514690089732
24.3 100 24 0.5463 0.726866372716 0.357347067555 -0.240070163006 0.0628527505282
24.4 100 24 0.619085 0.72649312347 0.356268007275 0.233445711321 -0.0737435312086
24.5 100 24 0.643251 0.726126455594 0.355199924913 -0.226353439542 0.0841208887447
24.6 100 24 0.562837 0.725766409167 0.354142786521 0.218828661508 -0.0939665349221
24.7 100 24 0.552746 0.72541299243 0.353096561447 -0.210907230882 0.103264504011
24.8 100 24 0.578467 0.72506620687 0.352061226606 0.202625423504 -0.112001132325
24.9 100 24 0.548858 0.724726055368 0.35103675916 -0.194019802461 0.120165026218
25 100 24 0.663513 0.724392510496 0.350023127377 0.185127068733 -0.127747062894
25.1 100 24 0.768741 0.724065586294 0.349020293846 -0.175983930835 0.13474035931
25.2 100 24 0.604086 0.72374526786 0.348028232277 0.166626970897 -0.141140259746
25.3 100 24 0.555148 0.723431546572 0.347046933992 -0.157092501094 0.146944300839
25.4 100 24 0.554695 0.723124397753 0.346076345887 0.147416455202 -0.152152133254
25.5 100 24 0.603338 0.722823776947 0.345116451905 -0.137634275074 0.156765473079
25.6 100 24 0.549236 0.722529677453 0.34416720127 0.127780768495 -0.160788086299
25.7 100 24 0.550272 0.722242063031 0.343228570725 -0.117890016474 0.164225680809
25.8 100 24 0.548658 0.721960899006 0.342300526589 0.107995259879 -0.167085863647
25.9 100 24 0.560201 0.721686127975 0.341383035178 -0.0981288148119 0.169378045497
26 100 25 0.558144 0.721417718274 0.340476059158 0.0883219408165 -0.171113372888
26.1 100 25 0.577568 0.721155622194 0.339579561225 -0.0786048088802 0.172304623199
26.2 100 25 0.550453 0.720899787605 0.338693494725 0.0690063876173 -0.172966135361
26.3 100 25 0.550466 0.720650158887 0.337817815965 -0.0595543748121 0.173113714718
26.4 100 25 0.553988 0.720406672514 0.336952486794 0.0502751268297 -0.172764529216
26.5 100 25 0.550531 0.720169279497 0.336097470373 -0.0411935916171 0.171937055882
26.6 100 25 0.551783 0.719937907829 0.335252703792 0.0323332968755 -0.17065088915
26.7 100 25 0.54699 0.719712490529 0.334418136359 -0.0237162530443 0.168926727144
26.8 100 25 0.550627 0.719492958405 0.333593718941 0.0153629344423 -0.166786232741
26.9 100 25 0.54933 0.719279242681 0.332779401996 -0.00729222842474 0.16425194286
27 100 25 0.549271 0.719071273768 0.331975126712 -0.000478576519767 -0.161347154794
27.1 100 25 0.547263 0.718868980267 0.331180829026 0.007933820227 0.158095839049
27.2 100 25 0.551349 0.718672344696 0.330396410333 -0.015059496871 -0.154522500085
27.3 100 25 0.567123 0.718481243565 0.329621842094 0.0218432476455 0.150652147989
27.4 100 26 0.553255 0.718295603956 0.328857058818 -0.0282743859434 -0.146510126703
27.5 100 26 0.570274 0.718115353329 0.328101992092 0.0343438911479 0.142122035072
27.6 100 26 0.554991 0.717940419446 0.327356572065 -0.0400444022656 -0.137513627966
27.7 100 26 0.554667 0.717770730876 0.326620733255 0.0453702136457 0.132710716016
27.8 100 26 0.553296 0.717606218097 0.325894398359 -0.0503172411311 -0.127739071576
27.9 100 26 0.55542 0.71744681808 0.325177506418 0.0548830419832 0.122624331844
28 100 26 0.623557 0.717292452881 0.324469989391 -0.0590667401325 -0.117391892305
28.1 100 26 0.559503 0.717143051841 0.323771774605 0.0628689909881 0.112066878514
28.2 100 26 0.563734 0.716998558177 0.323082767717 -0.0662920024575 -0.106673945019
28.3 100 26 0.557629 0.716858909371 0.322402880654 0.0693394463613 0.101237279637
28.4 100 26 0.560034 0.716724046582 0.321732040839 -0.0720164508767 -0.0957804823378
28.5 100 26 0.558592 0.716593922713 0.321070158202 0.0743295207757 0.0903265229446
28.6 100 26 0.619379 0.716468475878 0.320417161189 -0.076286503742 -0.0848975866379
28.7 100 26 0.748344 0.71634765567 0.319772967098 0.0778965189254 0.07951507106
28.8 100 26 0.777387 0.716231414817 0.319137493705 -0.0791699025705 -0.0741994925346
28.9 100 26 0.63911 0.716119709807 0.31851066305 0.0801181504113 0.0689704229324
29 100 26 0.651456 0.716012497987 0.317892392194 -0.0807538281902 -0.0638464163916
29.1 100 26 0.562835 0.715909739012 0.317282598012 0.0810905162114 0.058844964384
29.2 100 26 0.788112 0.715811400737 0.316681199171 -0.081142731701 -0.0539824251495
29.3 100 26 0.660842 0.71571744507 0.31608811367 0.0809258314903 0.0492739942084
29.4 100 26 0.679406 0.715627816679 0.315503274028 -0.0804559926681 -0.044733665934
29.5 100 26 0.587668 0.715542538783 0.314926565636 0.0797500220179 0.040374134434
29.6 100 26 0.565637 0.71546154228 0.314357945879 -0.0788254099429 -0.0362068217333
29.7 100 26 0.56488 0.715384814344 0.313797292459 0.0777000817083 0.0322418578468
29.8 100 26 0.564373 0.715312323308 0.313244586864 -0.0763924217251 -0.0284879969378
29.9 100 26 0.562128 0.715244043247 0.31269976249 0.0749211523704 0.0249526530818
30 100 26 0.566983 0.715179967329 0.312162665253 -0.0733052201506 -0.0216418915443
30.1 100 26 0.560486 0.715120057056 0.311633297418 0.0715637612809 0.0185603686607
30.2 100 26 0.561739 0.715064297251 0.311111542038 -0.06971595105 -0.0157113814881
30.3 100 26 0.563513 0.715012661748 0.310597354255 0.0677809362931 0.0130968530831
30.4 100 26 0.561236 0.714965134449 0.310090699676 -0.0657777452696 -0.0107173561814
30.5 100 26 0.5614 0.714921709179 0.309591451757 0.0637251921147 0.00857214563278
30.6 100 27 0.561437 0.714882342295 0.309099570972 -0.0616417734386 -0.00665911781075
30.7 100 27 0.563134 0.714847034853 0.30861496126 0.0595456132672 0.004974938547
30.8 100 27 0.561924 0.714815759463 0.308137610123 -0.0574543608162 -0.00351501628715
30.9 100 27 0.562671 0.714788490814 0.307667452632 0.0553850975305 0.00227355230988
31 100 27 0.567856 0.714765208228 0.307204393098 -0.0533542811548 -0.00124360823553
31.1 100 27 0.562722 0.714745887661 0.306748378602 0.0513776656671 0.00041713962086
31.2 100 27 0.563047 0.714730508439 0.306299374537 -0.0494702292887 0.00021493448073
31.3 100 27 0.561559 0.714719046235 0.3058573064 0.0476461102174 -0.000662671421357
31.4 100 27 0.562456 0.714711458394 0.305422170986 -0.0459185595113 0.000937029028935
31.5 100 27 0.565082 0.714707735055 0.304993852181 0.0442998479908 -0.00104983529614
31.6 100 27 0.559261 0.714707848386 0.30457228777 -0.0428012441484 0.00101366295441
31.7 100 27 0.547882 0.714711765771 0.304157441861 0.0414329708417 -0.000841782448497
31.8 100 27 0.547506 0.714719454131 0.30374924168 -0.0402041600183 0.000548074090784
31.9 100 27 0.5543 0.714730875952 0.303347660271 0.0391228186976 -0.000146954319852
32 100 27 0.553216 0.714745994153 0.302952576221 -0.0381957968897 -0.000346720013187
32.1 100 27 0.547776 0.714764777404 0.302563995646 0.037428788127 0.000917715141673
32.2 100 27 0.547888 0.714787172195 0.302181813121 -0.0368262755233 -0.00155053942036
32.3 100 27 0.551313 0.714813151559 0.301805982686 0.0363915707515 0.00222948114448
32.4 100 27 0.553505 0.714842665502 0.301436460847 -0.0361267588378 -0.00293872772311
32.5 100 27 0.550324 0.714875679667 0.301073174578 0.0360327449998 0.00366243886979
32.6 100 27 0.550865 0.714912152714 0.300716061166 -0.0361092335409 -0.00438482711933
32.7 100 27 0.552107 0.714952035378 0.300365068611 0.0363547433209 0.00509025064107
32.8 100 27 0.558598 0.714995289617 0.300020108255 -0.0367666386842 -0.00576327805255
32.9 100 27 0.554914 0.715041846271 0.299681046247 0.0373411607154 0.00638877044329
33 100 27 0.55276 0.715091681545 0.299347971726 -0.0380734180377 -0.00695198539087
33.1 100 27 0.677476 0.715144738705 0.299020728256 0.0389574660092 0.00743860415588
33.2 100 27 0.623597 0.715200965843 0.29869933994 -0.0399863237699 -0.00783482778746
33.3 100 27 0.572042 0.715260318234 0.298383579768 0.0411520058778 0.00812743504322
33.4 100 27 0.634282 0.715322762644 0.298073476242 -0.0424455230246 -0.00830388584917
33.5 100 27 0.590164 0.715388226037 0.297768968093 0.0438571102752 0.00835230555597
33.6 100 27 0.585849 0.71545665748 0.297469913238 -0.0453760951388 -0.00826157717563
33.7 100 27 0.573248 0.715528008936 0.297176364723 0.0469910229843 0.00802141578537
33.8 100 27 0.574457 0.715602219234 0.296888204536 -0.0486897095973 -0.00762239282652
33.9 100 27 0.590739 0.71567924777 0.296605283567 0.0504593133863 0.00705597632976
34 100 27 0.57033 0.715759037225 0.29632761575 -0.052286382941 -0.00631458428995
34.1 100 27 0.628761 0.715841547316 0.296055050429 0.0541569230687 0.00539160759932
34.2 100 27 0.774894 0.715926730236 0.295787458613 -0.0560564731715 -0.00428144804979
34.3 100 27 0.696714 0.716014526698 0.295524846789 0.0579701572124 0.00297953776964
34.4 100 27 0.667012 0.716104907875 0.295267128901 -0.059882783298 -0.00148238124739
34.5 100 27 0.558655 0.716197815665 0.295014225484 0.0617788796174 -0.000212458115918
34.6 100 27 0.564543 0.716293209748 0.294766052902 -0.0636427831866 0.00210631944875
34.7 100 27 0.570972 0.716391046535 0.294522530583 0.0654587055004 -0.00419944753553
34.8 100 27 0.559824 0.71649127708 0.294283591771 -0.0672107927002 0.00649097835692
34.9 100 27 0.559873 0.716593874065 0.294049154529 0.0688832303779 -0.00897894061827
35 100 27 0.55641 0.716698799923 0.293819123743 -0.0704602801554 0.0116602773206
35.1 100 27 0.556577 0.716806000962 0.29359346162 0.0719263517771 -0.014530810452
35.2 100 27 0.610794 0.716915437002 0.293372055769 -0.0732660927786 0.0175852880779
35.3 100 28 0.545486 0.717027071154 0.293154834189 0.0744644273473 -0.0208173914468
35.4 100 28 0.563633 0.71714086618 0.292941749049 -0.075506668906 0.0242197353972
35.5 100 28 0.63404 0.717256788571 0.292732730166 0.0763785387425 -0.0277839182393
35.6 100 28 0.552163 0.717374800273 0.292527670408 -0.0770662673498 0.0315005328301
35.7 100 28 0.547379 0.717494865565 0.292326537473 0.0775566286351 -0.0353591967824
35.8 100 28 0.545635 0.717616955052 0.292129301626 -0.0778370211386 0.0393485868797
35.9 100 28 0.540881 0.717741037067 0.291935809088 0.077895525499 -0.0434564738288
36 100 28 0.535761 0.717867080762 0.291745973556 -0.0777209563609 0.0476697648921
36.1 100 28 0.541862 0.717995065239 0.291559868894 0.0773029279777 -0.0519745577188
36.2 100 28 0.545449 0.718124944171 0.29137726878 -0.0766318934957 0.056356166747
36.3 100 28 0.538524 0.718256702073 0.291198237709 0.0756992084539 -0.060799190298
36.4 100 28 0.543414 0.718390302358 0.291022687755 -0.0744971705599 0.065287557938
36.5 100 28 0.544672 0.718525717467 0.290850529712 0.0730190781752 -0.0698045882784
36.6 100 28 0.546009 0.718662925949 0.290681700135 -0.0712592536485 0.0743330646912
36.7 100 28 0.567266 0.718801886067 0.290516157987 0.0692130945926 -0.0788552554829
36.8 100 28 0.551971 0.718942579182 0.290353866156 -0.0668771001531 0.0833530187506
36.9 100 29 0.547493 0.719084979197 0.290194757247 0.0642489341045 -0.0878079045534
37 100 29 0.549196 0.719229057948 0.290038770209 -0.0613273787518 0.0922011075529
37.1 100 29 0.550226 0.719374789933 0.289885887824 0.0581124285065 -0.096513624425
37.2 100 29 0.547919 0.719522136881 0.289736078799 -0.054605288958 0.10072634488
37.3 100 29 0.549233 0.719671067574 0.289589198711 0.0508083830681 -0.104820050306
37.4 100 29 0.550193 0.719821574279 0.289445267045 -0.0467253506061 0.108775576585
37.5 100 29 0.547972 0.719973615136 0.289304225285 0.0423610800707 -0.11257382415
37.6 100 29 0.549416 0.720127166651 0.289166031384 -0.0377216924472 0.116195873137
37.7 100 29 0.545887 0.720282195639 0.289030634931 0.0328145443451 -0.119623048903
37.8 100 29 0.553039 0.720438671514 0.28889799571 -0.027648206752 0.122837006036
37.9 100 29 0.54643 0.720596569566 0.288768067878 0.0222324510232 -0.125819795051
38 100 29 0.551985 0.720755856828 0.288640809166 -0.0165782419184 0.128553955776
38.1 100 29 0.542807 0.720916505604 0.288516169954 0.0106976975895 -0.131022588736
38.2 100 29 0.547025 0.721078479081 0.288394119957 -0.0046040648797 0.133209430966
38.3 100 29 0.54714 0.721241753746 0.288274584581 -0.00168832075029 -0.135098915569
38.4 100 29 0.549588 0.721406295143 0.28815754255 0.00816407182535 0.136676278266
38.5 100 29 0.54749 0.721572051911 0.288042985829 -0.0148067830201 -0.137927576383
38.6 100 29 0.54703 0.72173901599 0.287930816384 0.0215991199877 0.138839800853
38.7 100 29 0.544218 0.721907132532 0.287820996826 -0.0285228148504 -0.139400920439
38.8 100 29 0.551745 0.722076397749 0.287713486827 0.0355587889235 0.139599918415
38.9 100 30 0.644018 0.722246775339 0.2876082118 -0.0426871603558 -0.139426892046
39 100 30 0.562975 0.72241823352 0.287505180137 0.0498873488108 0.1388730765
39.1 100 30 0.563262 0.722590747384 0.287404268987 -0.0571381002415 -0.137930871414
39.2 100 30 0.568321 0.722764272843 0.28730538512 0.0644176041696 0.136593924163
39.3 100 30 0.590867 0.722938794165 0.287208602746 -0.0717035515899 -0.134857188475
39.4 100 30 0.822355 0.723114264103 0.287113829235 0.0789731930021 0.13271688348
39.5 100 30 0.822922 0.723290653911 0.287021033118 -0.0862034446519 -0.130170579406
39.6 100 30 0.828285 0.723467935281 0.286930114228 0.0933709533867 0.127217197187
39.7 100 30 0.820728 0.7236460812 0.286841014476 -0.100452192866 -0.123857040092
39.8 100 30 0.822472 0.723825068809 0.286753697592 0.107423540878 0.120091806079
39.9 100 30 0.82308 0.724004849519 0.286668164086 -0.114261357679 -0.115924587408
40 100 30 0.822884 0.724185418837 0.286584245388 0.120942088776 0.111359865179
40.1 100 30 0.827418 0.724366744101 0.286501972658 -0.127442319158 -0.106403538333
40.2 100 30 0.821688 0.72454881706 0.286421145401 0.133738891132 0.101062864183
40.3 100 30 0.827746 0.724731581867 0.286341955827 -0.139808955183 -0.0953465292045
40.4 100 31 0.824457 0.724915195098 0.286264028934 0.145630198032 0.0892643844713
40.5 100 31 0.832467 0.725099471569 0.28618747877 -0.151180519534 -0.0828279030941
40.6 100 31 0.834129 0.725284395829 0.286112217505 0.156438537084 0.0760497417244
40.7 100 31 0.843209 0.725469934657 0.286038287754 -0.16138349176 -0.0689438376606
40.8 100 31 0.837948 0.725656086303 0.285965482058 0.165995347264 0.0615253446262
40.9 100 31 0.836179 0.725842821477 0.285893880006 -0.170254858126 -0.0538106470691
41 100 31 0.846334 0.726030136609 0.285823304596 0.174143638739 0.0458172445398
41.1 100 31 0.842322 0.726218011659 0.285753719828 -0.177644217567 -0.0375637670666
41.2 100 31 0.848347 0.726406438808 0.28568505736 0.18074011995 0.0290698847369
41.3 100 31 0.864738 0.726595377881 0.285617358934 -0.183415901336 -0.0203562857365
41.4 100 31 0.854044 0.726784827908 0.28555052975 0.185657241382 0.0114445907729
41.5 100 31 0.858105 0.726974813785 0.285484429829 -0.18745098399 -0.00235723936918
41.6 100 31 0.844399 0.727165296709 0.285419046277 0.188785150052 -0.0068824449521
41.7 100 31 0.845557 0.727356262593 0.285354346322 -0.189649032626 0.0162504215766
41.8 100 31 0.838182 0.727547701893 0.28529026362 0.190033217639 -0.0257219722425
41.9 100 31 0.842737 0.727739605661 0.285226732647 -0.189929619028 0.0352717720898
42 100 31 0.871265 0.727931962259 0.285163741521 0.189331541472 -0.0448739615392
42.1 100 31 0.847389 0.728124757117 0.285101156095 -0.188233659037 0.0545022034303
42.2 100 31 0.833919 0.728317986619 0.285038968128 0.186632105006 -0.0641298315837
42.3 100 31 0.852134 0.728511631329 0.284977207311 -0.184524457344 0.0737298396001
42.4 100 31 0.846832 0.728705684423 0.284915752501 0.181909753474 -0.0832750133301
42.5 100 31 0.821937 0.728900126229 0.284854677925 -0.178788526702 0.0927379772933
42.6 100 31 0.829589 0.729094950097 0.284793876954 0.17516279426 -0.102091317529
42.7 100 32 0.851723 0.729290158129 0.284733244181 -0.171036080661 0.111307621405
42.8 100 32 0.841448 0.729485674029 0.284672818609 0.166413446512 -0.120359479826
42.9 100 32 0.845797 0.729681532615 0.284612527866 -0.161301381124 0.129219873326
43 100 32 0.850567 0.7298777289 0.284552336009 0.155707911132 -0.137861933356
43.1 100 32 0.835376 0.730074232851 0.28449226877 -0.149642531298 0.146259139948
43.2 100 32 0.839236 0.730271034461 0.284432249807 0.14311621832 -0.154385399194
43.3 100 32 0.843257 0.730468134269 0.284372259541 -0.136141396071 0.162215132507
43.4 100 32 0.840491 0.730665492561 0.284312284074 0.128731908411 -0.169723325376
43.5 100 32 0.830683 0.730863119596 0.284252267616 -0.120903020331 0.176885657709
43.6 100 32 0.839261 0.731060968217 0.284192216305 0.112671326688 -0.183678529066
43.7 100 32 0.855064 0.73125901816 0.284132108203 -0.104054770521 0.190079169255
43.8 100 32 0.8545 0.73145724596 0.284071927258 0.0950725806639 -0.196065699402
43.9 100 32 0.840816 0.731655623226 0.284011646571 -0.0857452287187 0.201617211746
44 100 32 0.854148 0.73185410506 0.283951305479 0.0760943878515 -0.206713832725
44.1 100 32 0.846251 0.732052716067 0.283890754059 -0.066142858228 0.211336809522
44.2 100 32 0.830209 0.732251389385 0.28383009221 0.0559145474691 -0.215468537302
44.3 100 32 0.78029 0.732450122145 0.283769250832 -0.0454343762087 0.21909266651
44.4 100 32 0.723177 0.732648852674 0.283708247132 0.0347282330033 -0.222194124969
44.5 100 32 0.591652 0.732847588437 0.283647037543 -0.0238228801371 0.22475921561
44.6 100 32 0.585775 0.733046290599 0.283585612613 0.0127459134031 -0.226775651889
44.7 100 32 0.584017 0.73324492464 0.283523965333 -0.00152566349848 0.228232590108
44.8 100 32 0.579724 0.733443460745 0.283462076632 -0.00980887217317 -0.229120691632
44.9 100 32 0.577084 0.733641866002 0.283399933892 0.0212281160216 0.229432157917
45 100 32 0.579165 0.733840106575 0.283337518242 -0.0327019918865 -0.229160773898
45.1 100 32 0.572801 0.734038161705 0.283274814243 0.0442000100363 0.228301926043
45.2 100 32 0.578573 0.734235970358 0.283211820828 -0.0556913254315 -0.226852645061
45.3 100 32 0.780814 0.734433523733 0.283148506942 0.067144929064 0.224811607928
45.4 100 32 0.588153 0.734630776787 0.283084870045 -0.0785296324134 -0.222179165319
45.5 100 32 0.591874 0.734827685013 0.283020902085 0.0898141865871 0.218957355193
45.6 100 32 0.587965 0.735024246221 0.282956557606 -0.100967413506 -0.215149907503
45.7 100 32 0.583687 0.735220415887 0.282891819401 0.111958270212 0.210762251655
45.8 100 32 0.582418 0.735416187402 0.282826662422 -0.122755930137 -0.205801479851
45.9 100 32 0.578008 0.735611523509 0.282761071144 0.133329894048 0.200276361794
46 100 32 0.586801 0.735806383141 0.282695031607 -0.14365010386 -0.194197346771
46.1 100 32 0.583557 0.736000772745 0.282628523909 0.153687009415 0.187576496491
46.2 100 32 0.589747 0.736194644593 0.282561514226 -0.163411649286 -0.180427484333
46.3 100 32 0.592287 0.736388031174 0.282493989839 0.172795790873 0.172765571388
46.4 100 32 0.595174 0.736580848742 0.282425866544 -0.181811958199 -0.164607547588
46.5 100 32 0.597989 0.736773130059 0.282357182437 0.190433546953 0.155971680455
46.6 100 32 0.594287 0.736964837389 0.282287897254 -0.198634905933 -0.146877699554
46.7 100 32 0.615748 0.737155950484 0.282217965481 0.20639141384 0.137346720517
46.8 100 32 0.599453 0.737346471594 0.282147396941 -0.213679548426 -0.127401191658
46.9 100 32 0.600784 0.737536400202 0.282076143033 0.220476973755 0.117064844877
47 100 32 0.604184 0.737725749544 0.282004146817 -0.226762630539 -0.10636261405
47.1 100 32 0.601895 0.737914484671 0.281931396743 0.232516734421 0.0953205767252
47.2 100 32 0.609261 0.7381025957 0.281857892352 -0.237720883856 -0.0839658619957
47.3 100 32 0.607948 0.738290098588 0.28178357887 0.24235811756 0.0723266078901
47.4 100 32 0.612605 0.738477007734 0.281708407726 -0.246412973353 -0.0604318510469
47.5 100 32 0.634754 0.738663310255 0.281632384661 0.249871486323 0.0483114674442
47.6 100 32 0.630894 0.738849001534 0.28155545184 -0.252721301595 -0.0359960638864
47.7 100 32 0.622999 0.739034104992 0.28147759814 0.254951654501 0.023516927271
47.8 100 32 0.625226 0.739218636388 0.281398795224 -0.256553452051 -0.0109059104541
47.9 100 32 0.629642 0.739402613382 0.281319002601 0.257519258935 -0.00180466233208
48 100 32 0.763315 0.739586029265 0.281238192211 -0.257843330792 0.0145820693015
48.1 100 32 0.747797 0.739768906913 0.281156351659 0.257521653445 -0.0273932781058
48.2 100 32 0.745399 0.739951248828 0.281073435375 -0.256551932571 0.0402050558632
48.3 100 32 0.80042 0.740133104325 0.280989417583 0.254933633227 -0.0529840531487
48.4 100 32 0.868358 0.740314474488 0.280904294764 -0.252667942052 0.0656968835087
48.5 100 32 0.737326 0.740495360225 0.280818040072 0.249757781013 -0.0783102164274
48.6 100 32 0.795255 0.740675781949 0.280730608068 -0.246207828525 0.0907908995655
48.7 100 32 0.795096 0.740855766963 0.280641985886 0.242024488521 -0.103106022568
48.8 100 32 0.867294 0.741035327259 0.280552160824 -0.237215845512 0.115222999866
48.9 100 32 0.840859 0.741214478512 0.28046110217 0.231791710214 -0.127109681021
49 100 32 0.751721 0.741393258081 0.28036878904 -0.225763535071 0.138734432693
49.1 100 32 0.636493 0.741571675799 0.280275201599 0.219144413974 -0.150066213287
49.2 100 32 0.607139 0.741749744714 0.280180343132 -0.211949050723 0.16107466214
49.3 100 32 0.639027 0.741927480916 0.280084162872 0.204193694276 -0.171730182261
49.4 100 32 0.680792 0.742104911539 0.279986647313 -0.195896146996 0.182004029439
49.5 100 32 0.666215 0.742282019047 0.279887835897 0.187075694009 -0.191868361558
49.6 100 32 0.740703 0.742458833577 0.279787686737 -0.177753024576 0.201296352301
49.7 100 32 0.617044 0.742635378438 0.279686192762 0.167950208984 -0.210262257237
49.8 100 32 0.615003 0.742811642519 0.279583359305 -0.15769065753 0.21874144281
49.9 100 33 0.600701 0.742987634304 0.279479079814 0.146999035349 -0.226710490251
50 100 33 0.595323 0.743163362134 0.279373439129 -0.13590120464 0.234147266155
