# SIAM excitation B=c_0up^dag|gs> (normalized), method=star
# L=100 U=0.1 V=0.1 dt=0.1 tmax=50 cutoff=1e-12 max_bond_dim=1024
# E_gs=-30.9227535891 gs_bond_dim=33 gs_wall_s=34.525194
# nrm=0.707106780997  G00(t) = -i nrm^2 exp(i E_gs t) A(t)
# t  n_active  bond_dim  wall_s  n0up  n0dw  ReA  ImA
0 100 33 0.003425 1 0.686975496688 1 0
0.1 100 26 0.584874 0.999961379348 0.686958307703 -0.998402600197 0.055760083028
0.2 100 25 0.605986 0.999845608808 0.68690241815 0.993616438239 -0.111329783779
0.3 100 25 0.607271 0.999652977343 0.686808007164 -0.985659600557 0.166519556604
0.4 100 25 0.603741 0.999383968081 0.686675209259 0.97456212361 -0.22114152447
0.5 100 25 0.606369 0.999039254863 0.68650421562 -0.960365831496 0.275010298978
0.6 100 25 0.606776 0.998619699409 0.686295264955 0.943124111248 -0.327943783244
0.7 100 25 0.605037 0.998126347336 0.68604864662 -0.922901627353 0.379763952221
0.8 100 25 0.604924 0.997560423141 0.68576469148 0.899773978006 -0.430297605361
0.9 100 25 0.603405 0.996923326724 0.685443804526 -0.873827296023 0.479377086549
1 100 25 0.603101 0.99621662523 0.685086425823 0.845157797875 -0.526840967042
1.1 100 25 0.609254 0.995442047723 0.684693035268 -0.813871284783 0.572534687148
1.2 100 25 0.604341 0.994601476306 0.684264184672 0.78008260003 -0.616311152957
1.3 100 25 0.608675 0.993696931013 0.683800424001 -0.743915046941 0.658031284724
1.4 100 25 0.605599 0.992730576285 0.68330241093 0.705499772581 -0.697564515118
1.5 100 25 0.606096 0.991704690325 0.682770740814 -0.664975121285 0.734789232837
1.6 100 25 0.602884 0.99062167064 0.682206090773 0.622485964707 -0.769593173378
1.7 100 25 0.602213 0.98948402311 0.681609212168 -0.578183012224 0.801873753266
1.8 100 25 0.603439 0.988294336502 0.680980786488 0.532222106403 -0.831538346258
1.9 100 25 0.608309 0.987055284324 0.680321580479 -0.484763511017 0.858504505622
2 100 25 0.602274 0.985769619298 0.679632376764 0.435971194484 -0.882700128288
2.1 100 25 0.608056 0.984440139838 0.678913966277 -0.386012113614 0.904063564899
2.2 100 25 0.606844 0.983069702459 0.678167172013 0.335055504335 -0.92254367549
2.3 100 25 0.6021 0.981661181841 0.677392749918 -0.28327218102 0.938099832382
2.4 100 25 0.604182 0.980217497361 0.676591594145 0.23083385141 -0.950701876686
2.5 100 25 0.604859 0.978741565234 0.675764508489 -0.177912448164 0.960330022044
2.6 100 25 0.60286 0.977236308381 0.674912316943 0.124679483265 -0.966974718674
2.7 100 25 0.600438 0.975704626002 0.674035837384 -0.071305425499 0.970636473749
2.8 100 25 0.602446 0.974149404991 0.673135863115 0.0179591061047 -0.9713256345
2.9 100 25 0.604246 0.972573491901 0.672213197404 0.0351928468831 0.969062138084
3 100 25 0.606473 0.970979692178 0.671268634612 -0.08798654347 -0.96387522828
3.1 100 25 0.607568 0.969370749104 0.670302949301 0.140261334029 0.955803146036
3.2 100 25 0.606218 0.96774934131 0.669316920128 -0.191860278111 -0.944892797854
3.3 100 25 0.605116 0.966118076506 0.668311311097 0.242630579528 0.931199401943
3.4 100 25 0.605636 0.964479474389 0.667286864705 -0.292423987829 -0.9147861177
3.5 100 25 0.607421 0.962835962282 0.666244321843 0.341097165578 0.895723663154
3.6 100 25 0.607149 0.961189868372 0.665184403545 -0.388512022794 -0.874089921761
3.7 100 25 0.612109 0.959543416409 0.664107809583 0.434536018833 0.84996954222
3.8 100 25 0.616522 0.957898718252 0.663015218916 -0.479042433084 -0.82345353386
3.9 100 25 0.61098 0.956257767088 0.661907280845 0.521910605507 0.794638856591
4 100 25 0.611079 0.954622433063 0.66078462148 -0.563026148131 -0.763628016096
4.1 100 25 0.605878 0.95299445962 0.659647849415 0.602281132175 0.730528660156
4.2 100 25 0.602555 0.951375461946 0.65849752623 -0.639574245142 -0.695453172809
4.3 100 25 0.605713 0.949766920824 0.657334201037 0.674810930665 0.658518281668
4.4 100 25 0.607215 0.948170189777 0.656158387367 -0.707903504954 -0.619844667602
4.5 100 25 0.606432 0.94658647753 0.654970594586 0.738771250754 0.579556577569
4.6 100 25 0.608504 0.945016863274 0.653771279825 -0.767340496039 -0.53778144992
4.7 100 25 0.61286 0.943462291267 0.652560869706 0.793544676702 0.494649543206
4.8 100 25 0.610122 0.941923571112 0.651339799099 -0.817324389162 -0.450293577395
4.9 100 25 0.612537 0.940401381886 0.650108458835 0.838627416967 0.404848374058
5 100 25 0.610397 0.938896268701 0.648867220379 -0.857408755367 -0.358450509628
5.1 100 25 0.609935 0.937408655578 0.647616428657 0.873630627554 0.311237972944
5.2 100 25 0.60922 0.9359388456 0.646356406407 -0.887262484801 -0.263349827365
5.3 100 25 0.611275 0.934487025672 0.645087467599 0.898281002705 0.214925878022
5.4 100 25 0.612921 0.933053272616 0.643809880679 -0.906670052522 -0.166106343881
5.5 100 25 0.616579 0.931637561139 0.642523924282 0.912420695827 0.117031532922
5.6 100 25 0.614987 0.930239749143 0.641229831082 -0.915531128701 -0.0678415184845
5.7 100 25 0.609418 0.9288596041 0.639927827263 0.916006656219 0.0186758155029
5.8 100 25 0.611536 0.927496818346 0.638618110994 -0.913859637384 0.0303269354468
5.9 100 25 0.612293 0.926150999295 0.637300879341 0.909109424002 -0.0790292875402
6 100 25 0.617513 0.92482164685 0.635976325483 -0.901782278417 0.127295301513
6.1 100 25 0.621959 0.923508232642 0.634644609446 0.891911316402 -0.17499087564
6.2 100 25 0.625407 0.922210160034 0.633305890933 -0.879536394653 0.221984056912
6.3 100 25 0.62066 0.92092677336 0.631960315689 0.864704012281 -0.268145359453
6.4 100 25 0.618219 0.919657379571 0.630608020234 -0.847467188671 0.313348081008
6.5 100 25 0.619291 0.918401235016 0.629249138905 0.827885334995 -0.357468625372
6.6 100 25 0.623812 0.91715758232 0.627883785446 -0.806024099698 0.400386810453
6.7 100 25 0.622603 0.915925631419 0.626512089901 0.781955209113 -0.441986184314
6.8 100 25 0.628266 0.914704587778 0.625134162765 -0.755756286116 0.482154339197
6.9 100 25 0.624901 0.913493637586 0.623750126156 0.727510646678 -0.520783203871
7 100 25 0.67106 0.912291969695 0.622360089453 -0.697307088904 0.557769346994
7.1 100 25 0.632737 0.911098780088 0.620964164986 0.665239656974 -0.593014271386
7.2 100 25 0.633924 0.909913274961 0.619562467352 -0.631407389897 0.626424689895
7.3 100 25 0.617833 0.908734680544 0.618155096315 0.595914048833 -0.657912797173
7.4 100 25 0.609174 0.907562246118 0.616742157938 -0.558867831598 0.687396533207
7.5 100 25 0.654678 0.906395246226 0.615323773312 0.520381060557 -0.714799828086
7.6 100 25 0.615301 0.905232997969 0.613900060255 -0.48056986957 0.740052821789
7.7 100 25 0.607111 0.90407484438 0.612471114237 0.439553851308 -0.763092077525
7.8 100 25 0.629611 0.902920173348 0.611037074833 -0.397455710862 0.783860779173
7.9 100 25 0.629117 0.901768417685 0.609598057997 0.354400894356 -0.802308910477
8 100 25 0.61567 0.90061905541 0.608154196337 -0.310517207903 0.818393392878
8.1 100 26 0.619351 0.899471614327 0.606705621946 0.265934423653 -0.832078220116
8.2 100 26 0.614661 0.898325674871 0.605252472503 -0.220783880263 0.843334560299
8.3 100 26 0.809201 0.897180870772 0.60379488313 0.175198074178 -0.852140831945
8.4 100 26 0.656228 0.89603688778 0.602332996725 -0.12931024104 0.858482760752
8.5 100 26 0.610476 0.894893469224 0.600866959918 0.0832539368926 -0.862353405065
8.6 100 26 0.616709 0.893750407742 0.599396939811 -0.0371626165617 0.863753156501
8.7 100 26 0.639104 0.892607550209 0.597923071507 -0.00883077598435 -0.86268970524
8.8 100 26 0.618276 0.891464796771 0.596445514399 0.0545942387292 0.859177995476
8.9 100 26 0.632429 0.890322099593 0.594964429932 -0.0999971197231 -0.853240140227
9 100 26 0.617136 0.889179459408 0.593479969366 0.144910519624 0.844905314786
9.1 100 26 0.621379 0.888036926804 0.591992307684 -0.18920769577 -0.834209626685
9.2 100 26 0.666396 0.886894597655 0.59050160927 0.23276444236 0.821195956755
9.3 100 26 0.628474 0.885752607062 0.589008050992 -0.275459472486 -0.805913777365
9.4 100 27 0.654447 0.884611133848 0.587511798948 0.31717477248 0.788418953602
9.5 100 27 0.644471 0.883470400844 0.58601301761 -0.357795948647 -0.768773516139
9.6 100 27 0.63818 0.882330649751 0.584511872165 0.3972125529 0.747045418826
9.7 100 27 0.634224 0.881192160877 0.5830085349 -0.435318396037 -0.723308276397
9.8 100 27 0.730306 0.880055240018 0.581503168783 0.472011833078 0.697641090043
9.9 100 27 0.836679 0.878920215954 0.579995940378 -0.507196043916 -0.670127949968
10 100 27 0.704519 0.877787435399 0.578487008844 0.540779269459 0.640857732177
10.1 100 27 0.627766 0.876657259471 0.57697653277 -0.572675050224 -0.609923780983
10.2 100 27 0.628482 0.875530064617 0.575464677424 0.602802436905 0.577423574817
10.3 100 27 0.63626 0.874406225415 0.573951594162 -0.631086162204 -0.543458399184
10.4 100 27 0.629797 0.873286130045 0.572437430255 0.657456805245 0.508133015419
10.5 100 27 0.639299 0.872170158512 0.570922341872 -0.681850945987 -0.471555294212
10.6 100 27 0.64128 0.871058694202 0.569406471579 0.704211277186 0.433835870774
10.7 100 27 0.641701 0.869952112771 0.5678899478 -0.724486696713 -0.395087814359
10.8 100 27 0.642662 0.868850777453 0.566372911937 0.742632400829 0.355426250474
10.9 100 27 0.640344 0.867755039495 0.56485548996 -0.758609931409 -0.314968027762
11 100 27 0.640124 0.866665233931 0.5633378084 0.772387219361 0.273831359122
11.1 100 27 0.643154 0.865581676376 0.561819986483 -0.783938604682 -0.232135483395
11.2 100 27 0.640623 0.864504667962 0.560302138433 0.793244839066 0.190000314256
11.3 100 27 0.645182 0.863434471048 0.558784378119 -0.800293068607 -0.147546112947
11.4 100 27 0.647224 0.862371330087 0.557266818376 0.805076803631 0.104893150336
11.5 100 28 0.646596 0.861315465402 0.555749556762 -0.807595868604 -0.0621613870957
11.6 100 28 0.644896 0.860267071391 0.554232683125 0.807856344087 0.0194701488049
11.7 100 28 0.648416 0.859226306339 0.552716292593 -0.805870486262 0.023062194987
11.8 100 28 0.64918 0.858193306043 0.551200475571 0.801656644863 -0.0653185124597
11.9 100 28 0.647507 0.857168173169 0.549685305933 -0.795239148627 0.107183222349
12 100 28 0.645805 0.85615098142 0.548170858966 0.786648200534 -0.148542581122
12.1 100 28 0.645452 0.855141771233 0.546657204507 -0.77591974302 0.189284970748
12.2 100 28 0.653544 0.854140566381 0.54514441119 0.763095325094 -0.229301165088
12.3 100 28 0.651004 0.853147338959 0.543632545327 -0.748221941786 0.268484607511
12.4 100 28 0.650161 0.852162040246 0.542121674369 0.73135188764 -0.306731655412
12.5 100 29 0.652938 0.851184606277 0.540611849247 -0.712542580067 0.34394182853
12.6 100 29 0.653189 0.850214934702 0.539103130332 0.69185637105 -0.380018068796
12.7 100 29 0.656551 0.84925289542 0.537595575185 -0.66936037436 0.414866945344
12.8 100 29 0.654023 0.848298355185 0.536089227453 0.645126242866 -0.44839889908
12.9 100 29 0.656168 0.847351131028 0.53458414339 -0.61922997645 0.480528443236
13 100 29 0.658691 0.846411036352 0.533080361801 0.591751685412 -0.511174373404
13.1 100 29 0.659869 0.845477869977 0.531577931552 -0.562775382041 0.540259957979
13.2 100 29 0.661278 0.84455141332 0.530076901289 0.532388729737 -0.567713123017
13.3 100 29 0.658275 0.843631439366 0.528577309688 -0.500682805086 0.593466617521
13.4 100 29 0.660011 0.842717706578 0.527079199818 0.467751835695 -0.617458181314
13.5 100 29 0.657761 0.841809968426 0.525582615024 -0.433692950508 0.639630696091
13.6 100 29 0.770824 0.840907968824 0.524087597771 0.398605881298 -0.659932313573
13.7 100 29 0.68653 0.840011452265 0.522594193488 -0.362592712523 0.678316580584
13.8 100 29 0.750107 0.839120159764 0.521102445698 0.325757585592 -0.694742551982
13.9 100 29 0.947581 0.838233838288 0.519612399294 -0.288206421113 0.709174882449
14 100 30 0.701843 0.837352234931 0.518124103402 0.25004660367 -0.721583912947
14.1 100 30 0.69665 0.836475110987 0.516637599058 -0.211386692125 0.731945726462
14.2 100 30 0.698083 0.835602218094 0.515152940425 0.172336105254 -0.740242202026
14.3 100 30 0.697722 0.834733336197 0.513670167416 -0.133004827814 0.746461052275
14.4 100 30 0.696954 0.833868248211 0.5121893326 0.0935030817729 -0.750595834437
14.5 100 30 0.697356 0.833006755937 0.510710487029 -0.0539410303622 0.752645954721
14.6 100 30 0.701109 0.832148677408 0.509233681363 0.0144284371951 -0.752616639924
14.7 100 30 0.702795 0.831293833319 0.507758973268 0.0249256160172 0.750518909903
14.8 100 30 0.695281 0.830442074867 0.506286410802 -0.064013043014 -0.746369527896
14.9 100 31 0.731441 0.829593268162 0.504816055846 0.102727079058 0.740190923435
15 100 31 0.691055 0.828747295048 0.503347963623 -0.140962576345 -0.732011099815
15.1 100 31 0.681502 0.827904061128 0.501882187965 0.178616297812 0.721863535234
15.2 100 31 0.685132 0.827063488543 0.500418797547 -0.215587218953 -0.709787054737
15.3 100 31 0.684812 0.826225522118 0.498957843179 0.251776796429 0.695825693008
15.4 100 31 0.688941 0.825390125893 0.497499385663 -0.287089258789 -0.680028535267
15.5 100 31 0.687518 0.824557282399 0.496043485916 0.321431859366 0.662449546676
15.6 100 31 0.688915 0.823726993924 0.494590205673 -0.354715138184 -0.643147384477
15.7 100 31 0.712969 0.82289928609 0.493139603954 0.386853157922 0.622185203486
15.8 100 32 0.710778 0.822074192142 0.491691752515 -0.417763745733 -0.599630417683
15.9 100 32 0.694484 0.821251770958 0.490246707682 0.447368691206 0.575554504682
16 100 32 0.69106 0.820432094181 0.488804532863 -0.475593960949 -0.550032743558
16.1 100 32 0.69966 0.819615248486 0.487365289861 0.502369870977 0.523143982397
16.2 100 32 0.700833 0.818801339522 0.485929038114 -0.527631264885 -0.494970377898
16.3 100 32 0.696627 0.817990482558 0.484495837951 0.551317667565 0.465597120983
16.4 100 32 0.734025 0.81718280335 0.483065749145 -0.573373422308 -0.43511216663
16.5 100 32 0.68682 0.816378439462 0.481638829611 0.593747803974 0.403605962824
16.6 100 32 0.68375 0.815577535102 0.480215140755 -0.612395130952 -0.371171158264
16.7 100 32 0.67848 0.814780242689 0.478794731021 0.629274842465 0.337902328863
16.8 100 32 0.687531 0.813986714835 0.477377662827 -0.644351574569 -0.303895667259
16.9 100 32 0.67469 0.813197116422 0.475963982398 0.657595206534 0.269248731069
17 100 33 0.680729 0.812411608664 0.474553743371 -0.66898089973 -0.234060119074
17.1 100 33 0.690636 0.811630349109 0.473146995582 0.678489115241 0.198429192822
17.2 100 33 0.677825 0.810853492486 0.471743779167 -0.686105613196 -0.162455824846
17.3 100 33 0.680655 0.810081207274 0.470344145065 0.691821458323 0.126240046199
17.4 100 33 0.680203 0.809313651259 0.468948132609 -0.695632972598 -0.0898818247489
17.5 100 33 0.684487 0.808550967854 0.467555789769 0.697541695812 0.0534807689869
17.6 100 33 0.685366 0.807793299779 0.466167150559 -0.697554339296 -0.0171358749357
17.7 100 33 0.684544 0.807040778988 0.464782251876 0.695682708454 -0.0190547569256
17.8 100 33 0.695955 0.806293528843 0.463401128787 -0.691943624409 0.0549941703289
17.9 100 33 0.693571 0.80555166015 0.462023827725 0.686358832859 -0.0905868023213
18 100 33 0.689056 0.804815275033 0.460650377094 -0.678954892035 0.125738720239
18.1 100 33 0.686841 0.804084461316 0.459280795159 0.669763055584 -0.16035786465
18.2 100 33 0.683301 0.803359300834 0.457915108539 -0.658819160247 0.194354263446
18.3 100 34 0.68644 0.802639859841 0.456553339817 0.646163480381 -0.227640262274
18.4 100 34 0.684913 0.801926182026 0.455195511743 -0.631840577465 0.260130728363
18.5 100 34 0.684828 0.801218303073 0.453841645758 0.615899155294 -0.291743250542
18.6 100 34 0.68964 0.800516256103 0.452491758687 -0.598391893136 0.322398332785
18.7 100 34 0.69116 0.799820038815 0.451145883541 0.579375269084 -0.352019586411
18.8 100 34 0.688621 0.799129643821 0.449804027138 -0.558909418248 0.380533857748
18.9 100 34 0.688383 0.798445045078 0.448466208926 0.53705790168 -0.40787144651
19 100 34 0.7034 0.797766214732 0.447132441245 -0.513887559337 0.433966229134
19.1 100 34 0.690146 0.79709310698 0.445802738431 0.489468287222 -0.4587558154
19.2 100 34 0.690278 0.796425662704 0.444477114931 -0.463872842168 0.482181679923
19.3 100 34 0.692857 0.795763812109 0.44315558816 0.437176640012 -0.504189285438
19.4 100 34 0.692801 0.795107474886 0.441838166485 -0.409457542299 0.524728197196
19.5 100 34 0.701122 0.794456560475 0.440524860999 0.380795641754 -0.543752188459
19.6 100 34 0.701601 0.793810969223 0.439215684027 -0.351273039974 0.561219334371
19.7 100 34 0.702182 0.793170594688 0.437910647207 0.320973629369 -0.577092095308
19.8 100 35 0.705514 0.792535324056 0.436609758226 -0.289982860377 0.591337392163
19.9 100 35 0.705633 0.791905047497 0.43531302684 0.258387504296 -0.603926664387
20 100 35 0.706855 0.791279631936 0.43402046899 -0.226275446204 0.614835922292
20.1 100 35 0.70837 0.790658946088 0.432732100719 0.193735414501 -0.624045786542
20.2 100 35 0.702363 0.790042864487 0.431447931261 -0.160856782016 0.631541521625
20.3 100 35 0.705081 0.789431258292 0.430167971688 0.12772929652 -0.637313046331
20.4 100 35 0.700612 0.788823998335 0.428892234324 -0.0944428531911 0.641354940686
20.5 100 35 0.697843 0.78822095703 0.427620731757 0.0610872542636 -0.6436664383
20.6 100 35 0.700879 0.787622007405 0.426353477233 -0.0277519651753 0.644251404237
20.7 100 35 0.701489 0.787027030271 0.425090483795 -0.00547410930989 -0.643118310405
20.8 100 35 0.704504 0.786435913273 0.423831767193 0.0385028622208 0.64028019234
20.9 100 35 0.702546 0.785848548204 0.42257733598 -0.0712472611206 -0.635754571227
21 100 35 0.703438 0.785264823037 0.421327210537 0.10362152354 0.629563409183
21.1 100 35 0.706123 0.784684640825 0.420081404282 -0.135541369302 -0.621733019234
21.2 100 35 0.705042 0.784107901999 0.418839943184 0.166924251571 0.612293956252
21.3 100 36 0.703463 0.783534537605 0.417602834228 -0.197689543518 -0.601280954829
21.4 100 36 0.710503 0.782964474843 0.416370096152 0.227758784378 0.588732768789
21.5 100 36 0.711353 0.782397653487 0.415141743915 -0.257055864994 -0.57469206336
21.6 100 36 0.716588 0.781834017373 0.41391779871 0.285507239939 0.559205257623
21.7 100 36 0.718844 0.781273528325 0.412698275434 -0.313042097279 -0.542322399911
21.8 100 37 0.718658 0.780716155457 0.411483190353 0.339592553943 0.524096988286
21.9 100 37 0.718559 0.780161876264 0.410272562367 -0.365093824312 -0.504585801526
22 100 37 0.726677 0.77961068093 0.409066408619 0.389484377275 0.483848724401
22.1 100 37 0.725634 0.779062567781 0.407864747126 -0.412706089335 -0.461948555578
22.2 100 37 0.727353 0.77851754638 0.406667595092 0.434704380138 0.438950816047
22.3 100 37 0.722973 0.77797563143 0.405474973055 -0.455428343514 -0.414923536378
22.4 100 37 0.723294 0.777436852446 0.404286896724 0.474830856837 0.389937067763
22.5 100 38 0.72729 0.776901243978 0.403103385323 -0.492868686167 -0.364063854987
22.6 100 38 0.726612 0.776368852328 0.401924449457 0.509502577341 0.337378227637
22.7 100 38 0.726784 0.775839726137 0.40075010766 -0.524697332722 -0.309956158695
22.8 100 38 0.728782 0.77531392295 0.399580374162 0.538421874186 0.281875052479
22.9 100 38 0.727296 0.774791505265 0.398415266158 -0.550649292015 -0.25321351783
23 100 38 0.722903 0.774272542095 0.397254795214 0.56135688619 0.224051149778
23.1 100 38 0.725817 0.773757106507 0.396098976273 -0.570526187828 -0.194468282502
23.2 100 38 0.730214 0.77324527437 0.394947821884 0.578142972989 0.164545774024
23.3 100 38 0.729845 0.772737115357 0.393801343646 -0.584197256541 -0.134364775828
23.4 100 39 0.721397 0.772232719309 0.392659551139 0.58868329326 0.104006516968
23.5 100 39 0.749377 0.771732168292 0.391522455541 -0.591599542156 -0.073552077116
23.6 100 39 0.729993 0.771235549504 0.390390061923 0.592948636647 0.0430821766852
23.7 100 39 0.723262 0.770742934068 0.389262383511 -0.592737317321 -0.0126769323861
23.8 100 39 0.737345 0.770254401707 0.388139427075 0.590976395948 -0.0175843097768
23.9 100 39 0.733715 0.769770027994 0.387021199143 -0.587680677501 0.0476231971319
24 100 39 0.734382 0.769289885249 0.385907704789 0.582868882314 -0.0773625653028
24.1 100 39 0.736643 0.768814040897 0.384798948633 -0.576563556844 0.106726630574
24.2 100 39 0.736583 0.768342558652 0.383694934953 0.5687909795 -0.135641172157
24.3 100 39 0.736578 0.767875495085 0.3825956673 -0.559581053468 0.164033711742
24.4 100 39 0.794097 0.767412904813 0.381501143087 0.548967194836 -0.191833682011
24.5 100 39 0.768794 0.766954833589 0.380411366044 -0.53698621352 0.218972594924
24.6 100 39 0.771245 0.766501320413 0.379326336565 0.523678183055 -0.245384194121
24.7 100 39 1.082786 0.766052401459 0.378246053402 -0.509086317943 0.271004600898
24.8 100 39 0.808654 0.765608096971 0.377170515862 0.493256810997 -0.295772463263
24.9 100 39 0.758 0.765168423559 0.376099722853 -0.476238711127 0.319629078922
25 100 39 0.75081 0.764733389059 0.375033672365 0.458083764709 -0.342518523896
25.1 100 39 1.012741 0.764302992563 0.3739723622 -0.438846263195 0.364387767626
25.2 100 39 0.876816 0.763877224919 0.372915790523 0.418582885002 -0.385186781061
25.3 100 40 0.75613 0.763456067459 0.371863955836 -0.397352531934 0.404868636336
25.4 100 40 0.75644 0.763039506039 0.370816849371 0.375216190976 -0.423389598615
25.5 100 40 0.762468 0.762627511578 0.369774465777 -0.352236726013 0.440709212173
25.6 100 40 0.874982 0.762220044747 0.368736804257 0.328478720345 -0.456790375999
25.7 100 40 0.99334 0.761817058882 0.367703857705 -0.304008310471 0.47159940847
25.8 100 40 0.781897 0.761418505931 0.366675620529 0.278893001699 -0.485106107623
25.9 100 40 0.780073 0.761024331469 0.365652087373 -0.253201501319 0.497283802529
26 100 40 0.781757 0.760634474145 0.364633253518 0.227003530109 -0.508109395005
26.1 100 40 0.861272 0.760248867274 0.363619114438 -0.200369643923 0.51756339328
26.2 100 41 0.936099 0.759867434659 0.36260966732 0.173371052157 -0.525629936901
26.3 100 41 0.76292 0.759490107582 0.361604906249 -0.146079440817 0.532296816327
26.4 100 41 0.760205 0.759116811503 0.360604825821 0.118566784358 -0.537555478371
26.5 100 41 0.75828 0.758747464957 0.359609423118 -0.090905164179 0.541401028644
26.6 100 41 0.759943 0.758381985496 0.358618695079 0.0631665869782 -0.54383221864
26.7 100 41 0.760007 0.758020292125 0.357632637821 -0.035422804622 0.544851433331
26.8 100 41 0.756614 0.757662299588 0.356651250067 0.00774512647085 -0.544464656622
26.9 100 41 0.766584 0.757307929643 0.35567452642 0.0197957429874 0.542681449087
27 100 41 0.768221 0.756957102224 0.354702463045 -0.0471298960598 -0.539514894057
27.1 100 41 0.868015 0.756609739171 0.353735056416 0.0741883931533 0.534981546454
27.2 100 41 1.002314 0.756265764893 0.352772303459 -0.100903433809 -0.529101371999
27.3 100 41 1.12259 0.755925106983 0.351814200622 0.12720852536 0.521897676917
27.4 100 41 0.896695 0.755587697058 0.350860744231 -0.153038648917 -0.513397028072
27.5 100 41 0.876609 0.755253469032 0.34991193223 0.178330417434 0.503629168699
27.6 100 41 0.794409 0.75492237545 0.348967751657 -0.203022233836 -0.492626919617
27.7 100 41 0.908626 0.754594355816 0.348028199723 0.227054442574 0.480426071271
27.8 100 41 0.81706 0.754269354573 0.347093282496 -0.250369468312 -0.467065290775
27.9 100 42 0.762649 0.75394732789 0.346162996942 0.272911963009 0.452585984037
28 100 42 0.766812 0.753628236346 0.34523734096 -0.294628935018 -0.437032173481
28.1 100 42 0.765137 0.753312048528 0.344316311763 0.315469872528 0.420450372233
28.2 100 42 0.767362 0.752998733719 0.343399909527 -0.335386863601 -0.402889430165
28.3 100 42 0.774342 0.752688276104 0.342488128907 0.354334701386 0.384400415483
28.4 100 42 0.77055 0.75238066185 0.341580966646 -0.372270990245 -0.365036439539
28.5 100 42 0.774225 0.752075885413 0.340678418401 0.3891562357 0.344852509023
28.6 100 42 0.773594 0.751773942687 0.339780482197 -0.404953929753 -0.323905366338
28.7 100 42 0.775908 0.75147483721 0.338887154968 0.419630623719 0.302253324183
28.8 100 42 0.773646 0.751178568292 0.337998440931 -0.433155993466 -0.279956099622
28.9 100 42 0.770991 0.750885161448 0.33711432805 0.445502895462 0.25707465236
29 100 42 0.770223 0.750594635149 0.336234811605 -0.456647412566 -0.233671001149
29.1 100 42 0.771299 0.750307015744 0.33535988614 0.466568891791 0.20980806
29.2 100 42 0.771129 0.750022329471 0.334489547569 -0.475249967264 -0.185549454596
29.3 100 43 0.771996 0.749740611061 0.333623787971 0.482676582881 0.160959361286
29.4 100 43 0.774859 0.749461892093 0.332762602024 -0.48883799238 -0.136102322797
29.5 100 43 0.77465 0.74918621352 0.331905983619 0.49372676387 0.11104308202
29.6 100 43 0.773735 0.74891361437 0.331053926415 -0.497338763945 -0.0858464068544
29.7 100 43 0.776064 0.748644134683 0.330206424245 0.499673141633 0.0605769273605
29.8 100 43 0.773975 0.748377820626 0.329363467856 -0.500732296356 -0.0352989655931
29.9 100 44 0.774032 0.748114712633 0.328525050857 0.500521837125 0.0100763691694
30 100 44 0.775722 0.74785485996 0.327691161564 -0.499050551646 0.0150276314004
30.1 100 44 0.768787 0.747598302947 0.326861792912 0.496330331603 -0.0399506014277
30.2 100 44 0.756239 0.747345083557 0.326036935852 -0.49237612544 0.0646310379682
30.3 100 44 0.757046 0.747095242301 0.325216580802 0.487205867239 -0.0890085194023
30.4 100 44 0.755977 0.746848815804 0.324400719009 -0.480840398036 0.113023849588
30.5 100 44 0.758515 0.746605841843 0.323589338827 0.47330339474 -0.136619186514
30.6 100 44 0.763075 0.746366352776 0.322782431521 -0.464621274527 0.159738180197
30.7 100 44 0.765012 0.746130379589 0.321979983918 0.454823106502 -0.182326094234
30.8 100 44 0.766017 0.745897954935 0.321181982266 -0.443940523958 0.204329923529
30.9 100 45 0.765927 0.745669093323 0.320388417336 0.43200758447 -0.225698518727
31 100 45 0.770453 0.745443818403 0.31959927901 -0.41906071307 0.246382682069
31.1 100 45 0.766965 0.745222140057 0.3188145523 0.405138553723 -0.266335262969
31.2 100 45 0.817138 0.745004067066 0.318034224904 -0.39028187647 0.285511265453
31.3 100 45 0.806558 0.744789601881 0.317258284513 0.374533451585 -0.303867934737
31.4 100 45 0.783518 0.744578743861 0.31648671876 -0.357937932467 0.321364832662
31.5 100 45 0.862455 0.74437150117 0.315719508513 0.340541731732 -0.337963920881
31.6 100 45 0.946487 0.744167857538 0.31495664364 -0.322392900505 0.353629632404
31.7 100 45 1.106633 0.743967790893 0.314198112597 0.303540995289 -0.368328926927
31.8 100 45 1.101114 0.743771280449 0.313443901709 -0.284036946067 0.382031357271
31.9 100 45 0.809627 0.743578302267 0.312693993471 0.263932924242 -0.394709117337
32 100 45 0.84586 0.74338882373 0.311948378956 -0.24328222063 0.406337090638
32.1 100 45 0.819043 0.74320281117 0.311207044591 0.222139097211 -0.416892888278
32.2 100 45 0.793044 0.743020225728 0.310469982709 -0.200558659789 0.426356877596
32.3 100 45 0.976868 0.742841030354 0.309737174646 0.17859673113 -0.434712220371
32.4 100 45 0.871304 0.742665181035 0.309008607195 -0.156309696795 0.441944883892
32.5 100 46 1.018224 0.742492627075 0.308284268777 0.133754371342 -0.448043660387
32.6 100 46 0.987794 0.742323320476 0.307564146046 -0.110987874172 0.45300017322
32.7 100 46 0.935036 0.742157206003 0.306848228282 0.0880674715187 -0.456808876571
32.8 100 46 0.769042 0.741994232355 0.306136501559 -0.065050463007 0.459467063186
32.9 100 46 0.834409 0.74183434489 0.305428953022 0.0419940292627 -0.460974844415
33 100 46 0.990312 0.741677487315 0.304725570679 -0.0189550985349 0.461335135183
33.1 100 46 0.879768 0.741523604265 0.304026341731 -0.00400978505759 -0.460553634444
33.2 100 46 0.846198 0.741372636995 0.303331249011 0.0268445987063 0.458638790275
33.3 100 46 1.062178 0.741224528397 0.302640290133 -0.0494939752249 -0.455601768608
33.4 100 46 0.772992 0.741079224335 0.301953449934 0.0719033269329 0.451456411982
33.5 100 46 0.785432 0.740936671607 0.301270713811 -0.0940189776734 -0.446219189097
33.6 100 46 0.774181 0.740796817783 0.300592072807 0.115788285624 0.439909145636
33.7 100 46 0.918507 0.740659608292 0.299917517488 -0.137159774513 -0.432547829916
33.8 100 46 0.759456 0.740525000071 0.299247033964 0.158083239236 0.424159255098
33.9 100 46 0.756288 0.740392948423 0.298580610421 -0.178509875394 -0.41476980026
34 100 46 0.757757 0.740263411748 0.297918235058 0.198392387582 0.404408140965
34.1 100 46 0.755013 0.740136351756 0.297259895893 -0.217685097933 -0.393105165516
34.2 100 46 0.75505 0.740011733489 0.296605581097 0.236344050171 0.380893885169
34.3 100 46 0.759565 0.739889525834 0.29595527915 -0.254327110004 -0.367809338528
34.4 100 46 0.758308 0.739769701415 0.295308977382 0.271594055606 0.353888498435
34.5 100 46 0.753655 0.739652236699 0.29466666361 -0.288106670193 -0.339170160763
34.6 100 46 0.756398 0.739537112109 0.294028325764 0.303828823621 0.323694838602
34.7 100 46 0.757186 0.739424308274 0.293393953789 -0.318726548189 -0.307504642073
34.8 100 47 0.760378 0.739313818743 0.292763533377 0.332768111056 0.290643184238
34.9 100 47 0.756279 0.739205634902 0.292137051807 -0.345924078784 -0.273155443086
35 100 47 0.75492 0.739099751762 0.2915144967 0.358167373666 0.255087641064
35.1 100 47 0.761277 0.738996168899 0.290895858011 -0.369473325818 -0.236487124298
35.2 100 47 0.759281 0.738894886306 0.290281113017 0.379819703154 0.217402212891
35.3 100 47 0.764498 0.738795913321 0.289670255855 -0.389186782155 -0.197882138297
35.4 100 47 0.774685 0.73869925865 0.289063273271 0.397557347742 0.177976847419
35.5 100 47 0.782019 0.738604935237 0.288460152039 -0.404916726532 -0.157736897373
35.6 100 47 0.784672 0.738512956554 0.287860880235 0.411252801098 0.13721332183
35.7 100 47 0.787167 0.738423344711 0.28726543994 -0.416556024039 -0.116457508454
35.8 100 47 0.916005 0.738336113887 0.286673818861 0.420819405049 0.0955210503754
35.9 100 47 0.795472 0.738251284425 0.286086002996 -0.424038522178 -0.0744556361791
36 100 47 0.798212 0.7381688774 0.285501978117 0.426211504654 0.0533129182808
36.1 100 47 0.793276 0.73808891545 0.284921730231 -0.427339013482 -0.0321443841847
36.2 100 47 0.799039 0.738011422078 0.284345244321 0.427424221698 0.0110012359502
36.3 100 47 0.803213 0.737936415814 0.283772506466 -0.426472771799 0.0100657363246
36.4 100 47 0.92992 0.737863923576 0.283203500408 0.424492765433 -0.0310062611312
36.5 100 47 0.866444 0.737793967828 0.282638211554 -0.421494696735 0.0517707143952
36.6 100 47 0.808221 0.737726569522 0.282076623512 0.417491420034 -0.0723102218914
36.7 100 47 0.803699 0.737661748585 0.281518721566 -0.412498091942 0.0925767737177
36.8 100 47 0.891477 0.737599524927 0.280964488909 0.406532118796 -0.112523327201
36.9 100 48 1.121076 0.737539916035 0.280413908814 -0.399613089305 0.132103909763
37 100 48 1.155281 0.737482932987 0.279866966885 0.391762715389 -0.151273715653
37.1 100 48 1.157387 0.737428584088 0.279323650013 -0.383004767122 0.16998919862
37.2 100 48 0.806992 0.737376879962 0.278783941208 0.373364984728 -0.188208161427
37.3 100 48 0.861329 0.73732783011 0.278247821904 -0.36287102626 0.205889840694
37.4 100 48 0.811874 0.737281439893 0.277715275781 0.35155237501 -0.222994989047
37.5 100 48 0.81438 0.737237710918 0.277186286253 -0.339440257669 0.239485952071
37.6 100 48 0.822535 0.737196641215 0.276660836625 0.326567560976 -0.255326740338
37.7 100 48 0.810582 0.737158235036 0.276138905383 -0.312968745617 0.270483097058
37.8 100 48 0.807229 0.737122474256 0.275620481051 0.298679757436 -0.284922563271
37.9 100 48 0.807274 0.737089358551 0.275105541819 -0.283737929444 0.298614534682
38 100 48 0.988503 0.737058869117 0.27459407077 0.268181913329 -0.311530319593
38.1 100 48 1.18143 0.737030973994 0.274086053482 -0.252051527274 0.323643180012
38.2 100 48 0.892472 0.737005656535 0.273581477942 0.235387754137 -0.334928404502
38.3 100 48 0.819833 0.736982892147 0.273080328157 -0.218232563156 0.34536332573
38.4 100 48 0.819113 0.736962653394 0.272582588125 0.200628836588 -0.354927366065
38.5 100 48 0.790976 0.736944908653 0.272088243937 -0.182620264623 0.363602068988
38.6 100 48 0.801365 0.73692962504 0.271597278881 0.16425125614 -0.371371133017
38.7 100 48 0.807291 0.736916769406 0.271109676578 -0.145566829325 0.37822043577
38.8 100 48 0.80299 0.736906304905 0.27062542157 0.126612505657 -0.384138051518
38.9 100 48 0.804312 0.736898192936 0.270144498476 -0.107434208789 0.389114268683
39 100 48 0.809149 0.736892392685 0.269666892584 0.0880781593802 -0.39314160029
39.1 100 48 0.799397 0.736888861575 0.269192589132 -0.0685907705351 0.396214790726
39.2 100 49 0.847646 0.736887559116 0.268721572335 0.0490185477983 -0.398330824242
39.3 100 49 0.975734 0.736888442605 0.268253827485 -0.0294079775219 0.399488915306
39.4 100 49 0.918086 0.736891467785 0.267789340443 0.00980542317475 -0.399690501708
39.5 100 49 0.802196 0.736896592583 0.267328095951 0.00974297570953 0.398939238852
39.6 100 49 0.813971 0.736903774064 0.2668700796 -0.0291914112078 -0.397240977068
39.7 100 49 0.814659 0.736912976637 0.266415276264 0.0484945136094 0.39460375216
39.8 100 49 0.820582 0.736924164227 0.26596366687 -0.0676074431212 -0.391037721629
39.9 100 49 0.809932 0.736937275784 0.265515245461 0.0864859934584 0.386555188534
40 100 49 0.817758 0.736952279897 0.265069995385 -0.105086701165 -0.381170525832
40.1 100 49 0.837886 0.736969140979 0.264627900956 0.12336693603 0.374900149255
40.2 100 49 0.850753 0.736987823794 0.264188947944 -0.141284998492 -0.367762468983
40.3 100 49 0.824063 0.73700829631 0.263753122002 0.158800211768 0.359777840269
40.4 100 49 0.820506 0.737030528979 0.263320407875 -0.175873016363 -0.350968512755
40.5 100 49 0.820796 0.737054496679 0.262890789802 0.192465056049 0.341358567472
40.6 100 49 0.816088 0.737080172882 0.262464253905 -0.208539263244 -0.330973845397
40.7 100 49 0.806918 0.73710753595 0.262040785466 0.224059941201 0.319841889801
40.8 100 49 0.803964 0.737136567443 0.261620369279 -0.238992842421 -0.307991870764
40.9 100 49 0.798881 0.737167249263 0.261202991061 0.253305240762 0.295454505426
41 100 49 1.006985 0.737199571088 0.260788634279 -0.266966008029 -0.282261988721
41.1 100 49 0.823336 0.737233524983 0.260377284103 0.27994567516 0.268447906363
41.2 100 49 0.821937 0.737269102715 0.259968924828 -0.292216493997 -0.254047133803
41.3 100 49 1.01387 0.737306299978 0.259563541213 0.303752494752 0.239095764931
41.4 100 49 1.151165 0.737345123386 0.259161115052 -0.314529546227 -0.223631027398
41.5 100 49 1.163518 0.737385566958 0.25876163318 0.324525381384 0.207691152445
41.6 100 49 1.178608 0.737427634313 0.258365080054 -0.333719659271 -0.191315315121
41.7 100 49 1.185397 0.737471330579 0.257971440216 0.342093994482 0.174543523798
41.8 100 49 0.880905 0.737516664444 0.257580697442 -0.349631992709 -0.157416525427
41.9 100 49 1.003161 0.737563645231 0.257192836152 0.356319273917 0.139975702025
42 100 49 0.910198 0.737612285112 0.256807840111 -0.362143494851 -0.122262971563
42.1 100 49 0.91388 0.737662597055 0.25642569317 0.367094365349 0.104320687518
42.2 100 49 1.014391 0.737714594534 0.256046379476 -0.371163657741 -0.0861915372859
42.3 100 49 1.008809 0.737768293301 0.255669882596 0.374345216676 0.0679184435213
42.4 100 49 1.175028 0.737823696232 0.255296196016 -0.376634935937 -0.0495444535251
42.5 100 49 1.012124 0.737880831038 0.254925294126 0.378030814971 0.0311126687838
42.6 100 49 0.894253 0.737939711493 0.25455716137 -0.378532889155 -0.0126661154512
42.7 100 49 1.04763 0.738000345105 0.254191783549 0.378143228695 -0.00575234341677
42.8 100 49 0.874167 0.738062756631 0.253829141282 -0.376865957737 0.0241000890769
42.9 100 49 0.88191 0.738126958653 0.253469217801 0.374707188821 -0.0423348587763
43 100 49 0.882991 0.738192967033 0.253111996943 -0.371675021262 0.0604148299626
43.1 100 49 0.882557 0.738260790632 0.252757463156 0.367779494602 -0.0782987136542
43.2 100 49 0.885318 0.738330446004 0.252405599341 -0.363032572917 0.0959458395468
43.3 100 49 0.883148 0.738401936172 0.252056389224 0.357448077573 -0.113316239194
43.4 100 49 0.88709 0.73847527183 0.251709816111 -0.351041683746 0.130370734841
43.5 100 49 0.869465 0.738550458246 0.251365863828 0.343830851129 -0.147071016397
43.6 100 49 0.865288 0.738627499185 0.251024515639 -0.335834785068 0.163379720091
43.7 100 49 0.83782 0.73870639605 0.250685754924 0.327074383421 -0.179260504546
43.8 100 49 0.832923 0.738787147746 0.250349565491 -0.317572184068 0.194678123619
43.9 100 49 0.844364 0.73886974924 0.250015930969 0.30735230639 -0.209598495959
44 100 49 0.847553 0.73895419636 0.249684835117 -0.296440400077 0.22398877406
44.1 100 49 0.846401 0.739040480476 0.24935626175 0.284863576052 -0.237817407565
44.2 100 49 0.838384 0.739128597209 0.249030188954 -0.272650351082 0.251054208091
44.3 100 49 0.826494 0.739218525812 0.24870660735 0.259830565025 -0.263670399861
44.4 100 49 0.813459 0.739310251796 0.248385500223 -0.246435335506 0.275638687665
44.5 100 49 0.816156 0.739403756486 0.248066851878 0.232496973878 -0.286933302341
44.6 100 49 0.823048 0.73949901977 0.247750646413 -0.218048917742 0.297530053965
44.7 100 49 0.81532 0.739596018854 0.247436868234 0.203125655407 -0.307406378115
44.8 100 49 0.810607 0.739694728491 0.247125501969 -0.187762650139 0.316541379981
44.9 100 49 0.811313 0.739795122194 0.246816532202 0.171996263991 -0.324915876627
45 100 50 0.819518 0.739897181663 0.246509940845 -0.155863689219 0.332512447414
45.1 100 50 0.830078 0.740000866248 0.246205716376 0.139402829577 -0.339315428925
45.2 100 50 0.811109 0.740106144447 0.245903844524 -0.122652256491 0.345310984605
45.3 100 50 0.80818 0.740212984582 0.24560430878 0.105651116732 -0.350487120721
45.4 100 50 0.81597 0.740321352251 0.245307095427 -0.0884390377117 0.354833708658
45.5 100 50 0.816153 0.740431213141 0.245012189959 0.0710560482341 -0.358342506911
45.6 100 50 0.80939 0.740542532547 0.244719577918 -0.0535424888416 0.361007177169
45.7 100 50 0.810287 0.740655275535 0.244429244998 0.035938923285 -0.36282329701
45.8 100 50 0.808999 0.740769401841 0.244141179117 -0.0182860461335 0.363788359231
45.9 100 50 0.813107 0.740884870094 0.24385536951 0.000624605050105 -0.363901812186
46 100 50 0.801534 0.741001677343 0.243571788392 0.0170047094061 0.363164999329
46.1 100 50 0.81206 0.74111976243 0.243290434155 -0.034561338212 -0.36158121909
46.2 100 50 0.80401 0.741239101911 0.243011289569 0.0520049512507 0.35915567601
46.3 100 50 0.805439 0.741359664065 0.242734340461 -0.0692955365283 -0.355895481646
46.4 100 50 0.812625 0.741481418524 0.242459572675 0.0863934916129 0.351809635577
46.5 100 50 0.808984 0.74160433741 0.242186972877 -0.103259711817 -0.346909006622
46.6 100 50 0.809348 0.741728393149 0.241916528606 0.119855679687 0.341206305033
46.7 100 50 0.80176 0.741853562172 0.24164822474 -0.136143551624 -0.334716053511
46.8 100 50 0.804432 0.741979821523 0.24138204788 0.152086244679 0.327454552876
46.9 100 50 0.810412 0.742107150985 0.241117983781 -0.167647520519 -0.31943984231
47 100 50 0.810186 0.742235529585 0.240856019203 0.18279206642 0.310691652316
47.1 100 50 0.809891 0.742364944251 0.240596139187 -0.197485579817 -0.301231372702
47.2 100 50 0.814891 0.742495386338 0.240338327948 0.211694845877 0.291081993417
47.3 100 50 0.815392 0.742626838703 0.240082573162 -0.225387803387 -0.280268029924
47.4 100 50 0.814446 0.742759293505 0.239828860131 0.23853362826 0.268815493608
47.5 100 50 0.815902 0.74289274409 0.239577174452 -0.251102797845 -0.256751815697
47.6 100 50 0.815466 0.743027186277 0.239327501606 0.263067157675 0.244105783619
47.7 100 50 0.81511 0.743162618412 0.239079826923 -0.274399983949 -0.230907472088
47.8 100 50 0.907098 0.743299041343 0.238834135513 0.285076042472 0.217188171347
47.9 100 50 0.949121 0.743436457366 0.238590412704 -0.295071642394 -0.202980311427
48 100 50 0.821041 0.74357487523 0.238348642045 0.304364694088 0.188317391742
48.1 100 50 0.814567 0.743714297335 0.238108810185 -0.312934739484 -0.173233885738
48.2 100 50 0.813493 0.743854731146 0.237870902315 0.320763009376 0.157765174887
48.3 100 50 0.814878 0.74399619406 0.237634898628 -0.327832470111 -0.141947473473
48.4 100 50 0.81909 0.744138688091 0.237400789239 0.334127820104 0.125817704898
48.5 100 50 0.822325 0.744282222567 0.23716855999 -0.339635558035 -0.109413457045
48.6 100 50 0.818495 0.744426809937 0.236938195641 0.344343994872 0.0927728821066
48.7 100 50 0.822204 0.744572462531 0.236709681863 -0.34824327591 -0.0759346085198
48.8 100 50 0.815699 0.744719183321 0.23648300655 0.351325384253 0.0589376491194
48.9 100 50 0.816183 0.744866993795 0.236258150709 -0.353584193176 -0.0418213268794
49 100 50 0.827694 0.745015907135 0.236035101297 0.35501543766 0.0246251724024
49.1 100 50 0.833625 0.745165935725 0.235813843372 -0.355616729593 -0.00738883989333
49.2 100 50 0.832552 0.745317091468 0.235594362435 0.355387559111 -0.0098479799744
49.3 100 50 0.835472 0.745469385998 0.235376643558 -0.354329291775 0.0270456474575
49.4 100 50 0.826396 0.745622838985 0.235160669303 0.352445176414 -0.0441646605065
49.5 100 50 0.831672 0.745777450022 0.234946428343 -0.349740284342 0.0611657421615
49.6 100 50 0.828762 0.745933225126 0.234733906439 0.346221543835 -0.078009922017
49.7 100 50 0.828134 0.746090172153 0.234523089514 -0.341897708488 0.0946586219069
49.8 100 50 0.810367 0.746248296632 0.234313962791 0.336779333217 -0.111073738918
49.9 100 50 0.791445 0.74640760202 0.234106511925 -0.33087874773 0.127217726683
50 100 50 0.806781 0.74656808999 0.233900727373 0.324210027552 -0.143053677162
