# SIAM excitation B=c_0up^dag|gs> (normalized), method=star
# L=200 U=0.1 V=0.1 dt=0.1 tmax=100 cutoff=1e-10 max_bond_dim=1024
# E_gs=-62.7536301397 gs_bond_dim=48 gs_wall_s=79.344808
# nrm=0.707106779948  G00(t) = -i nrm^2 exp(i E_gs t) A(t)
# t  n_active  bond_dim  wall_s  n0up  n0dw  ReA  ImA
0 200 48 0.010583 1 0.704373162321 1 0
0.1 200 25 1.68289 0.999960556005 0.704354570505 0.999856379994 -0.0142832582131
0.2 200 24 1.606074 0.999842296165 0.704298501078 0.999425763133 -0.028557029553
0.3 200 24 1.589698 0.999645506791 0.704205039913 0.998708878807 -0.0428118575915
0.4 200 24 1.592994 0.999370676182 0.704074329015 0.99770694733 -0.0570383516305
0.5 200 24 1.595253 0.999018485495 0.703906554243 0.996421669647 -0.071227219016
0.6 200 24 1.600313 0.998589805403 0.703701953014 0.994855217923 -0.0853692967893
0.7 200 24 1.59646 0.998085691993 0.703460813088 0.99301022437 -0.0994555826153
0.8 200 24 1.553077 0.997507381925 0.703183471242 0.990889767832 -0.113477264689
0.9 200 24 1.253319 0.996856287014 0.702870312642 0.988497358179 -0.127425750458
1 200 24 1.196611 0.996133985225 0.702521755156 0.985836918262 -0.14129269378
1.1 200 24 1.171775 0.995342216026 0.702138268441 0.982912764544 -0.155070020848
1.2 200 24 1.192073 0.99448287286 0.701720369474 0.979729585641 -0.168749954377
1.3 200 24 1.180338 0.993557998393 0.70126862791 0.976292419576 -0.182325036299
1.4 200 24 1.187892 0.992569765619 0.700783628321 0.972606627765 -0.195788147211
1.5 200 24 1.200907 0.991520480535 0.700266014129 0.968677870622 -0.209132525972
1.6 200 24 1.168115 0.990412559737 0.699716439997 0.964512078553 -0.22235178451
1.7 200 24 1.38772 0.989248528473 0.699135601066 0.960115424899 -0.235439922722
1.8 200 24 1.586816 0.988031006984 0.698524219163 0.955494296468 -0.248391339821
1.9 200 24 1.152816 0.986762691397 0.69788302232 0.950655263093 -0.261200842687
2 200 24 1.152119 0.985446350533 0.697212765871 0.945605048859 -0.273863653609
2.1 200 24 1.183538 0.984084814333 0.696514227553 0.940350501166 -0.286375414854
2.2 200 24 1.406527 0.982680959633 0.695788199256 0.934898560464 -0.298732190443
2.3 200 24 1.631842 0.981237697107 0.695035483154 0.929256230154 -0.310930465785
2.4 200 24 1.242875 0.979757960104 0.694256891003 0.923430547179 -0.32296714523
2.5 200 24 1.129029 0.978244693685 0.693453242455 0.91742855265 -0.334839547213
2.6 200 24 1.130205 0.976700841936 0.692625362476 0.911257263478 -0.346545397176
2.7 200 24 1.124572 0.975129332854 0.691774069012 0.904923644805 -0.358082817803
2.8 200 24 1.348147 0.973533077671 0.690900195576 0.89843458519 -0.3694503203
2.9 200 24 1.300293 0.971914948031 0.690004554345 0.89179686918 -0.380646788127
3 200 24 1.307383 0.970277771434 0.689087935119 0.885017153941 -0.391671463704
3.1 200 24 1.137497 0.968624320156 0.688151090465 0.878101946766 -0.402523931737
3.2 200 24 1.170194 0.966957305816 0.687194631505 0.871057580403 -0.413204098897
3.3 200 24 1.110888 0.965279365664 0.686219430371 0.86389021166 -0.423712179882
3.4 200 24 1.109258 0.963593035404 0.685226277129 0.856605788816 -0.434048673644
3.5 200 24 1.108378 0.961900762133 0.684215867219 0.84921003631 -0.444214341284
3.6 200 24 1.110538 0.960204906784 0.683188803123 0.841708442163 -0.454210183897
3.7 200 24 1.112632 0.958507707593 0.682145845256 0.834106257898 -0.46403742147
3.8 200 24 1.113864 0.956811303574 0.681087550815 0.826408473693 -0.473697466261
3.9 200 24 1.116061 0.955117706122 0.680014635848 0.818619827611 -0.48319190491
4 200 24 1.113084 0.953428797411 0.678927739103 0.810744790437 -0.492522470132
4.1 200 24 1.112555 0.951746343577 0.677827361912 0.802787560727 -0.501691011793
4.2 200 24 1.113657 0.950071985569 0.676714113938 0.794752071425 -0.510699488427
4.3 200 24 1.111343 0.948407221697 0.675588525593 0.786641992147 -0.519549928472
4.4 200 24 1.108635 0.946753417158 0.674451101732 0.778460717154 -0.528244418461
4.5 200 24 1.107642 0.945111802787 0.673302329005 0.770211383982 -0.536785076479
4.6 200 24 1.107877 0.943483475198 0.672142666222 0.761896876145 -0.545174031446
4.7 200 24 1.108571 0.941869393322 0.670972541127 0.753519832353 -0.553413401333
4.8 200 24 1.10885 0.940270384292 0.66979237173 0.745082651763 -0.561505280321
4.9 200 24 1.108343 0.938687141277 0.668602547823 0.736587506768 -0.569451716429
5 200 24 1.110037 0.937120231173 0.667403428886 0.72803635954 -0.577254692467
5.1 200 24 1.105966 0.935570094548 0.666195355729 0.719430969067 -0.584916116611
5.2 200 24 1.10989 0.934037048559 0.664978638535 0.710772911086 -0.592437803663
5.3 200 24 1.108275 0.932521279634 0.663753670587 0.702063587618 -0.599821473862
5.4 200 24 1.107907 0.93102288686 0.662520643197 0.693304250045 -0.607068728156
5.5 200 24 1.112875 0.929541840644 0.661279830788 0.684495987028 -0.614181044247
5.6 200 24 1.1131 0.928078026397 0.660031458385 0.675639793871 -0.621159776291
5.7 200 24 1.112467 0.92663122649 0.658775750031 0.666736538335 -0.628006140207
5.8 200 24 1.106576 0.925201144762 0.657512917959 0.657787017561 -0.634721222201
5.9 200 24 1.113588 0.923787384544 0.656243181427 0.648791932755 -0.641305953892
6 200 24 1.114281 0.922389487467 0.654966701379 0.639751941138 -0.647761135357
6.1 200 24 1.152943 0.921006917687 0.653683635756 0.630667657641 -0.654087414655
6.2 200 24 1.112243 0.919639072805 0.652394126026 0.621539664193 -0.660285298906
6.3 200 24 1.114978 0.918285323195 0.651098313694 0.612368546599 -0.666355173167
6.4 200 24 1.115093 0.916944984326 0.649796350882 0.603154892953 -0.672297287305
6.5 200 24 1.114858 0.915617332719 0.648488375147 0.593899311269 -0.678111765984
6.6 200 24 1.116202 0.914301614972 0.647174510725 0.584602437494 -0.6837986137
6.7 200 24 1.115636 0.912997055865 0.645854876539 0.575264952503 -0.689357725893
6.8 200 24 1.113764 0.911702865143 0.64452958734 0.565887591532 -0.694788897161
6.9 200 24 1.113689 0.91041824446 0.643198755005 0.556471153571 -0.700091830899
7 200 24 1.113696 0.909142394348 0.641862487782 0.547016509892 -0.705266149612
7.1 200 24 1.1147 0.907874520515 0.640520892851 0.537524611874 -0.710311406456
7.2 200 24 1.187434 0.906613840154 0.639174077224 0.527996496067 -0.715227095878
7.3 200 24 1.207847 0.905359587553 0.6378221475 0.518433289133 -0.720012665022
7.4 200 24 1.125826 0.904111020147 0.636465210955 0.508836212196 -0.724667526403
7.5 200 24 1.131269 0.902867423311 0.635103376002 0.499206583276 -0.729191070185
7.6 200 24 1.118861 0.901628115096 0.633736752933 0.489545817402 -0.733582675009
7.7 200 24 1.11744 0.900392450255 0.632365454122 0.479855427361 -0.737841720214
7.8 200 24 1.119109 0.899159824475 0.630989594901 0.470137021825 -0.741967596988
7.9 200 24 1.12189 0.89792967772 0.629609293354 0.460392305215 -0.74595971766
8 200 24 1.121845 0.896701495251 0.628224670271 0.450623068518 -0.749817529414
8.1 200 24 1.119752 0.895474812578 0.626835850331 0.440831191676 -0.753540522631
8.2 200 24 1.119051 0.894249214829 0.625442951983 0.431018637027 -0.757128238817
8.3 200 24 1.122856 0.893024340746 0.624046116777 0.421187440218 -0.760580286047
8.4 200 24 1.098778 0.891799886229 0.622645535569 0.411339708261 -0.763896345492
8.5 200 24 1.086048 0.890575606115 0.621241373417 0.401477603658 -0.767076173262
8.6 200 24 1.082391 0.889351308552 0.619833741963 0.391603329082 -0.770119594698
8.7 200 24 1.081409 0.888126824658 0.618422748571 0.381719162365 -0.773026525113
8.8 200 24 1.08269 0.886902058038 0.617008531008 0.371827401836 -0.775796970251
8.9 200 24 1.089607 0.885676964162 0.615591229982 0.361930378747 -0.778431035613
9 200 24 1.089947 0.884451546484 0.6141709977 0.35203043618 -0.780928920244
9.1 200 24 1.087046 0.883225856838 0.612747988338 0.342129929337 -0.783290923648
9.2 200 24 1.087437 0.881999991481 0.611322372776 0.332231213678 -0.785517447013
9.3 200 24 1.094393 0.880774092411 0.609894309412 0.322336633431 -0.787608988482
9.4 200 24 1.097823 0.879548339261 0.608463942553 0.312448517793 -0.789566139581
9.5 200 24 1.088348 0.878322945927 0.60703142678 0.302569173288 -0.791389588962
9.6 200 24 1.087222 0.877098160427 0.605596921097 0.29270086803 -0.793080117413
9.7 200 24 1.083491 0.875874261581 0.6041605921 0.282845830641 -0.794638595359
9.8 200 24 1.093533 0.874651553002 0.602722589531 0.273006240331 -0.796065973863
9.9 200 24 1.087156 0.873430361314 0.601283069675 0.263184221669 -0.797363284174
10 200 24 1.087147 0.872211034989 0.599842200816 0.25338183693 -0.798531633394
10.1 200 24 1.086907 0.87099393355 0.598400136337 0.243601083478 -0.799572193212
10.2 200 24 1.085922 0.869779430837 0.596957030152 0.233843886716 -0.800486196336
10.3 200 24 1.082329 0.868567899428 0.595513022142 0.224112101873 -0.801274927009
10.4 200 24 1.084012 0.867359721345 0.594068257154 0.214407503982 -0.80193971769
10.5 200 24 1.085225 0.866155278137 0.592622876733 0.204731788179 -0.802481940645
10.6 200 24 1.081976 0.864954947302 0.591177010204 0.195086567986 -0.802902998536
10.7 200 24 1.082466 0.863759098437 0.589730792728 0.185473374525 -0.803204319988
10.8 200 24 1.086111 0.862568093355 0.588284363151 0.175893659984 -0.8033873556
10.9 200 24 1.086223 0.861382285053 0.586837844341 0.166348789436 -0.803453562511
11 200 24 1.087776 0.86020199921 0.585391352512 0.156840053444 -0.803404400157
11.1 200 24 1.086296 0.859027551213 0.583945009305 0.147368660817 -0.80324132798
11.2 200 24 1.08476 0.857859227495 0.582498941389 0.137935750795 -0.802965807033
11.3 200 24 1.088092 0.856697294264 0.581053254605 0.128542381633 -0.802579267762
11.4 200 24 1.094175 0.855541995524 0.579608042902 0.119189544254 -0.802083120772
11.5 200 24 1.089527 0.854393541805 0.578163399862 0.109878171019 -0.801478748868
11.6 200 24 1.092675 0.853252122879 0.576719420388 0.100609131636 -0.800767510849
11.7 200 24 1.084164 0.852117903675 0.575276198652 0.0913832405562 -0.799950731339
11.8 200 24 1.088763 0.850991013848 0.573833816773 0.0822012691689 -0.799029697794
11.9 200 24 1.098844 0.849871560918 0.572392364407 0.0730639370666 -0.798005659322
12 200 24 1.102168 0.848759613135 0.570951911242 0.0639719341562 -0.796879821622
12.1 200 24 1.108311 0.847655213939 0.569512531493 0.0549259134415 -0.795653348268
12.2 200 24 1.101958 0.846558378914 0.568074302479 0.0459264993704 -0.794327359166
12.3 200 24 1.106733 0.845469096064 0.566637274608 0.036974297871 -0.792902927667
12.4 200 24 1.094027 0.844387320752 0.565201527339 0.0280698975594 -0.791381088042
12.5 200 24 1.092665 0.843312990847 0.563767094732 0.019213878222 -0.789762824645
12.6 200 24 1.083949 0.842246006922 0.562334076623 0.0104068118758 -0.788049094896
12.7 200 24 1.081826 0.841186257381 0.560902484098 0.001649275949 -0.786240797719
12.8 200 24 1.096308 0.840133598007 0.559472402735 -0.0070581529684 -0.78433881245
12.9 200 24 1.107733 0.839087865287 0.558043869704 -0.015714881788 -0.782343973646
13 200 24 1.108851 0.83804888234 0.556616938528 -0.0243203119735 -0.780257088821
13.1 200 24 1.100843 0.837016452534 0.555191652277 -0.0328738241949 -0.778078938231
13.2 200 24 1.091822 0.835990368605 0.553768062281 -0.0413747846412 -0.775810279301
13.3 200 24 1.073675 0.834970404074 0.552346218217 -0.0498225323834 -0.773451852732
13.4 200 24 1.090366 0.833956330674 0.550926149038 -0.0582163845274 -0.771004380259
13.5 200 24 1.086224 0.832947922199 0.549507887834 -0.0665556412387 -0.76846857092
13.6 200 24 1.091477 0.831944926077 0.54809149285 -0.0748395661119 -0.765845137707
13.7 200 24 1.087784 0.83094709693 0.546677006898 -0.0830674004326 -0.763134788086
13.8 200 24 1.084529 0.829954191171 0.545264476725 -0.0912383615347 -0.760338233371
13.9 200 24 1.083264 0.828965963231 0.543853940767 -0.0993516366847 -0.75745619242
14 200 24 1.085447 0.827982173106 0.54244544147 -0.107406389901 -0.754489397332
14.1 200 24 1.080109 0.827002587214 0.541039021453 -0.115401762453 -0.751438596522
14.2 200 24 1.086285 0.826026980067 0.539634724279 -0.123336874445 -0.748304558947
14.3 200 24 1.086487 0.8250551362 0.538232593962 -0.131210827185 -0.745088077725
14.4 200 24 1.080048 0.824086851703 0.536832674701 -0.139022705717 -0.741789973461
14.5 200 24 1.081206 0.823121935876 0.535435011076 -0.146771581878 -0.738411097202
14.6 200 24 1.082344 0.822160212804 0.534039649219 -0.154456517984 -0.734952333012
14.7 200 24 1.140167 0.821201524996 0.532646638919 -0.162076572899 -0.731414599728
14.8 200 24 1.103901 0.820245726598 0.531256023708 -0.169630797114 -0.727798854117
14.9 200 24 1.10677 0.819292692202 0.529867851069 -0.177118245516 -0.724106090955
15 200 24 1.1019 0.818342314905 0.528482169535 -0.184537978314 -0.720337344191
15.1 200 24 1.091601 0.817394506853 0.527099028179 -0.19188906523 -0.71649368761
15.2 200 24 1.098053 0.816449199575 0.525718476571 -0.199170589505 -0.712576234771
15.3 200 24 1.097022 0.815506344131 0.524340564602 -0.20638165199 -0.708586138617
15.4 200 24 1.099942 0.81456591108 0.522965342647 -0.213521375076 -0.704524590679
15.5 200 24 1.109407 0.813627890263 0.521592861694 -0.220588906453 -0.700392819809
15.6 200 24 1.099318 0.812692287708 0.520223170241 -0.227583420037 -0.696192091389
15.7 200 24 1.102599 0.811759133303 0.51885632209 -0.23450412793 -0.691923702848
15.8 200 24 1.098513 0.810828471818 0.517492368516 -0.241350275103 -0.687588983684
15.9 200 24 1.098012 0.809900366034 0.516131360541 -0.248121147801 -0.683189292919
16 200 24 1.109889 0.808974889363 0.514773347704 -0.254816069301 -0.678726009186
16.1 200 24 1.125616 0.808052134561 0.513418381723 -0.261434406657 -0.674200538932
16.2 200 24 1.110578 0.807132200481 0.512066535196 -0.267975573675 -0.669614317807
16.3 200 24 1.109353 0.806215207839 0.510717833538 -0.274439026143 -0.664968783865
16.4 200 24 1.114377 0.805301286267 0.509372340444 -0.280824278555 -0.660265391526
16.5 200 24 1.124735 0.804390563982 0.508030112325 -0.28713088431 -0.655505607308
16.6 200 24 1.116731 0.803483200162 0.506691179571 -0.293358456311 -0.650690889836
16.7 200 24 1.104378 0.802579346503 0.505355589075 -0.299506651955 -0.645822705743
16.8 200 24 1.10707 0.801679158525 0.504023388207 -0.305575177977 -0.640902518621
16.9 200 24 1.115675 0.800782795955 0.502694621709 -0.311563789364 -0.635931785035
17 200 24 1.120897 0.799890419278 0.501369333862 -0.31747228872 -0.630911951172
17.1 200 24 1.1132 0.799002186144 0.500047566829 -0.32330052216 -0.625844450607
17.2 200 24 1.105243 0.798118257728 0.498729363937 -0.329048385092 -0.620730697522
17.3 200 24 1.106226 0.797238788846 0.497414766536 -0.334715812362 -0.615572087342
17.4 200 24 1.107551 0.796363929344 0.496103813852 -0.340302778836 -0.610369992569
17.5 200 24 1.103294 0.795493823369 0.494796544637 -0.34580929668 -0.605125760417
17.6 200 24 1.108611 0.794628603275 0.493493006336 -0.351235412891 -0.599840713336
17.7 200 24 1.106297 0.793768401489 0.492193224416 -0.356581205345 -0.594516139126
17.8 200 24 1.098168 0.792913338366 0.490897234427 -0.361846781787 -0.589153303329
17.9 200 24 1.095149 0.792063520269 0.489605068568 -0.367032273335 -0.583753428887
18 200 24 1.101369 0.791219046117 0.488316759271 -0.372137833425 -0.578317715316
18.1 200 24 1.090749 0.790379995981 0.487032337823 -0.377163636537 -0.572847313232
18.2 200 24 1.102184 0.789546440866 0.485751834321 -0.382109867853 -0.567343351456
18.3 200 24 1.100089 0.78871843829 0.484475276147 -0.386976726511 -0.56180692367
18.4 200 24 1.104734 0.787896031813 0.48320269106 -0.391764420737 -0.556239090085
18.5 200 24 1.101573 0.787079250869 0.481934104844 -0.396473164462 -0.550640878358
18.6 200 24 1.107757 0.786268110918 0.480669542162 -0.401103174716 -0.545013285448
18.7 200 24 1.101763 0.785462613257 0.479409027263 -0.405654670655 -0.53935727603
18.8 200 24 1.104463 0.784662747917 0.478152589034 -0.410127872395 -0.533673791264
18.9 200 24 1.109178 0.783868487296 0.47690024246 -0.414522982125 -0.527963742902
19 200 24 1.115216 0.783079792664 0.475652008982 -0.418840202545 -0.522228019641
19.1 200 24 1.110536 0.782296612527 0.474407908354 -0.423079727409 -0.516467485637
19.2 200 24 1.101503 0.781518948149 0.473167935177 -0.427241774178 -0.510682939525
19.3 200 24 1.091951 0.780746682933 0.471932152543 -0.431326508669 -0.504875225749
19.4 200 24 1.097029 0.779979716217 0.470700566433 -0.435334070903 -0.499045186943
19.5 200 24 1.092329 0.779217947122 0.469473179298 -0.439264596086 -0.493193635339
19.6 200 24 1.093433 0.778461273363 0.468250008718 -0.44311821773 -0.48732136685
19.7 200 24 1.09241 0.777709585435 0.467031070392 -0.446895054927 -0.481429170317
19.8 200 24 1.113501 0.77696276743 0.465816378899 -0.450595213398 -0.475517831075
19.9 200 24 1.103986 0.776220698498 0.464605949508 -0.454218785955 -0.469588134203
20 200 24 1.092563 0.775483253909 0.463399796342 -0.457765853297 -0.463640866091
20.1 200 24 1.082963 0.774750306215 0.46219793301 -0.461236485438 -0.457676817325
20.2 200 24 1.08138 0.774021726258 0.461000373458 -0.464630742164 -0.451696784483
20.3 200 24 1.083025 0.773297384793 0.4598071305 -0.46794867546 -0.445701572036
20.4 200 24 1.083884 0.772577153279 0.458618217299 -0.47119033071 -0.439691994518
20.5 200 24 1.091154 0.77186080986 0.457433677424 -0.474355709277 -0.433668986681
20.6 200 24 1.089141 0.771148326759 0.45625349663 -0.4774448936 -0.427633282109
20.7 200 24 1.095317 0.770439584272 0.455077686841 -0.480457922047 -0.421585733394
20.8 200 24 1.095351 0.769734468033 0.453906259989 -0.483394835182 -0.415527208102
20.9 200 24 1.089093 0.769032869647 0.452739227857 -0.486255677976 -0.409458588919
21 200 24 1.089744 0.768334687563 0.451576602049 -0.489040502388 -0.40338077414
21.1 200 24 1.083401 0.767639827981 0.450418394016 -0.491749369462 -0.397294677653
21.2 200 24 1.078447 0.766948205275 0.449264615528 -0.494382351945 -0.391201228501
21.3 200 24 1.076643 0.766259743529 0.448115277074 -0.496939536649 -0.38510137055
21.4 200 24 1.064491 0.765574374974 0.446970389915 -0.4994210265 -0.378996061949
21.5 200 24 1.077007 0.764892042292 0.445829965137 -0.50182694292 -0.372886273585
21.6 200 24 1.13013 0.764212704345 0.44469401479 -0.504157428926 -0.366772986091
21.7 200 24 1.142976 0.763536323578 0.443562547439 -0.506412646999 -0.360657193384
21.8 200 24 1.146425 0.762862869294 0.442435572697 -0.508592786353 -0.35453989732
21.9 200 24 1.148057 0.762192325799 0.441313099502 -0.510698060938 -0.348422105486
22 200 24 1.154006 0.761524687182 0.440195145907 -0.512728710414 -0.342304831818
22.1 200 24 1.147729 0.760859958884 0.43908171663 -0.514685004589 -0.336189089939
22.2 200 24 1.15173 0.760198155677 0.437972819444 -0.516567241267 -0.330075894651
22.3 200 24 1.161784 0.759539315336 0.436868470429 -0.518375748464 -0.323966254082
22.4 200 24 1.144143 0.758883443093 0.43576867942 -0.520110884085 -0.317861188656
22.5 200 24 1.153902 0.758230595554 0.434673458488 -0.521773032954 -0.311761692013
22.6 200 24 1.155513 0.757580823691 0.433582810343 -0.523362611857 -0.305668756158
22.7 200 24 1.15456 0.756934185023 0.432496746249 -0.524880066166 -0.299583361121
22.8 200 24 1.155443 0.756290743684 0.431415273551 -0.52632586995 -0.293506472831
22.9 200 24 1.158573 0.755650570378 0.430338399768 -0.527700525339 -0.287439041355
23 200 24 1.205317 0.755013746652 0.429266136016 -0.52900455831 -0.28138199406
23.1 200 24 1.166992 0.754380344835 0.428198503985 -0.5302385248 -0.275336245594
23.2 200 24 1.166649 0.753750449255 0.427135492426 -0.531403002603 -0.26930268458
23.3 200 24 1.15758 0.753124144816 0.426077121951 -0.532498591368 -0.263282175456
23.4 200 24 1.16028 0.752501517633 0.425023408392 -0.533525911006 -0.257275557265
23.5 200 24 1.158248 0.751882658748 0.423974324291 -0.534485599508 -0.251283641649
23.6 200 24 1.1579 0.751267650554 0.422929938579 -0.535378311555 -0.245307214351
23.7 200 24 1.17462 0.750656591109 0.421890198981 -0.536204717225 -0.23934702461
23.8 200 24 1.171071 0.750049556581 0.42085513411 -0.536965494427 -0.233403802948
23.9 200 24 1.212987 0.749446628155 0.419824759696 -0.537661332324 -0.227478245121
24 200 24 1.315755 0.748847891874 0.41879906152 -0.538292923371 -0.221571013439
24.1 200 24 1.356559 0.748253414938 0.417778056307 -0.538860972074 -0.215682746697
24.2 200 24 1.593165 0.747663288856 0.416761745751 -0.53936618614 -0.209814037864
24.3 200 24 1.224943 0.747077563847 0.415750154698 -0.539809265699 -0.203965469641
24.4 200 24 1.176312 0.74649628745 0.414743277882 -0.540190911699 -0.198137595327
24.5 200 24 1.178225 0.745919517618 0.413741097749 -0.540511817382 -0.192330931358
24.6 200 24 1.173092 0.745347288893 0.412743661655 -0.540772679254 -0.186545976598
24.7 200 24 1.178452 0.744779643747 0.411750951204 -0.540974182782 -0.180783193471
24.8 200 24 1.169059 0.744216604685 0.410762973563 -0.541117001329 -0.175043030119
24.9 200 24 1.168758 0.743658193907 0.40977972288 -0.541201798063 -0.169325907667
25 200 24 1.172717 0.743104465737 0.408801208574 -0.541229224249 -0.163632202283
25.1 200 24 1.174772 0.742555384763 0.407827435039 -0.54119991934 -0.157962317272
25.2 200 24 1.169948 0.742010942204 0.406858394159 -0.541114506214 -0.152316621389
25.3 200 24 1.164552 0.741471127107 0.405894119623 -0.540973602441 -0.146695459545
25.4 200 24 1.168231 0.740935922812 0.404934579819 -0.540777788135 -0.141099173912
25.5 200 24 1.337994 0.740405296194 0.403979782565 -0.540527647303 -0.135528091775
25.6 200 24 1.216119 0.739879203094 0.403029748782 -0.540223746654 -0.129982533959
25.7 200 24 1.325147 0.739357611649 0.4020844622 -0.539866632248 -0.124462804385
25.8 200 24 1.623395 0.738840467087 0.401143924981 -0.539456835968 -0.11896921285
25.9 200 24 1.322048 0.738327708937 0.400208138915 -0.538994874403 -0.113502067029
26 200 24 1.538615 0.737819280281 0.399277084801 -0.538481253818 -0.108061662402
26.1 200 24 1.181195 0.73731509994 0.398350798458 -0.53791647172 -0.102648305705
26.2 200 24 1.204533 0.736815097213 0.397429236565 -0.537301004455 -0.0972623024568
26.3 200 24 1.216187 0.736319206186 0.396512425879 -0.536635317192 -0.0919039552084
26.4 200 24 1.441121 0.735827346192 0.395600348281 -0.535919871174 -0.0865735708123
26.5 200 24 1.370208 0.735339440489 0.394692998524 -0.535155119672 -0.0812714625508
26.6 200 24 1.605274 0.734855401874 0.393790372513 -0.534341509144 -0.0759979549926
26.7 200 24 1.291133 0.734375149704 0.392892463799 -0.533479480961 -0.0707533718553
26.8 200 24 1.167894 0.733898604667 0.391999266556 -0.532569474634 -0.065538039667
26.9 200 24 1.168357 0.733425675064 0.391110777876 -0.531611927857 -0.0603523083833
27 200 24 1.24355 0.732956278812 0.390226982227 -0.53060727493 -0.0551965287103
27.1 200 24 1.62503 0.732490333878 0.389347872771 -0.529555958448 -0.0500710591022
27.2 200 24 1.592045 0.732027762564 0.388473434479 -0.528458422055 -0.0449762590766
27.3 200 24 1.591302 0.731568485448 0.387603665507 -0.527315114872 -0.0399125021143
27.4 200 24 1.596451 0.731112433176 0.386738553055 -0.526126490886 -0.0348801673367
27.5 200 24 1.60819 0.730659532815 0.385878088285 -0.524893017932 -0.0298796347275
27.6 200 24 1.618929 0.730209726569 0.385022257456 -0.52361517034 -0.0249113073196
27.7 200 24 1.643997 0.729762937443 0.384171050788 -0.52229342708 -0.0199755569632
27.8 200 24 1.607667 0.729319113131 0.38332445682 -0.520928291012 -0.0150727815876
27.9 200 24 1.589012 0.728878202844 0.382482462581 -0.51952027244 -0.0102033740425
28 200 24 1.572575 0.728440160761 0.38164505669 -0.518069894476 -0.00536772773389
28.1 200 24 1.549569 0.7280049488 0.380812227642 -0.516577693094 -0.00056623073235
28.2 200 24 1.574023 0.727572534419 0.379983953975 -0.515044222604 0.00420073172548
28.3 200 24 1.57886 0.727142890654 0.379160229118 -0.513470050548 0.00893277917743
28.4 200 24 1.584299 0.726716008555 0.378341034921 -0.511855755538 0.0136295425959
28.5 200 24 1.595765 0.726291862231 0.377526359819 -0.510201937686 0.0182906541029
28.6 200 24 1.503247 0.725870443435 0.376716192781 -0.508509207441 0.0229157589228
28.7 200 24 1.161607 0.72545175558 0.375910516101 -0.506778188122 0.0275045174391
28.8 200 24 1.289585 0.725035795764 0.375109323879 -0.505009524644 0.0320566012206
28.9 200 24 1.328883 0.724622575148 0.374312608558 -0.503203864428 0.0365716974445
29 200 24 1.440568 0.724212106003 0.373520336425 -0.501361869315 0.041049503537
29.1 200 24 1.219055 0.723804418686 0.372732502416 -0.499484217346 0.0454897415953
29.2 200 24 1.162517 0.723399535479 0.371949089058 -0.497571585437 0.0498921582127
29.3 200 24 1.157096 0.72299749242 0.371170092545 -0.495624661585 0.0542565143109
29.4 200 24 1.154134 0.722598306448 0.370395495409 -0.49364414198 0.058582573604
29.5 200 24 1.154905 0.722202008201 0.369625294594 -0.491630737966 0.0628701307061
29.6 200 24 1.159677 0.721808639296 0.368859479099 -0.48958515505 0.0671190205451
29.7 200 24 1.160443 0.721418245477 0.368098030179 -0.487508091571 0.0713290845242
29.8 200 24 1.160851 0.721030850725 0.367340948332 -0.485400266567 0.0755001785476
29.9 200 24 1.157302 0.720646496716 0.366588223367 -0.483262385956 0.0796321882463
30 200 24 1.150391 0.720265240907 0.365839844822 -0.481095152468 0.0837250303314
30.1 200 24 1.165744 0.71988711504 0.365095806892 -0.478899269067 0.087778626914
30.2 200 24 1.163766 0.719512172687 0.36435609646 -0.476675406423 0.0917929367315
30.3 200 24 1.171083 0.719140452066 0.363620700164 -0.474424258849 0.0957679323074
30.4 200 24 1.172425 0.71877199098 0.362889617806 -0.472146497929 0.0997036095506
30.5 200 24 1.177814 0.718406827786 0.362162846805 -0.469842790729 0.103599979074
30.6 200 25 1.185752 0.718045006326 0.361440378911 -0.467513791565 0.107457070413
30.7 200 25 1.190059 0.717686556037 0.360722212426 -0.465160140696 0.11127492591
30.8 200 25 1.424504 0.717331515218 0.360008342387 -0.462782464358 0.115053610706
30.9 200 25 1.664429 0.71697992291 0.359298755652 -0.460381365783 0.118793194804
31 200 25 1.307893 0.716631798215 0.358593454723 -0.457957447296 0.122493763919
31.1 200 25 1.303098 0.71628716975 0.357892437427 -0.4555112885 0.126155419928
31.2 200 25 1.238809 0.715946044484 0.357195705922 -0.453043461169 0.12977826523
31.3 200 25 1.233806 0.715608437945 0.356503257997 -0.450554512806 0.133362415487
31.4 200 25 1.248449 0.715274360824 0.355815093309 -0.448044975531 0.136907993866
31.5 200 25 1.258095 0.714943825915 0.355131206967 -0.445515360217 0.140415128207
31.6 200 25 1.245463 0.714616828864 0.354451602133 -0.442966170095 0.143883949823
31.7 200 25 1.192886 0.714293367354 0.353776277377 -0.440397888763 0.147314592074
31.8 200 25 1.186429 0.713973433916 0.353105233283 -0.437810983168 0.1507071901
31.9 200 25 1.249525 0.713657016728 0.352438468207 -0.435205906085 0.154061878196
32 200 25 1.265081 0.713344096428 0.351775996477 -0.432583092506 0.157378798326
32.1 200 25 1.568007 0.713034653799 0.351117788988 -0.429942974698 0.160658069886
32.2 200 25 1.664668 0.712728659015 0.350463856011 -0.427285956026 0.163899823074
32.3 200 25 1.663952 0.712426083999 0.349814213191 -0.424612446402 0.167104175015
32.4 200 25 1.626917 0.712126896659 0.34916883579 -0.421922840109 0.170271244664
32.5 200 25 1.605683 0.711831064213 0.348527736045 -0.419217514646 0.173401147627
32.6 200 25 1.590084 0.71153854697 0.347890895463 -0.416496849688 0.176493986767
32.7 200 25 1.571925 0.711249301515 0.347258319859 -0.413761210371 0.179549854206
32.8 200 25 1.603404 0.710963279957 0.346630003581 -0.411010966082 0.182568846241
32.9 200 25 1.612391 0.710680428848 0.346005941968 -0.408246473872 0.185551051586
33 200 25 1.599802 0.710400700752 0.345386132338 -0.405468083671 0.188496539177
33.1 200 25 1.602169 0.710124054171 0.344770561994 -0.402676167098 0.191405372149
33.2 200 25 1.615153 0.709850426704 0.344159217617 -0.399871074462 0.194277624011
33.3 200 25 1.610495 0.709579764096 0.343552100555 -0.397053165168 0.197113350051
33.4 200 25 1.617778 0.709312009923 0.342949199202 -0.394222796502 0.199912612656
33.5 200 25 1.574574 0.709047104755 0.34235050607 -0.391380328658 0.202675456143
33.6 200 25 1.606317 0.70878499477 0.341756009239 -0.38852613841 0.205401923576
33.7 200 25 1.616244 0.708525617412 0.341165699451 -0.385660602034 0.208092060664
33.8 200 25 1.619131 0.708268913552 0.340579571725 -0.382784100948 0.210745910596
33.9 200 25 1.60973 0.708014819585 0.339997621294 -0.379897026715 0.213363515887
34 200 25 1.613737 0.707763303029 0.339419805678 -0.376999756383 0.215944909577
34.1 200 25 1.60665 0.707514303243 0.33884611921 -0.374092693008 0.218490131195
34.2 200 25 1.603446 0.707267768005 0.338276547908 -0.371176244602 0.220999226409
34.3 200 25 1.614725 0.707023667253 0.337711067854 -0.368250813411 0.223472250598
34.4 200 25 1.602353 0.706781972848 0.337149655913 -0.365316808725 0.225909260964
34.5 200 25 1.609275 0.706542648144 0.336592292711 -0.362374653051 0.228310317306
34.6 200 25 1.590627 0.70630566197 0.336038954438 -0.359424775253 0.230675488316
34.7 200 25 1.590401 0.706070982581 0.335489620374 -0.356467608135 0.233004850073
34.8 200 25 1.611324 0.705838594755 0.334944246587 -0.353503584442 0.235298486529
34.9 200 25 1.600029 0.705608471559 0.334402834621 -0.350533148926 0.237556500954
35 200 25 1.600363 0.705380590356 0.333865349414 -0.347556750209 0.239778996495
35.1 200 25 1.602345 0.705154930737 0.333331774252 -0.344574840408 0.241966090992
35.2 200 25 1.585561 0.704931493462 0.332802076566 -0.341587859611 0.244117916782
35.3 200 25 1.601355 0.704710268427 0.33227622723 -0.338596256402 0.246234623835
35.4 200 25 1.590147 0.704491251947 0.331754202848 -0.335600474954 0.248316364204
35.5 200 25 1.584371 0.704274438332 0.331235980565 -0.332600969035 0.250363312614
35.6 200 25 1.622372 0.704059836671 0.330721529161 -0.329598176356 0.252375652905
35.7 200 25 1.622966 0.703847452296 0.33021082176 -0.326592534877 0.254353583092
35.8 200 25 1.625382 0.703637286761 0.32970383666 -0.323584481286 0.256297317772
35.9 200 25 1.682647 0.703429350577 0.32920056693 -0.320574437518 0.258207085583
36 200 25 1.647273 0.703223659579 0.328700949909 -0.317562821188 0.260083123507
36.1 200 25 1.655032 0.703020227272 0.328204966896 -0.314550039781 0.261925683406
36.2 200 25 1.65772 0.702819071612 0.327712623496 -0.311536490017 0.263735030107
36.3 200 25 1.635269 0.702620211561 0.327223861599 -0.308522558771 0.265511435789
36.4 200 25 1.673305 0.702423669376 0.326738651176 -0.305508614565 0.267255188419
36.5 200 25 1.695512 0.7022294644 0.32625700442 -0.302495019279 0.268966578336
36.6 200 25 1.649579 0.702037614021 0.32577886293 -0.299482123303 0.270645907147
36.7 200 25 1.697724 0.701848147275 0.325304244656 -0.296470249801 0.272293482851
36.8 200 25 1.638157 0.701661078306 0.324833107893 -0.293459722881 0.273909621564
36.9 200 25 1.629468 0.701476427141 0.324365426658 -0.290450844484 0.275494643649
37 200 25 1.626782 0.701294221084 0.323901225538 -0.287443891959 0.277048868486
37.1 200 25 1.661702 0.70111447428 0.323440402821 -0.284439144097 0.278572629189
37.2 200 25 1.669088 0.700937203572 0.322982988304 -0.281436850462 0.280066254824
37.3 200 26 1.698814 0.700762427808 0.322528822084 -0.278437251838 0.281530076294
37.4 200 26 1.706146 0.700590173003 0.322078197472 -0.275440553772 0.282964392764
37.5 200 26 1.653787 0.700420420878 0.321630875061 -0.272446997144 0.284369548984
37.6 200 26 1.648725 0.70025318388 0.321186919427 -0.269456763512 0.285745866133
37.7 200 26 1.652497 0.700088473483 0.32074631398 -0.266470035948 0.287093654207
37.8 200 26 1.689207 0.699926292529 0.320309011383 -0.263486986248 0.288413221979
37.9 200 26 1.697939 0.699766632622 0.319875013633 -0.260507769981 0.289704879126
38 200 26 1.691159 0.699609495021 0.319444318883 -0.257532525835 0.290968918403
38.1 200 26 1.667702 0.699454857994 0.319016920348 -0.25456139861 0.29220562937
38.2 200 26 1.66755 0.699302727183 0.318592801556 -0.251594504833 0.293415285405
38.3 200 26 1.638022 0.699153087573 0.318171961773 -0.248631955409 0.294598164434
38.4 200 26 1.663668 0.699005930745 0.317754387349 -0.245673854063 0.295754521806
38.5 200 26 1.65839 0.698861240451 0.317340075032 -0.242720300584 0.296884606495
38.6 200 26 1.639629 0.698718989571 0.31692901844 -0.239771397487 0.297988659717
38.7 200 26 1.632841 0.698579159524 0.31652120486 -0.236827231881 0.299066908479
38.8 200 26 1.592601 0.698441727421 0.316116644199 -0.233887890463 0.300119570448
38.9 200 26 1.584697 0.698306670215 0.31571530233 -0.230953457368 0.301146857696
39 200 26 1.595543 0.698173925402 0.315317368833 -0.228024023952 0.302148971788
39.1 200 26 1.589308 0.698043542248 0.314922392818 -0.225099662683 0.303126090543
39.2 200 26 1.606301 0.6979154258 0.314530775934 -0.222180455306 0.304078414358
39.3 200 26 1.611265 0.697789519844 0.314142540426 -0.219266516815 0.305006113687
39.4 200 26 1.614277 0.69766584175 0.313757445726 -0.216357921959 0.3059093408
39.5 200 26 1.617603 0.697544356511 0.313375446924 -0.213454753733 0.306788260875
39.6 200 26 1.590428 0.697425011558 0.312996672106 -0.210557128124 0.307643022627
39.7 200 26 1.596978 0.69730777704 0.31262111488 -0.207665149516 0.308473772095
39.8 200 26 1.598048 0.69719261951 0.312248621852 -0.204778924279 0.309280657329
39.9 200 26 1.567296 0.697079492453 0.311879307573 -0.201898565568 0.310063816685
40 200 27 1.565844 0.696968362325 0.31151315141 -0.199024198586 0.310823376003
40.1 200 27 1.572055 0.696859197043 0.311150114063 -0.196155947277 0.311559484759
40.2 200 27 1.536446 0.696751949837 0.310790342326 -0.193293946114 0.312272278171
40.3 200 27 1.535247 0.696646605189 0.310433577395 -0.190438340901 0.312961892804
40.4 200 27 1.544002 0.696543124344 0.310079941528 -0.187589269052 0.313628472081
40.5 200 27 1.548132 0.696441473732 0.309729449446 -0.184746885285 0.314272151444
40.6 200 27 1.532324 0.69634163157 0.309382008801 -0.181911346855 0.314893081191
40.7 200 27 1.530623 0.696243581026 0.309037586556 -0.179082808506 0.315491409919
40.8 200 27 1.529025 0.696147294654 0.308696209724 -0.176261433161 0.316067288248
40.9 200 27 1.534722 0.696052734598 0.308357890744 -0.173447398131 0.316620886888
41 200 27 1.522477 0.69595989186 0.308022608218 -0.170640868361 0.317152363643
41.1 200 27 1.532339 0.695868755322 0.307690281313 -0.167842017162 0.317661901786
41.2 200 27 1.521171 0.695779301354 0.307360940244 -0.165051020695 0.318149680601
41.3 200 27 1.531813 0.695691522842 0.30703455509 -0.162268049705 0.318615886988
41.4 200 27 1.582238 0.695605404204 0.306711113085 -0.159493277689 0.319060724173
41.5 200 27 1.617798 0.695520932498 0.306390567338 -0.156726879948 0.319484406065
41.6 200 27 1.635223 0.695438160147 0.306072992197 -0.153969016617 0.319887189725
41.7 200 27 1.617482 0.695356998953 0.305758208805 -0.151219886559 0.320269215101
41.8 200 27 1.614591 0.695277475546 0.305446257658 -0.148479603526 0.320630767502
41.9 200 27 1.617844 0.695199509414 0.305137095599 -0.145748283078 0.320972005231
42 200 27 1.628597 0.695123222767 0.304830796229 -0.143026140186 0.321293272764
42.1 200 27 1.673935 0.695048599191 0.304527363846 -0.140313298317 0.321594830419
42.2 200 27 1.65251 0.694975644023 0.304226604563 -0.137609888004 0.321876883827
42.3 200 27 1.66053 0.694904340712 0.30392859524 -0.134916032188 0.322139711923
42.4 200 27 1.702064 0.694834731624 0.303633134767 -0.132231845244 0.322383568096
42.5 200 27 1.692949 0.694766782971 0.303340463117 -0.129557405409 0.322608761484
42.6 200 27 1.698175 0.694700508128 0.303050526051 -0.126892804228 0.322815560093
42.7 200 27 1.64964 0.694635994547 0.302763182722 -0.124238175065 0.323004267528
42.8 200 27 1.711383 0.69457318333 0.302478350139 -0.12159353252 0.32317510082
42.9 200 27 1.655353 0.694512093411 0.302196096421 -0.11895894263 0.323328379346
43 200 27 1.64971 0.694452739991 0.301916430658 -0.116334444214 0.323464390581
43.1 200 27 1.645071 0.694395138558 0.301639290275 -0.113720084799 0.32358340885
43.2 200 27 1.632731 0.694339324108 0.301364594083 -0.111115895883 0.323685706307
43.3 200 27 1.63967 0.694285274914 0.301092305296 -0.108521867303 0.323771559037
43.4 200 27 1.654488 0.694233000911 0.3008226044 -0.105937980545 0.323841264049
43.5 200 27 1.621072 0.694182556383 0.300555442994 -0.103364266585 0.323895085703
43.6 200 27 1.633087 0.694133883472 0.300290780148 -0.100800665931 0.323933259993
43.7 200 27 1.666144 0.69408703194 0.300028517571 -0.0982471710973 0.32395605604
43.8 200 27 1.641259 0.694041985756 0.299768616963 -0.0957037296411 0.323963697924
43.9 200 27 1.678409 0.693998739022 0.299511141475 -0.0931702825211 0.32395643582
44 200 27 1.661674 0.693957321617 0.299256055154 -0.0906467910339 0.323934505041
44.1 200 27 1.627734 0.693917693195 0.299003386862 -0.0881331744915 0.323898109977
44.2 200 27 1.610273 0.693879875427 0.298753033678 -0.085629375519 0.32384747031
44.3 200 27 1.66194 0.693843843631 0.298505002714 -0.0831353143751 0.323782769388
44.4 200 27 1.65336 0.693809592745 0.298259229279 -0.0806509075619 0.323704195232
44.5 200 27 1.628878 0.693777112259 0.29801559315 -0.0781760605162 0.323611951022
44.6 200 27 1.621866 0.693746397957 0.297774636481 -0.0757107385125 0.32350619214
44.7 200 27 1.651981 0.693717387973 0.297535918691 -0.0732547987819 0.323387060966
44.8 200 27 1.680205 0.693690132683 0.297299533732 -0.0708081833847 0.323254718389
44.9 200 27 1.714473 0.69366457847 0.297065441102 -0.0683708086567 0.323109294631
45 200 27 1.743978 0.693640709259 0.29683362317 -0.0659425885526 0.322950933318
45.1 200 27 1.797305 0.693618472366 0.296604166996 -0.0635234360926 0.322779715266
45.2 200 27 1.812876 0.693597842148 0.296376968181 -0.0611132700262 0.322595782238
45.3 200 27 1.835605 0.693578785953 0.296152477371 -0.0587120369457 0.322399242938
45.4 200 27 1.821407 0.693561299483 0.295929993637 -0.0563196380742 0.322190166437
45.5 200 27 1.830731 0.693545319347 0.295710115936 -0.0539360520844 0.321968654713
45.6 200 27 1.829561 0.693530849307 0.295491906585 -0.0515611458048 0.321734788627
45.7 200 27 1.799675 0.693517846062 0.295275764079 -0.049194891438 0.321488644773
45.8 200 27 1.735848 0.693506221376 0.295062291328 -0.0468372968205 0.321230278
45.9 200 27 1.725913 0.693495976362 0.29485112109 -0.0444882814583 0.320959776091
46 200 27 1.7278 0.693487045174 0.294642479005 -0.0421478168173 0.320677182153
46.1 200 27 1.668497 0.693479417784 0.294435956484 -0.0398158599786 0.320382583083
46.2 200 27 1.63594 0.693473060083 0.29423178427 -0.0374923980117 0.320076032995
46.3 200 27 1.658051 0.693467939725 0.294029883714 -0.0351774032202 0.319757582502
46.4 200 28 1.650863 0.693464015935 0.293830239236 -0.0328708680448 0.319427300048
46.5 200 28 1.708533 0.693461253911 0.293632884681 -0.0305727859932 0.319085239789
46.6 200 29 1.643473 0.693459613912 0.293437825157 -0.0282831540835 0.318731479421
46.7 200 29 1.650269 0.693459079393 0.293245028845 -0.0260019780315 0.318366074193
46.8 200 29 1.627016 0.693459612181 0.293054508775 -0.023729269788 0.317989093523
46.9 200 29 1.624729 0.693461190848 0.292866248123 -0.0214650370492 0.31760060834
47 200 29 1.580275 0.693463795874 0.292680233122 -0.0192092948512 0.317200688411
47.1 200 29 1.577517 0.693467395236 0.292496482649 -0.0169620594174 0.316789418913
47.2 200 29 1.579579 0.693471972119 0.292314961808 -0.0147233513348 0.316366882488
47.3 200 29 1.563245 0.693477507323 0.292135670216 -0.0124931880139 0.31593317078
47.4 200 29 1.583132 0.693483985406 0.291958589624 -0.0102715887883 0.315488374482
47.5 200 29 1.579184 0.69349139365 0.291783715931 -0.00805857348422 0.315032592541
47.6 200 29 1.591549 0.693499722142 0.291611019714 -0.00585415805396 0.314565927516
47.7 200 29 1.587669 0.693508961023 0.291440506272 -0.0036583593564 0.314088486
47.8 200 29 1.584175 0.693519105585 0.291272152188 -0.00147119014767 0.313600378891
47.9 200 29 1.632194 0.693530158929 0.291105958416 0.00070733710519 0.313101728106
48 200 29 1.60495 0.693542117516 0.290941837893 0.00287721978778 0.312592641518
48.1 200 29 1.60225 0.693554982696 0.290779806994 0.00503845829013 0.312073244479
48.2 200 29 1.621458 0.693568758637 0.290619840161 0.00719105448266 0.311543662199
48.3 200 29 1.614042 0.693583457354 0.290461970329 0.0093350173799 0.311004015234
48.4 200 29 1.595423 0.693599085016 0.29030609869 0.0114703626725 0.310454430198
48.5 200 29 1.627789 0.693615634755 0.290152241026 0.013597112607 0.309895037797
48.6 200 29 1.636734 0.693633121823 0.290000388877 0.0157152902405 0.309325981603
48.7 200 29 1.63002 0.693651561512 0.289850490267 0.0178249328259 0.308747377721
48.8 200 29 1.632572 0.693670962705 0.289702577214 0.0199260757518 0.308159358821
48.9 200 29 1.579729 0.693691337546 0.289556621848 0.0220187676966 0.307562078634
49 200 29 1.564341 0.693712714013 0.289412500384 0.0241030787591 0.306955628922
49.1 200 29 1.621694 0.693735108652 0.28927019977 0.0261790561335 0.306340136026
49.2 200 29 1.592982 0.693758516203 0.289129802064 0.0282467606601 0.305715724854
49.3 200 29 1.605348 0.693782945167 0.288991209084 0.0303062492225 0.30508249432
49.4 200 29 1.587041 0.693808426605 0.288854404838 0.0323576324317 0.304440550843
49.5 200 29 1.597952 0.693834976904 0.288719325893 0.0344009919182 0.303790009804
49.6 200 29 1.570438 0.693862592239 0.288586020235 0.0364363912903 0.303130949466
49.7 200 29 1.619283 0.693891315214 0.2884542972 0.0384639002507 0.302463449077
49.8 200 29 1.628069 0.693921150671 0.288324301859 0.0404836579079 0.301787594101
49.9 200 29 1.628934 0.693952104324 0.288195993487 0.0424957551441 0.301103447808
50 200 29 1.617233 0.693984199751 0.288069279464 0.0445002657769 0.300411077938
50.1 200 29 1.615341 0.694017441498 0.287944192091 0.0464973083024 0.299710531355
50.2 200 29 1.634887 0.694051832832 0.287820680219 0.0484869905611 0.299001863938
50.3 200 29 1.608017 0.694087390263 0.287698750752 0.0504694025851 0.298285118765
50.4 200 29 1.616326 0.69412411449 0.287578299079 0.0524446417091 0.297560315393
50.5 200 29 1.635502 0.694161974523 0.287459383454 0.0544127989167 0.296827484537
50.6 200 29 1.623971 0.694200989479 0.287341984452 0.0563739771344 0.296086641913
50.7 200 29 1.604069 0.694241149555 0.287226098805 0.0583282524668 0.295337780994
50.8 200 29 1.584962 0.694282466392 0.287111647095 0.0602757305781 0.294580906655
50.9 200 29 1.609114 0.69432492395 0.286998623056 0.0622164853569 0.293816015887
51 200 29 1.609251 0.694368516342 0.286887004003 0.0641505986791 0.29304308722
51.1 200 29 1.629717 0.694413231343 0.286776785119 0.0660781494318 0.292262100054
51.2 200 29 1.62752 0.694459044688 0.286667964945 0.0679991969933 0.291473037701
51.3 200 29 1.598973 0.694505926624 0.286560557589 0.0699138126733 0.290675862717
51.4 200 29 1.624242 0.694553881096 0.286454521528 0.0718220354715 0.289870541775
51.5 200 29 1.629713 0.694602885749 0.286349813117 0.0737239078293 0.289057035257
51.6 200 29 1.62894 0.694652921863 0.2862464098 0.0756194840047 0.288235295759
51.7 200 29 1.629636 0.69470393868 0.286144440904 0.077508786478 0.287405299727
51.8 200 29 1.624011 0.694755918946 0.28604390248 0.0793918468526 0.286567004783
51.9 200 29 1.589729 0.694808845317 0.285944608781 0.0812686756141 0.285720346746
52 200 29 1.606747 0.694862689649 0.285846686111 0.0831392843878 0.284865290495
52.1 200 29 1.6029 0.694917422431 0.285749959924 0.0850036823394 0.284001791765
52.2 200 29 1.59544 0.694973009933 0.285654556681 0.086861859689 0.283129818992
52.3 200 29 1.639196 0.695029426645 0.285560528761 0.0887137969655 0.282249349189
52.4 200 29 1.638568 0.695086635447 0.285467751754 0.0905595109416 0.281360313649
52.5 200 29 1.64517 0.695144586034 0.285376280854 0.0923989452917 0.280462671109
52.6 200 29 1.622492 0.695203275094 0.285286315322 0.0942321036758 0.279556412399
52.7 200 29 1.608266 0.69526265919 0.285197607915 0.0960589127461 0.278641513248
52.8 200 29 1.610275 0.695322733648 0.285110126594 0.0978793593984 0.277717924288
52.9 200 29 1.614803 0.695383421354 0.285024005245 0.099693389878 0.276785639049
53 200 29 1.637093 0.695444756803 0.284939085076 0.101500964386 0.275844681459
53.1 200 29 1.618807 0.695506650645 0.284855562431 0.103302057355 0.274895017607
53.2 200 29 1.609732 0.695569092905 0.284773389752 0.105096602996 0.273936673169
53.3 200 29 1.594024 0.695632046305 0.284692517999 0.106884571765 0.272969638325
53.4 200 30 1.587376 0.695695500151 0.284612888335 0.108665903336 0.271993929464
53.5 200 30 1.587406 0.695759446973 0.284534552452 0.110440553245 0.271009569241
53.6 200 30 1.58311 0.695823839099 0.284457504475 0.112208472422 0.270016583667
53.7 200 30 1.602052 0.695888661922 0.284381744171 0.113969634002 0.26901499474
53.8 200 30 1.614859 0.69595388969 0.284307321674 0.115723983903 0.268004838011
53.9 200 30 1.616814 0.696019524226 0.284234115186 0.117471489562 0.266986156077
54 200 30 1.579747 0.696085535691 0.284162197979 0.119212120544 0.265958988439
54.1 200 30 1.587677 0.696151901327 0.284091543298 0.120945830457 0.264923386317
54.2 200 30 1.565509 0.696218628902 0.284022150789 0.122672606599 0.263879389834
54.3 200 30 1.550449 0.696285712396 0.283953981801 0.124392422127 0.26282704065
54.4 200 30 1.545324 0.696353147898 0.283887020599 0.126105259017 0.261766399199
54.5 200 30 1.571181 0.696420919581 0.283821349725 0.127811110656 0.260697504609
54.6 200 30 1.584686 0.696489042391 0.283756858727 0.129509969648 0.259620414326
54.7 200 30 1.58014 0.696557495675 0.283693587919 0.131201834773 0.258535184432
54.8 200 30 1.576061 0.696626286841 0.283631493355 0.132886712093 0.257441863241
54.9 200 30 1.562461 0.696695419254 0.283570553858 0.13456460169 0.256340500401
55 200 30 1.569544 0.696764898606 0.283510772281 0.136235527691 0.25523114155
55.1 200 30 1.563847 0.696834737223 0.283452126903 0.137899503546 0.25411382549
55.2 200 30 1.568364 0.696904930174 0.283394609607 0.139556554726 0.252988602915
55.3 200 30 1.564709 0.696975499268 0.283338201016 0.141206706998 0.251855499374
55.4 200 30 1.561569 0.697046452414 0.283282872043 0.142849990173 0.250714546793
55.5 200 30 1.584191 0.697117800757 0.283228607705 0.144486438342 0.249565772151
55.6 200 30 1.583215 0.697189547563 0.283175386827 0.146116093311 0.248409200827
55.7 200 30 1.571013 0.697261704203 0.283123186698 0.147738986615 0.247244849381
55.8 200 30 1.576518 0.697334288963 0.283071991512 0.14935516016 0.246072721978
55.9 200 30 1.568345 0.697407300826 0.283021780211 0.150964667628 0.244892828803
56 200 30 1.568736 0.697480763353 0.282972504585 0.152567538843 0.243705159437
56.1 200 30 1.567489 0.697554663715 0.282924192044 0.154163812524 0.242509721838
56.2 200 30 1.564677 0.697629013125 0.282876814886 0.155753542101 0.241306497413
56.3 200 30 1.568098 0.697703842595 0.282830363729 0.15733676426 0.24009545166
56.4 200 30 1.571003 0.697779147144 0.282784793821 0.158913518168 0.238876549083
56.5 200 30 1.58367 0.697854927036 0.282740084869 0.160483821451 0.237649780663
56.6 200 30 1.584732 0.697931198691 0.282696244909 0.162047708501 0.236415095505
56.7 200 30 1.576786 0.698007972488 0.282653112948 0.163605196948 0.235172424555
56.8 200 30 1.574528 0.698085251628 0.282610833811 0.165156316572 0.233921737841
56.9 200 30 1.57273 0.69816304514 0.282569344154 0.166701075623 0.232662969629
57 200 30 1.570258 0.698241349274 0.2825286662 0.168239490765 0.231396063215
57.1 200 30 1.570798 0.698320165594 0.282488705034 0.169771560805 0.23012095053
57.2 200 30 1.575247 0.698399490508 0.282449481417 0.171297284149 0.228837568474
57.3 200 31 1.582394 0.698479321304 0.282410962354 0.172816650748 0.227545842791
57.4 200 31 1.580205 0.69855965998 0.282373150345 0.174329638299 0.226245694689
57.5 200 31 1.584233 0.698640497577 0.282336027879 0.17583622887 0.224937052872
57.6 200 31 1.582998 0.698721819754 0.282299575597 0.177336389438 0.223619849378
57.7 200 31 1.587295 0.69880361877 0.282263809428 0.178830084406 0.222294012284
57.8 200 31 1.582629 0.698885881442 0.282228688875 0.180317264832 0.220959466915
57.9 200 31 1.586544 0.698968616149 0.282194217516 0.181797879299 0.21961611998
58 200 31 1.579285 0.699051789204 0.282160403472 0.183271867076 0.218263921709
58.1 200 31 1.572412 0.699135385182 0.282127219812 0.1847391602 0.216902806315
58.2 200 31 1.58015 0.699219391251 0.282094678377 0.186199679209 0.215532708199
58.3 200 31 1.575099 0.699303801871 0.282062667294 0.187653342909 0.214153554236
58.4 200 31 1.568148 0.699388588768 0.282031401128 0.189100083195 0.212765289791
58.5 200 31 1.573026 0.699473732687 0.282000791949 0.190539802202 0.21136787033
58.6 200 31 1.569705 0.69955924339 0.281970720714 0.191972394231 0.209961225639
58.7 200 31 1.570823 0.699645079323 0.281941258839 0.193397766008 0.208545328003
58.8 200 31 1.56982 0.699731245734 0.281912476874 0.194815806401 0.207120133634
58.9 200 31 1.569043 0.699817730341 0.281884343837 0.196226407366 0.205685596367
59 200 31 1.571603 0.699904498931 0.281856741923 0.197629446542 0.204241724844
59.1 200 31 1.571208 0.699991521442 0.281829907679 0.199024837142 0.202788488186
59.2 200 31 1.574217 0.700078789573 0.281803629292 0.200412450234 0.201325884886
59.3 200 31 1.571154 0.700166293109 0.281778029251 0.201792174235 0.199853896902
59.4 200 32 1.578163 0.70025400625 0.281753069032 0.20316390279 0.19837252842
59.5 200 32 1.577823 0.700341922385 0.281728756508 0.204527513719 0.196881787556
59.6 200 32 1.585443 0.700430022812 0.281705114897 0.205882900022 0.195381682439
59.7 200 32 1.581756 0.70051830058 0.281682133879 0.207229942813 0.193872230875
59.8 200 32 1.583937 0.700606743662 0.281659830858 0.20856853735 0.192353449907
59.9 200 32 1.586781 0.700695341451 0.281638204312 0.209898575232 0.190825370955
60 200 32 1.58216 0.700784078798 0.281617253718 0.21121995802 0.189288028459
60.1 200 32 1.582367 0.700872957117 0.281596988576 0.212532575181 0.187741455616
60.2 200 32 1.584822 0.700961972543 0.281577404745 0.213836333154 0.186185695784
60.3 200 32 1.586242 0.701051120988 0.281558509614 0.215131130164 0.18462078772
60.4 200 32 1.580253 0.701140405567 0.281540306459 0.216416873345 0.183046769884
60.5 200 32 1.587998 0.701229822228 0.281522820973 0.217693471652 0.181463699637
60.6 200 32 1.582331 0.701319367022 0.281506034133 0.218960844765 0.179871622724
60.7 200 32 1.586872 0.701409030024 0.281489829153 0.220218923069 0.178270612399
60.8 200 32 1.591548 0.701498840705 0.28147442472 0.22146761956 0.176660671085
60.9 200 32 1.58693 0.701588787383 0.281459673208 0.22270686139 0.175041885088
61 200 32 1.583187 0.701678887727 0.28144555915 0.223936576378 0.173414294375
61.1 200 32 1.582223 0.701769134598 0.281432145576 0.225156709218 0.17177794759
61.2 200 32 1.584628 0.701859524569 0.281419519367 0.226367202272 0.170132891579
61.3 200 32 1.589391 0.701950101737 0.281407510871 0.227568014164 0.16847919517
61.4 200 32 1.595866 0.702040828542 0.281396252233 0.228759028148 0.166816846937
61.5 200 32 1.590461 0.702131737629 0.28138566055 0.229940245755 0.165145944639
61.6 200 32 1.593774 0.70222281866 0.281375587361 0.231111570977 0.163466518226
61.7 200 32 1.590745 0.702314100634 0.281366213702 0.23227298393 0.161778607975
61.8 200 32 1.592403 0.702405585778 0.281357462976 0.233424431649 0.16008225803
61.9 200 32 1.594649 0.70249727927 0.281349342375 0.234565876999 0.158377488504
62 200 32 1.594213 0.702589211508 0.281341824738 0.235697248654 0.156664325746
62.1 200 32 1.592859 0.702681378447 0.281334907104 0.236818501396 0.154942761654
62.2 200 32 1.595435 0.702773788865 0.281328570113 0.237929601225 0.153212855592
62.3 200 32 1.594588 0.702866470669 0.281322758654 0.239030453966 0.151474590256
62.4 200 32 1.593342 0.702959427726 0.281317367953 0.24012103597 0.149728094961
62.5 200 32 1.598498 0.703052641475 0.281312677325 0.241201299333 0.14797320209
62.6 200 32 1.599777 0.703146143699 0.281308354664 0.242271164847 0.146210085049
62.7 200 32 1.595271 0.703239936979 0.281304510901 0.243330562055 0.144438674321
62.8 200 32 1.593655 0.703334019068 0.281301166929 0.244379447629 0.142658978328
62.9 200 32 1.596887 0.703428383408 0.281298266406 0.24541776942 0.140871036475
63 200 32 1.590428 0.703523036153 0.281295841073 0.246445421793 0.139074820636
63.1 200 32 1.592456 0.703617978239 0.281293693644 0.247462349465 0.137270363611
63.2 200 32 1.594543 0.703713205604 0.281292026115 0.248468465753 0.135457629712
63.3 200 32 1.594494 0.703808713167 0.281290663125 0.249463665414 0.133636653927
63.4 200 32 1.598606 0.703904486398 0.281289619027 0.250447917921 0.1318074719
63.5 200 32 1.599191 0.704000523351 0.281288950921 0.251421130221 0.129970052852
63.6 200 32 1.597655 0.704096816063 0.281288545558 0.252383157664 0.128124404981
63.7 200 32 1.590539 0.704193351111 0.281288429407 0.253333924661 0.126270556702
63.8 200 32 1.594789 0.704290114474 0.281288604297 0.254273332846 0.124408518478
63.9 200 32 1.602123 0.704387098071 0.28128896986 0.255201251366 0.122538301171
64 200 32 1.602188 0.704484290538 0.281289601234 0.256117577036 0.120659911541
64.1 200 32 1.607137 0.704581657121 0.281290356812 0.257022186376 0.118773413126
64.2 200 32 1.604841 0.704679197313 0.281291349558 0.257914971934 0.116878790663
64.3 200 32 1.610335 0.704776892835 0.28129253067 0.258795818133 0.114976088166
64.4 200 32 1.610459 0.704874726171 0.281293867971 0.259664588711 0.113065348137
64.5 200 32 1.593389 0.704972684802 0.281295316932 0.260521140728 0.111146613113
64.6 200 32 1.605304 0.705070737029 0.281296938535 0.261365382971 0.109219923795
64.7 200 32 1.60379 0.705168854355 0.281298640421 0.262197161688 0.107285340978
64.8 200 32 1.59569 0.705267021882 0.281300453923 0.263016365117 0.105342916451
64.9 200 32 1.597893 0.705365220428 0.281302374413 0.263822847508 0.103392718493
65 200 33 1.59679 0.705463425227 0.281304382623 0.264616493363 0.10143481598
65.1 200 33 1.597949 0.705561610684 0.281306515883 0.265397182446 0.0994692805776
65.2 200 33 1.600214 0.705659758245 0.281308739706 0.266164786089 0.0974961922306
65.3 200 33 1.600653 0.705757840689 0.281311029482 0.266919175869 0.0955156392309
65.4 200 33 1.601232 0.705855841064 0.281313431387 0.267660235118 0.0935277114476
65.5 200 33 1.600994 0.705953736898 0.281315913443 0.268387843009 0.091532501078
65.6 200 33 1.610963 0.706051521558 0.281318425701 0.269101879336 0.0895300976081
65.7 200 33 1.604822 0.706149164905 0.281321024133 0.269802239074 0.0875206146666
65.8 200 33 1.609512 0.706246662326 0.2813236899 0.270488809431 0.0855041498015
65.9 200 33 1.614888 0.706344008068 0.281326414554 0.271161477529 0.083480809188
66 200 33 1.61132 0.706441179363 0.281329216825 0.27182015156 0.0814507099093
66.1 200 33 1.6183 0.706538180443 0.281332109919 0.272464711862 0.0794139772887
66.2 200 33 1.611946 0.70663497551 0.28133509014 0.273095089285 0.077370716872
66.3 200 33 1.604298 0.706731582752 0.281338202512 0.273711178009 0.0753210623905
66.4 200 33 1.599315 0.706827966237 0.281341441724 0.274312914316 0.0732651204724
66.5 200 33 1.608113 0.706924110676 0.281344797065 0.27490023341 0.0712030112984
66.6 200 33 1.612578 0.707020020536 0.281348275592 0.275473053237 0.0691348612083
66.7 200 33 1.601851 0.707115691242 0.281351860737 0.276031304847 0.0670607855847
66.8 200 33 1.603695 0.70721111702 0.28135564179 0.276574929937 0.0649809113711
66.9 200 33 1.608504 0.707306302133 0.281359547461 0.277103856222 0.062895348006
67 200 33 1.607793 0.707401251939 0.281363609053 0.277618028697 0.0608042151246
67.1 200 33 1.611843 0.707495972217 0.281367846889 0.278117394493 0.0587076257945
67.2 200 33 1.608868 0.707590459145 0.281372272006 0.278601903084 0.0566056886557
67.3 200 33 1.607671 0.70768473732 0.281376982476 0.279071511018 0.0544985331194
67.4 200 33 1.615907 0.707778794238 0.281381718321 0.279526155976 0.0523862393104
67.5 200 33 1.614998 0.707872665662 0.281386676786 0.279965806715 0.0502689271896
67.6 200 33 1.617779 0.707966339973 0.281391810669 0.28039041089 0.0481466951866
67.7 200 33 1.614457 0.708059836129 0.281397149636 0.280799935943 0.0460196432022
67.8 200 33 1.615709 0.708153178472 0.28140268623 0.28119432917 0.0438878708035
67.9 200 33 1.617578 0.708246366683 0.281408428617 0.281573558081 0.0417514764254
68 200 33 1.61329 0.708339403302 0.281414397841 0.281937589132 0.0396105403688
68.1 200 33 1.610699 0.708432302567 0.281420565454 0.282286383723 0.0374651596192
68.2 200 33 1.613259 0.708525100321 0.281426926716 0.28261987683 0.035315422947
68.3 200 33 1.619043 0.708617808822 0.281433489819 0.282938027976 0.0331613943329
68.4 200 34 1.618394 0.708710446887 0.281440296218 0.283240778944 0.0310031526699
68.5 200 34 1.622191 0.708803006393 0.281447272219 0.283528098153 0.0288408146371
68.6 200 34 1.618642 0.708895503026 0.281454429869 0.283799929112 0.0266744404958
68.7 200 34 1.631795 0.708987970223 0.281461779672 0.284056206609 0.024504098825
68.8 200 34 1.626686 0.709080415716 0.281469296861 0.284296874816 0.0223298661718
68.9 200 34 1.625814 0.709172854801 0.281476991091 0.284521865274 0.020151822141
69 200 34 1.624999 0.709265291752 0.281484830785 0.284731115092 0.017970046542
69.1 200 34 1.615758 0.709357735093 0.281492838594 0.284924558162 0.0157846092829
69.2 200 34 1.61433 0.709450191133 0.281500976931 0.285102121845 0.0135955904381
69.3 200 34 1.615215 0.709542664029 0.281509247731 0.285263731339 0.0114030681129
69.4 200 34 1.619502 0.709635141114 0.281517638393 0.285409321554 0.00920713574453
69.5 200 34 1.61588 0.709727639307 0.281526148177 0.28553879612 0.00700786594911
69.6 200 34 1.623893 0.709820158024 0.281534749616 0.285652070048 0.00480534582608
69.7 200 34 1.613168 0.709912694918 0.281543433482 0.285749055275 0.0025996654213
69.8 200 34 1.616075 0.710005245131 0.281552185958 0.285829661419 0.000390919166159
69.9 200 34 1.619499 0.710097799628 0.281560995946 0.285893800585 -0.001820799932
70 200 34 1.623815 0.710190354049 0.281569848249 0.285941372349 -0.00403538491753
70.1 200 34 1.618485 0.710282898676 0.281578729213 0.285972279956 -0.00625272839143
70.2 200 34 1.616962 0.710375421226 0.28158761191 0.285986425959 -0.0084727137697
70.3 200 34 1.608173 0.710467913631 0.281596454182 0.285983714735 -0.0106952283769
70.4 200 34 1.604437 0.710560347503 0.28160536392 0.285964039415 -0.0129201573167
70.5 200 34 1.60529 0.710652728259 0.281614240255 0.285927301623 -0.015147361696
70.6 200 34 1.59865 0.710745013132 0.281623098425 0.285873423848 -0.0173767231168
70.7 200 34 1.606675 0.710837204523 0.281631899002 0.28580228308 -0.019608082703
70.8 200 34 1.61961 0.710929281308 0.281640575546 0.285713796925 -0.0218412987427
70.9 200 35 1.623072 0.711021212118 0.281649200229 0.285607867601 -0.02407622761
71 200 35 1.619412 0.711112981027 0.281657808551 0.28548440259 -0.0263127164817
71.1 200 35 1.611771 0.711204570401 0.281666280115 0.28534331364 -0.0285506007815
71.2 200 35 1.624792 0.711295951303 0.281674717385 0.28518452032 -0.0307897174132
71.3 200 35 1.619022 0.711387104565 0.281683057908 0.285007944423 -0.0330298905726
71.4 200 35 1.609809 0.711478008546 0.281691308295 0.284813507433 -0.0352709507722
71.5 200 35 1.614795 0.711568641795 0.281699450293 0.284601135974 -0.0375127174777
71.6 200 35 1.619266 0.711658982716 0.281707491735 0.284370764421 -0.0397550102338
71.7 200 35 1.624893 0.711749010579 0.281715438891 0.284122330547 -0.0419976401597
71.8 200 35 1.628197 0.711838705812 0.281723276709 0.283855778007 -0.0442404188113
71.9 200 35 1.631126 0.711928048172 0.281731013327 0.283571056022 -0.0464831555326
72 200 35 1.62947 0.712017019217 0.281738651432 0.283268121117 -0.0487256566248
72.1 200 35 1.63233 0.71210560241 0.281746205733 0.282946932824 -0.0509677273243
72.2 200 35 1.635921 0.712193781182 0.281753665574 0.282607458767 -0.0532091702133
72.3 200 35 1.643336 0.712281555293 0.281761031536 0.282249660553 -0.0554497933309
72.4 200 35 1.631032 0.712368897991 0.2817683335 0.281873528724 -0.0576893935116
72.5 200 35 1.63382 0.712455808277 0.281775560631 0.281479041094 -0.0599277777542
72.6 200 35 1.624804 0.712542268482 0.281782737475 0.281066194292 -0.0621647481762
72.7 200 35 1.62499 0.712628276341 0.281789792661 0.280634987343 -0.0644001087667
72.8 200 35 1.623578 0.712713817947 0.281796898688 0.280185415376 -0.0666336650581
72.9 200 35 1.620964 0.712798902951 0.281804046142 0.279717475435 -0.0688652216037
73 200 35 1.621209 0.712883527961 0.281811089987 0.279231193062 -0.0710945928078
73.1 200 35 1.624121 0.712967686393 0.281818140192 0.278726585647 -0.073321596042
73.2 200 36 1.643449 0.713051379194 0.2818251798 0.278203666962 -0.0755460366539
73.3 200 36 1.632372 0.713134624117 0.281832239388 0.277662464468 -0.07776775144
73.4 200 36 1.630457 0.713217398613 0.281839404043 0.277103009168 -0.0799865679218
73.5 200 36 1.624663 0.713299740473 0.281846480782 0.276525333462 -0.0822022851491
73.6 200 36 1.645552 0.713381613938 0.281853752613 0.27592948354 -0.0844147671178
73.7 200 36 1.656456 0.713463095383 0.2818610101 0.275315460459 -0.0866238256425
73.8 200 36 1.640172 0.713544208458 0.281868355945 0.274683278022 -0.088829297459
73.9 200 36 1.628017 0.713624913505 0.281875778637 0.274033023155 -0.0910310219201
74 200 36 1.630077 0.713705241227 0.281883280575 0.27336472552 -0.0932288428465
74.1 200 36 1.638996 0.713785217874 0.28189091988 0.272678414193 -0.0954226199819
74.2 200 36 1.648676 0.713864852963 0.281898644997 0.271974139332 -0.0976122074927
74.3 200 36 1.634506 0.713944157012 0.28190652741 0.271251942608 -0.0997974492699
74.4 200 36 1.634075 0.714023153385 0.281914499288 0.270511864676 -0.101978201873
74.5 200 36 1.633364 0.714101880699 0.28192260138 0.269753925912 -0.104154319571
74.6 200 36 1.655525 0.714180329478 0.281930826458 0.268978189478 -0.106325680358
74.7 200 36 1.656662 0.714258513683 0.28193925543 0.268184696006 -0.10849214138
74.8 200 36 1.647347 0.714336494315 0.281947765883 0.267373435524 -0.110653573077
74.9 200 36 1.640156 0.714414238243 0.28195651429 0.266544504745 -0.112809822149
75 200 36 1.646284 0.714491806565 0.281965290683 0.265697879559 -0.11496079627
75.1 200 37 1.645278 0.714569201888 0.281974240671 0.264833609048 -0.117106351682
75.2 200 37 1.646569 0.714646427028 0.281983306769 0.263951740364 -0.11924635062
75.3 200 37 1.643678 0.714723539965 0.281992519561 0.263052245865 -0.12138064938
75.4 200 37 1.648271 0.71480054154 0.28200182087 0.26213516257 -0.123509136406
75.5 200 37 1.654752 0.714877439258 0.282011214422 0.261200536085 -0.125631674887
75.6 200 37 1.640951 0.714954221348 0.282020712592 0.260248384449 -0.127748143414
75.7 200 37 1.641191 0.71503095311 0.282030280454 0.259278700151 -0.129858387736
75.8 200 37 1.639604 0.715107613619 0.282039933856 0.258291509667 -0.131962283366
75.9 200 37 1.645575 0.715184170292 0.282049638052 0.25728687416 -0.134059713772
76 200 37 1.645026 0.715260702436 0.2820593801 0.256264744969 -0.136150489492
76.1 200 37 1.645093 0.715337189365 0.282069139001 0.255225155449 -0.138234501746
76.2 200 37 1.641003 0.715413634645 0.282078906247 0.254168129194 -0.140311600283
76.3 200 37 1.638877 0.715490023392 0.282088630558 0.253093681078 -0.14238165833
76.4 200 37 1.641669 0.715566339657 0.282098360939 0.252001844147 -0.144444502817
76.5 200 37 1.639018 0.715642605819 0.282108094914 0.250892616792 -0.146499981934
76.6 200 37 1.63656 0.715718838135 0.282117639152 0.249765999483 -0.148547957601
76.7 200 37 1.639933 0.715795006055 0.282127156306 0.248622039095 -0.150588241198
76.8 200 37 1.634986 0.715871100611 0.282136521216 0.247460739876 -0.152620705458
76.9 200 37 1.640263 0.715947102833 0.282145907449 0.246282153459 -0.154645149889
77 200 37 1.638428 0.71602301732 0.282155058253 0.245086283497 -0.156661430782
77.1 200 37 1.640469 0.716098821669 0.282164072599 0.243873168179 -0.15866937105
77.2 200 37 1.632921 0.716174542227 0.282172793149 0.242642811488 -0.160668817027
77.3 200 37 1.643098 0.716250100037 0.282181390082 0.241395291374 -0.162659583659
77.4 200 37 1.635666 0.716325527314 0.282189689193 0.240130620879 -0.164641503917
77.5 200 37 1.638377 0.716400801773 0.282197839671 0.238848857463 -0.166614377266
77.6 200 37 1.652178 0.716475895324 0.282205723921 0.237550046424 -0.168578043354
77.7 200 37 1.634749 0.716550796703 0.282213362703 0.236234237282 -0.170532316254
77.8 200 37 1.645304 0.716625503634 0.282220797232 0.234901478335 -0.172477020289
77.9 200 37 1.639272 0.716699983907 0.282227929452 0.233551844954 -0.174411974113
78 200 37 1.629617 0.71677423001 0.282234687394 0.23218539997 -0.176337003692
78.1 200 37 1.630332 0.71684822403 0.282241144337 0.230802207086 -0.178251930284
78.2 200 37 1.633346 0.716921948954 0.282247341389 0.229402341484 -0.180156571339
78.3 200 37 1.646758 0.716995388125 0.282253137844 0.227985868942 -0.182050763448
78.4 200 37 1.487688 0.717068543952 0.282258713382 0.226552880548 -0.183934311343
78.5 200 37 1.193878 0.717141400638 0.282263821853 0.225103461814 -0.185807055808
78.6 200 37 1.190209 0.717213970583 0.282268649027 0.223637699634 -0.187668808137
78.7 200 37 1.191378 0.717286205555 0.282273169232 0.222155687657 -0.189519412377
78.8 200 37 1.208067 0.717358133035 0.282277419705 0.220657526411 -0.191358697045
78.9 200 37 1.205453 0.717429726121 0.28228129865 0.219143311063 -0.193186507258
79 200 37 1.189556 0.717500982473 0.282284875417 0.217613142998 -0.195002677228
79.1 200 37 1.189851 0.717571907129 0.282288132399 0.216067133452 -0.196807051129
79.2 200 37 1.187061 0.717642495177 0.282291081075 0.214505387635 -0.198599474459
79.3 200 37 1.184222 0.7177127638 0.282293751827 0.212928013569 -0.200379795752
79.4 200 37 1.193266 0.717782677465 0.282296132194 0.211335110207 -0.202147864306
79.5 200 37 1.202831 0.717852293501 0.282298278507 0.209726813625 -0.203903541274
79.6 200 37 1.187502 0.717921580946 0.282300136002 0.208103215472 -0.205646683284
79.7 200 37 1.186731 0.71799056265 0.282301746226 0.206464437409 -0.207377150562
79.8 200 37 1.186766 0.71805923765 0.282303130049 0.204810596837 -0.209094810525
79.9 200 37 1.188369 0.718127629392 0.282304288457 0.203141794066 -0.210799527611
80 200 37 1.191447 0.718195743781 0.282305241179 0.201458163334 -0.212491180979
80.1 200 37 1.207157 0.71826358317 0.282306009529 0.199759809425 -0.21416963262
80.2 200 37 1.199686 0.718331184128 0.282306605857 0.198046857949 -0.215834762844
80.3 200 37 1.183053 0.718398542659 0.282307042079 0.196319416255 -0.21748645288
80.4 200 37 1.199761 0.71846568023 0.282307337305 0.194577595436 -0.219124582457
80.5 200 38 1.184982 0.718532604219 0.282307513608 0.192821503794 -0.220749042345
80.6 200 39 1.188447 0.71859933893 0.282307592359 0.191051254205 -0.222359712606
80.7 200 39 1.211747 0.718665899526 0.282307563178 0.189266955668 -0.223956483851
80.8 200 39 1.199956 0.718732271043 0.282307534638 0.187468704975 -0.225539251886
80.9 200 39 1.191395 0.718798534376 0.282307334304 0.185656616687 -0.227107877193
81 200 39 1.241258 0.718864661556 0.282307082834 0.183830791554 -0.228662268326
81.1 200 39 1.181634 0.718930660668 0.282306821901 0.181991332737 -0.230202313727
81.2 200 39 1.18489 0.718996584439 0.282306471022 0.180138338716 -0.231727877447
81.3 200 39 1.187672 0.719062408423 0.282306103108 0.178271929433 -0.233238876794
81.4 200 39 1.196878 0.719128143454 0.282305792789 0.176392179632 -0.234735200043
81.5 200 39 1.194783 0.719193821099 0.282305407556 0.174499213565 -0.236216711561
81.6 200 39 1.189285 0.719259448338 0.282304989336 0.172593116877 -0.23768329621
81.7 200 39 1.18801 0.719325027061 0.282304619895 0.17067398525 -0.239134837172
81.8 200 39 1.183174 0.719390588531 0.282304210559 0.168741917449 -0.240571198513
81.9 200 39 1.19332 0.719456133985 0.282303663541 0.166797007617 -0.241992276691
82 200 39 1.19702 0.719521655125 0.282303178959 0.164839364804 -0.243397944487
82.1 200 39 1.21968 0.719587157707 0.282302735288 0.162869083695 -0.244788069041
82.2 200 39 1.190881 0.719652630842 0.2823022882 0.160886263989 -0.246162523506
82.3 200 39 1.187364 0.71971810257 0.282301540796 0.158891012387 -0.247521168744
82.4 200 39 1.189048 0.719783547017 0.282300981229 0.156883434253 -0.24886389855
82.5 200 39 1.189985 0.719848966584 0.282300367106 0.154863635344 -0.250190558702
82.6 200 40 1.195058 0.719914397494 0.282299115043 0.152831725492 -0.251501020983
82.7 200 40 1.215348 0.71997977517 0.282298298111 0.150787818315 -0.252795168202
82.8 200 40 1.208146 0.720045083165 0.282297549274 0.14873204468 -0.254072812036
82.9 200 40 1.187939 0.720110323225 0.282296667612 0.14666451285 -0.255333852697
83 200 40 1.194357 0.720175514591 0.282295694498 0.144585348954 -0.25657813547
83.1 200 40 1.178644 0.720240661 0.282294425761 0.142494679337 -0.257805533938
83.2 200 40 1.188559 0.720305687561 0.282293150753 0.140392633576 -0.259015880947
83.3 200 40 1.201592 0.720370598385 0.282291810733 0.138279351609 -0.260209053378
83.4 200 40 1.204165 0.720435389479 0.282290284561 0.136154980871 -0.261384908524
83.5 200 40 1.1853 0.720500024008 0.282288577363 0.134019658122 -0.262543299731
83.6 200 40 1.190959 0.720564521616 0.28228661705 0.131873549127 -0.263684088702
83.7 200 40 1.183365 0.720628852114 0.282284369169 0.129716782434 -0.264807140492
83.8 200 40 1.209691 0.720692987336 0.282281938993 0.127549549286 -0.265912333232
83.9 200 40 1.198067 0.720756914738 0.282279169418 0.125371986421 -0.266999515234
84 200 40 1.210307 0.720820604795 0.282276184891 0.1231842815 -0.268068551174
84.1 200 40 1.198573 0.720884096373 0.282272625192 0.120986576389 -0.269119358341
84.2 200 40 1.187121 0.720947265222 0.282269127012 0.118779113352 -0.270151738118
84.3 200 40 1.205535 0.721010144814 0.282265268874 0.116562030171 -0.271165629426
84.4 200 40 1.189612 0.721072751149 0.282261079337 0.114335508396 -0.272160883395
84.5 200 40 1.194492 0.721135027854 0.282256539186 0.112099746918 -0.273137390265
84.6 200 40 1.202515 0.721197005192 0.282251660033 0.109854928989 -0.274095052382
84.7 200 40 1.206461 0.721258648287 0.282246459452 0.10760126425 -0.275033787161
84.8 200 40 1.196804 0.721319932573 0.282240831275 0.105338934456 -0.275953457062
84.9 200 40 1.19195 0.721380847144 0.282234850261 0.103068134266 -0.276853971328
85 200 40 1.187455 0.721441407116 0.282228526919 0.100789080884 -0.27773526281
85.1 200 40 1.188052 0.721501589098 0.282221800955 0.0985019603892 -0.278597232249
85.2 200 40 1.198917 0.721561388905 0.282214754593 0.0962069815418 -0.279439815442
85.3 200 40 1.199303 0.721620836166 0.282207243608 0.0939043537327 -0.280262928919
85.4 200 40 1.194462 0.721679877631 0.282199464158 0.0915942709508 -0.281066508728
85.5 200 40 1.191844 0.721738536921 0.282191356896 0.0892769370557 -0.281850493378
85.6 200 40 1.191796 0.7217968299 0.282182858451 0.0869525613206 -0.282614824709
85.7 200 40 1.183395 0.721854741285 0.282174040916 0.0846213382163 -0.283359452311
85.8 200 40 1.190733 0.721912287352 0.282164900787 0.0822834725491 -0.284084328794
85.9 200 40 1.209476 0.721969490793 0.282155399459 0.0799391662978 -0.284789409568
86 200 40 1.203405 0.722026342495 0.282145598653 0.0775886109732 -0.285474656993
86.1 200 40 1.196569 0.722082854416 0.282135488157 0.0752319977321 -0.286140033
86.2 200 40 1.190665 0.722139040837 0.282125128874 0.0728695249632 -0.28678551391
86.3 200 40 1.19968 0.722194930792 0.282114477586 0.0705013813322 -0.287411062112
86.4 200 40 1.190886 0.722250519761 0.282103599905 0.0681277460371 -0.288016660264
86.5 200 40 1.206911 0.722305837072 0.282092443627 0.065748810459 -0.288602284613
86.6 200 40 1.203748 0.722360874483 0.282081104237 0.0633647583967 -0.289167909859
86.7 200 40 1.180207 0.722415681783 0.282069589295 0.0609757592663 -0.289713530587
86.8 200 40 1.174455 0.722470243605 0.282057968658 0.0585819868575 -0.290239125801
86.9 200 40 1.179953 0.722524618315 0.282046182758 0.0561836179586 -0.290744678167
87 200 40 1.169592 0.722578770157 0.282034465043 0.053780826874 -0.291230178401
87.1 200 40 1.186925 0.722632802804 0.282022171404 0.0513737628344 -0.291695584476
87.2 200 40 1.188495 0.722686676441 0.282009904203 0.0489625979171 -0.292140922725
87.3 200 40 1.182689 0.722740411394 0.281997527072 0.0465474884453 -0.292566148957
87.4 200 40 1.17097 0.722794036332 0.281985004767 0.0441286012919 -0.292971277113
87.5 200 40 1.174318 0.722847561113 0.281972563353 0.0417060901123 -0.293356293656
87.6 200 40 1.17806 0.722900970177 0.281960223274 0.0392800932359 -0.29372119502
87.7 200 40 1.166337 0.722954329098 0.281947784275 0.0368507895423 -0.294065928761
87.8 200 40 1.170255 0.723007631279 0.281935223359 0.0344183089646 -0.294390481349
87.9 200 40 1.200075 0.723060877437 0.281922707483 0.0319827817862 -0.294694848073
88 200 40 1.180437 0.723114086381 0.281910271327 0.0295443947497 -0.294979025047
88.1 200 40 1.178938 0.723167273179 0.2818976913 0.0271032797303 -0.295242973572
88.2 200 40 1.171267 0.72322040703 0.281885306867 0.024659572217 -0.295486688816
88.3 200 40 1.1677 0.723273526418 0.281872927732 0.0222134321241 -0.295710123517
88.4 200 40 1.175065 0.723326629391 0.281860518116 0.0197649970526 -0.295913268605
88.5 200 40 1.185405 0.723379721815 0.281848113005 0.0173144194363 -0.296096086054
88.6 200 40 1.18857 0.723432831206 0.281835789823 0.0148618490505 -0.296258562498
88.7 200 40 1.187043 0.723485858887 0.28182364118 0.0124074271929 -0.296400652112
88.8 200 40 1.16895 0.723538872422 0.281811545771 0.00995130901239 -0.296522331089
88.9 200 40 1.168359 0.723591865479 0.281799383289 0.00749365408485 -0.296623551791
89 200 40 1.163549 0.723644820636 0.281787208141 0.00503461885166 -0.296704278587
89.1 200 40 1.176506 0.723697750311 0.281775085545 0.00257435209723 -0.296764496795
89.2 200 40 1.179293 0.723750571488 0.281763061189 0.000113019011264 -0.296804156028
89.3 200 40 1.184365 0.723803348491 0.281751246428 -0.00234918377935 -0.296823261887
89.4 200 40 1.177755 0.723856052574 0.281738960762 -0.00481214060388 -0.29682172836
89.5 200 40 1.17174 0.723908655413 0.281726798616 -0.00727564783978 -0.296799537231
89.6 200 40 1.173043 0.723961152897 0.281714519187 -0.00973957646056 -0.296756635838
89.7 200 40 1.156624 0.724013520588 0.281702281384 -0.0122037276418 -0.296693032313
89.8 200 40 1.176031 0.724065756808 0.281689792379 -0.0146679149371 -0.296608661861
89.9 200 40 1.182196 0.7241178287 0.281677305202 -0.0171319520957 -0.296503503821
90 200 40 1.194673 0.72416972401 0.2816647824 -0.0195956659189 -0.296377528743
90.1 200 40 1.189904 0.724221426681 0.281651950005 -0.0220588739522 -0.296230692732
90.2 200 40 1.163199 0.724272924575 0.281638946522 -0.0245213792202 -0.296063016566
90.3 200 40 1.127575 0.724324193243 0.281625810869 -0.0269830005913 -0.295874439574
90.4 200 40 1.133201 0.724375227472 0.281612422894 -0.0294435394945 -0.295664958365
90.5 200 40 1.132635 0.724425980128 0.281599092978 -0.0319027748566 -0.295434587651
90.6 200 40 1.130338 0.724476458005 0.281585359557 -0.0343605399323 -0.295183291047
90.7 200 40 1.12954 0.72452664049 0.28157138681 -0.0368166103039 -0.294911076196
90.8 200 40 1.128194 0.724576518899 0.281557137616 -0.0392708091299 -0.294617936536
90.9 200 40 1.130109 0.724626081746 0.281542567383 -0.0417229348335 -0.294303838289
91 200 40 1.128237 0.724675332404 0.281527622584 -0.0441727963628 -0.293968785473
91.1 200 40 1.127019 0.724724234058 0.281512458784 -0.0466201426746 -0.293612844587
91.2 200 40 1.126921 0.724772794385 0.281496934552 -0.0490648002246 -0.293235987319
91.3 200 40 1.125667 0.724821005166 0.281481167126 -0.0515065628384 -0.292838264577
91.4 200 40 1.127237 0.724868853103 0.281464935048 -0.0539452193694 -0.292419681789
91.5 200 40 1.12615 0.72491633147 0.281448470665 -0.0563805742935 -0.291980253219
91.6 200 40 1.128266 0.724963453901 0.28143156958 -0.0588124322048 -0.291520016255
91.7 200 40 1.12924 0.725010202092 0.281414441938 -0.0612405838329 -0.291039027896
91.8 200 40 1.128757 0.725056578443 0.28139676968 -0.0636648018948 -0.290537300529
91.9 200 41 1.141786 0.725102607478 0.281378618248 -0.0660849191027 -0.290014872981
92 200 41 1.154437 0.725148270146 0.281360118806 -0.0685007252384 -0.289471853323
92.1 200 41 1.148203 0.725193598048 0.281341316987 -0.070912029402 -0.288908223089
92.2 200 41 1.134288 0.725238570046 0.281322020841 -0.0733186600365 -0.288324042001
92.3 200 41 1.138093 0.725283233469 0.281302424465 -0.0757204421246 -0.287719369213
92.4 200 41 1.133279 0.725327579184 0.281282485494 -0.0781171479758 -0.287094245732
92.5 200 41 1.144512 0.725371620512 0.281262146115 -0.0805085987951 -0.286448765598
92.6 200 41 1.144527 0.725415353063 0.281241385412 -0.0828946117518 -0.285782952571
92.7 200 41 1.156174 0.725458819953 0.28122024368 -0.0852750206796 -0.285096922624
92.8 200 41 1.157558 0.725502028016 0.281198810783 -0.0876496393795 -0.284390703588
92.9 200 41 1.140972 0.725545004485 0.281177083607 -0.0900183149638 -0.283664358418
93 200 41 1.133908 0.725587722983 0.281154986388 -0.0923808646702 -0.282917946187
93.1 200 41 1.138685 0.725630237201 0.281132680778 -0.0947371033733 -0.282151542951
93.2 200 41 1.131098 0.725672542811 0.281110004863 -0.0970868295185 -0.281365248022
93.3 200 41 1.137948 0.725714661388 0.281087075422 -0.0994299162486 -0.280559076697
93.4 200 41 1.149251 0.725756626578 0.281063923805 -0.101766214202 -0.279733112395
93.5 200 41 1.154883 0.725798450464 0.281040512056 -0.104095557891 -0.278887433729
93.6 200 41 1.132369 0.725840157584 0.281016799129 -0.106417781009 -0.278022125468
93.7 200 41 1.139799 0.725881746216 0.280992931886 -0.108732712506 -0.277137204445
93.8 200 41 1.139401 0.725923244639 0.280968871971 -0.111040213435 -0.27623275616
93.9 200 41 1.128096 0.725964646034 0.280944672025 -0.113340110722 -0.275308850823
94 200 41 1.141465 0.726005988385 0.280920324214 -0.115632251379 -0.274365538193
94.1 200 41 1.149096 0.726047266783 0.280895755066 -0.117916482449 -0.273402897402
94.2 200 41 1.151181 0.726088511413 0.280871125598 -0.120192644059 -0.27242102344
94.3 200 41 1.136574 0.726129724281 0.280846392298 -0.122460564465 -0.271419942008
94.4 200 41 1.131695 0.726170868869 0.280821183954 -0.12472009835 -0.270399750056
94.5 200 41 1.133497 0.726211989241 0.280795833349 -0.126971106486 -0.269360490724
94.6 200 41 1.123967 0.726253094738 0.280770630282 -0.129213389544 -0.268302207418
94.7 200 41 1.14139 0.726294165003 0.280745075835 -0.131446834617 -0.267225012392
94.8 200 41 1.138897 0.726335270411 0.280720020624 -0.133671234236 -0.266128911749
94.9 200 41 1.145693 0.726376364405 0.280695029971 -0.135886438012 -0.265014004999
95 200 41 1.135791 0.72641740134 0.280669708728 -0.138092301479 -0.263880388167
95.1 200 41 1.128639 0.726458412418 0.280644601567 -0.140288647759 -0.262728091386
95.2 200 41 1.130472 0.72649939914 0.280619422945 -0.142475314756 -0.261557213565
95.3 200 41 1.121899 0.726540343645 0.280594075982 -0.144652158835 -0.260367806441
95.4 200 41 1.135918 0.726581266689 0.280568983207 -0.146818988261 -0.259159936377
95.5 200 41 1.146438 0.726622138246 0.28054385625 -0.148975642313 -0.257933698606
95.6 200 41 1.15027 0.726662915164 0.280518418548 -0.151121961182 -0.256689179593
95.7 200 41 1.144566 0.726703612922 0.280492876543 -0.153257776354 -0.255426452582
95.8 200 41 1.137048 0.726744231374 0.280467386769 -0.155382889093 -0.254145589659
95.9 200 41 1.136993 0.726784730307 0.280441864575 -0.157497175095 -0.252846677023
96 200 41 1.132726 0.726825078655 0.280416028767 -0.159600438214 -0.251529828885
96.1 200 41 1.138603 0.726865361746 0.280390693366 -0.161692483316 -0.250195087839
96.2 200 41 1.14694 0.726905497511 0.280365400102 -0.163773159247 -0.248842572898
96.3 200 41 1.148886 0.726945434319 0.280339561824 -0.165842310374 -0.247472404086
96.4 200 41 1.143667 0.726985244002 0.280313837567 -0.167899730451 -0.246084649999
96.5 200 41 1.137466 0.727024876775 0.280288260443 -0.16994526239 -0.244679421124
96.6 200 41 1.133772 0.727064235388 0.280262184833 -0.17197874989 -0.243256889631
96.7 200 41 1.132239 0.727103385179 0.280236196763 -0.174000022801 -0.24181710797
96.8 200 41 1.137564 0.727142332594 0.280210065994 -0.176008898215 -0.240360199654
96.9 200 41 1.146525 0.727181029175 0.280183723543 -0.178005221196 -0.238886297397
97 200 41 1.150586 0.727219459171 0.280157196221 -0.179988815792 -0.23739553401
97.1 200 41 1.147093 0.727257618363 0.280130391262 -0.181959537099 -0.235888037065
97.2 200 41 1.140213 0.727295518157 0.280103383833 -0.183917222532 -0.234363924835
97.3 200 41 1.137981 0.727333141442 0.28007620846 -0.185861709335 -0.23282333639
97.4 200 41 1.140136 0.727370476091 0.280048758374 -0.187792845001 -0.23126640544
97.5 200 41 1.139717 0.72740752458 0.280021153294 -0.189710482891 -0.229693273356
97.6 200 41 1.143223 0.72744428623 0.279993269943 -0.191614473054 -0.22810408805
97.7 200 41 1.151445 0.727480773237 0.279965076325 -0.193504677048 -0.226498995118
97.8 200 41 1.152526 0.727516953755 0.279936642556 -0.195380952583 -0.224878129872
97.9 200 41 1.137439 0.727552845238 0.279907860982 -0.197243172124 -0.223241659564
98 200 41 1.138033 0.727588450328 0.279878880028 -0.199091190929 -0.221589732631
98.1 200 41 1.143256 0.727623807959 0.279849440407 -0.200924902605 -0.219922501528
98.2 200 41 1.138104 0.72765887823 0.279819659817 -0.202744173571 -0.218240112303
98.3 200 41 1.140344 0.727693719069 0.279789709695 -0.204548881178 -0.216542734496
98.4 200 41 1.154345 0.727728313279 0.279759442358 -0.206338917014 -0.214830513091
98.5 200 41 1.15422 0.727762644989 0.279728775808 -0.20811415005 -0.213103585569
98.6 200 41 1.13763 0.727796765093 0.27969780558 -0.209874493818 -0.211362126
98.7 200 41 1.137235 0.727830686206 0.27966645751 -0.211619836122 -0.209606277494
98.8 200 41 1.142881 0.727864396849 0.279634703106 -0.213350102339 -0.207836194499
98.9 200 41 1.136118 0.727897968431 0.279602944014 -0.215065168654 -0.206052045539
99 200 41 1.144176 0.727931372504 0.279570619528 -0.216764948786 -0.204253961918
99.1 200 41 1.151516 0.727964641791 0.279538192514 -0.218449359462 -0.202442093497
99.2 200 41 1.1518 0.727997796821 0.279505315579 -0.22011830703 -0.200616594375
99.3 200 41 1.146497 0.728030850339 0.2794721781 -0.221771707988 -0.19877760214
99.4 200 41 1.137158 0.728063821042 0.279438779713 -0.223409477864 -0.196925269877
99.5 200 41 1.141677 0.728096740052 0.279405034671 -0.225031535178 -0.195059730438
99.6 200 41 1.13544 0.728129594795 0.279370916873 -0.226637783337 -0.193181120684
99.7 200 42 1.147138 0.728162437315 0.279336711173 -0.228228195679 -0.191289584419
99.8 200 42 1.152752 0.728195275991 0.279302373157 -0.229802649592 -0.1893852538
99.9 200 42 1.156785 0.728228116905 0.279267854926 -0.231361092322 -0.187468255169
100 200 42 1.146443 0.728260978232 0.279233135632 -0.232903436704 -0.185538746346
