# SIAM excitation B=c_0up^dag|gs> (normalized), method=star
# L=100 U=0 V=0.1 dt=0.1 tmax=50 cutoff=1e-10 max_bond_dim=1024
# E_gs=-30.8928861244 gs_bond_dim=21 gs_wall_s=38.08804
# nrm=0.707106781139  G00(t) = -i nrm^2 exp(i E_gs t) A(t)
# t  n_active  bond_dim  wall_s  n0up  n0dw  ReA  ImA
0 100 21 0.003244 1 0.49999999999 1 0
0.1 100 15 0.44071 0.999962228926 0.50000000005 -0.998324142803 0.0572132687943
0.2 100 15 0.446862 0.999849013752 0.500000000032 0.993303135343 -0.11422301981
0.3 100 15 0.440646 0.999660656455 0.500000000025 -0.984956624101 0.170826657831
0.4 100 15 0.454467 0.999397660711 0.500000000012 0.973317233962 -0.226823427693
0.5 100 15 0.443536 0.99906072892 0.499999999993 -0.958430385616 0.282015317788
0.6 100 15 0.455546 0.998650758753 0.499999999971 0.940354043797 -0.336207944096
0.7 100 15 0.478687 0.998168839519 0.499999999947 -0.919158397709 0.389211408525
0.8 100 15 0.445157 0.997616245205 0.499999999922 0.894925476511 -0.440841125648
0.9 100 15 0.440704 0.996994429793 0.499999999897 -0.867748703149 0.490918612452
1 100 15 0.449379 0.996305017068 0.499999999875 0.837732390632 -0.53927223572
1.1 100 15 0.441122 0.995549802667 0.499999999857 -0.804991185337 0.585737912457
1.2 100 15 0.443684 0.994730735963 0.499999999846 0.769649462103 -0.630159759748
1.3 100 15 0.577276 0.993849912366 0.499999999842 -0.731840676317 0.672390689783
1.4 100 15 0.446583 0.992909567767 0.499999999848 0.69170667843 -0.712292947517
1.5 100 15 0.458318 0.991912062384 0.499999999865 -0.649396996887 0.749738588365
1.6 100 15 0.465983 0.990859876544 0.499999999894 0.605068094398 -0.784609895102
1.7 100 15 0.463257 0.989755590779 0.499999999936 -0.55888260631 0.816799728781
1.8 100 15 0.465336 0.988601883824 0.499999999991 0.511008562389 -0.846211821472
1.9 100 15 0.44744 0.98740147805 0.500000000061 -0.461618601052 0.872761001817
2 100 15 0.449069 0.98615722967 0.500000000144 0.410889182862 -0.896373360879
2.1 100 15 0.48914 0.984872022299 0.500000000241 -0.358999804114 0.916986354556
2.2 100 15 0.449556 0.983548783221 0.500000000351 0.30613222018 -0.934548847937
2.3 100 15 0.459537 0.982190470826 0.500000000473 -0.252469681577 0.949021102169
2.4 100 15 0.47834 0.9808000618 0.500000000605 0.198196187553 -0.960374707057
2.5 100 15 0.450883 0.979380537725 0.500000000747 -0.14349576134 0.968592462033
2.6 100 15 0.501174 0.977934874593 0.500000000896 0.0885517507251 -0.973668209521
2.7 100 15 0.45743 0.976466029183 0.50000000105 -0.0335461571957 0.975606624236
2.8 100 15 0.463015 0.974976926567 0.500000001206 -0.0213410037416 -0.974422961396
2.9 100 15 0.453059 0.973470449191 0.500000001363 0.0759323083117 0.970142769306
3 100 15 0.450791 0.971949426811 0.500000001516 -0.130053495593 -0.962801569628
3.1 100 15 0.478506 0.970416622607 0.500000001664 0.183534001519 0.952444509553
3.2 100 15 0.519948 0.96887472774 0.500000001801 -0.236207456719 -0.939125989257
3.3 100 15 0.465167 0.967326349273 0.500000001925 0.287912145621 0.922909270571
3.4 100 15 0.482251 0.965774000929 0.500000002033 -0.338491428501 -0.903866068676
3.5 100 15 0.509957 0.964220095192 0.500000002122 0.387794127093 0.882076131424
3.6 100 15 0.465096 0.962666935844 0.500000002189 -0.435674873926 -0.857626809691
3.7 100 15 0.503921 0.961116712859 0.500000002234 0.481994427174 0.830612621974
3.8 100 15 0.449523 0.95957149445 0.500000002254 -0.526619951617 -0.801134814162
3.9 100 15 0.446646 0.958033219716 0.50000000225 0.56942526808 0.769300921729
4 100 15 0.437935 0.95650369717 0.500000002222 -0.610291073858 -0.735224331426
4.1 100 15 0.446739 0.954984599623 0.500000002169 0.64910513503 0.699023846553
4.2 100 15 0.448166 0.953477461726 0.500000002093 -0.685762453276 -0.660823257482
4.3 100 15 0.480011 0.951983677517 0.500000001994 0.720165409421 0.620750918203
4.4 100 15 0.444388 0.950504500658 0.500000001875 -0.752223891191 -0.578939324198
4.5 100 15 0.447099 0.94904104363 0.500000001737 0.781855376724 0.535524716742
4.6 100 15 0.445585 0.947594264191 0.500000001582 -0.808985038466 -0.490646669886
4.7 100 15 0.442061 0.946165002685 0.500000001414 0.833545808125 0.444447695134
4.8 100 15 0.448861 0.944753950154 0.500000001235 -0.855478432595 -0.397072864719
4.9 100 15 0.439046 0.943361661658 0.500000001048 0.874731510798 0.348669409608
5 100 15 0.444543 0.941988560628 0.500000000856 -0.89126153001 -0.299386363464
5.1 100 15 0.450508 0.940634941809 0.500000000662 0.90503288549 0.249374186095
5.2 100 15 0.449672 0.939300977831 0.50000000047 -0.916017896028 -0.198784397135
5.3 100 15 0.446093 0.937986720889 0.500000000282 0.924196791963 0.147769211481
5.4 100 15 0.444721 0.936692107908 0.500000000103 -0.929557717122 -0.0964811825051
5.5 100 15 0.523735 0.935416972399 0.499999999935 0.932096715265 0.045072841983
5.6 100 15 0.602423 0.934161045911 0.499999999782 -0.931817692146 0.00630366536994
5.7 100 15 0.562699 0.932923967061 0.499999999647 0.928732387918 -0.0574969338893
5.8 100 15 0.491698 0.931705283727 0.499999999533 -0.922860326111 0.108356659605
5.9 100 15 0.597737 0.930504470584 0.499999999441 0.914228753936 -0.15873400216
6 100 15 0.46497 0.929320920612 0.499999999375 -0.902872573459 0.208481951626
6.1 100 15 0.55408 0.928154013612 0.499999999336 0.88883425403 -0.257455679318
6.2 100 15 0.454193 0.927003000835 0.499999999325 -0.872163727648 0.305512920983
6.3 100 15 0.459249 0.925867119895 0.499999999343 0.852918279577 -0.352514332871
6.4 100 15 0.458707 0.924745567577 0.49999999939 -0.831162414509 0.398323863689
6.5 100 15 0.462831 0.923637502827 0.499999999465 0.806967698591 -0.442809119155
6.6 100 15 0.488692 0.922542063231 0.499999999569 -0.780412596782 0.485841726823
6.7 100 15 0.475321 0.921458383151 0.4999999997 0.751582279939 -0.527297698797
6.8 100 15 0.464206 0.920385592783 0.499999999853 -0.720568409917 0.567057790496
6.9 100 15 0.541011 0.919322808526 0.500000000028 0.687468906626 -0.605007852543
7 100 15 0.622336 0.91826916148 0.500000000219 -0.652387692593 0.641039175124
7.1 100 15 0.594713 0.917223791163 0.500000000422 0.615434414836 -0.675048818076
7.2 100 15 0.449983 0.916185861127 0.500000000632 -0.576724142362 0.706939940002
7.3 100 15 0.49514 0.915154544081 0.500000000843 0.536377051225 -0.736622104027
7.4 100 15 0.445867 0.914129059388 0.500000001049 -0.494518072569 0.764011570919
7.5 100 15 0.448546 0.913108657957 0.500000001244 0.451276528525 -0.789031575061
7.6 100 15 0.599949 0.912092631486 0.500000001421 -0.406785748967 0.81161258011
7.7 100 15 0.606993 0.911080365259 0.500000001573 0.36118267105 -0.83169250845
7.8 100 15 0.445635 0.910071190347 0.500000001694 -0.314607407814 0.849216963646
7.9 100 15 0.446264 0.909064538394 0.500000001777 0.267202820508 -0.864139403208
8 100 15 0.446032 0.908059905737 0.500000001816 -0.219114067938 0.876421297793
8.1 100 15 0.445562 0.907056818967 0.500000001804 0.170488133159 -0.886032272276
8.2 100 15 0.450502 0.906054878774 0.500000001737 -0.121473364937 0.8929501894
8.3 100 15 0.469283 0.90505370208 0.500000001609 0.072218989048 -0.897161232601
8.4 100 15 0.469114 0.904053024511 0.500000001415 -0.0228746297512 0.898659938608
8.5 100 15 0.465743 0.903052625409 0.500000001151 -0.0264101761391 -0.897449208471
8.6 100 15 0.470066 0.902052327999 0.500000000814 0.0754864751971 0.893540280924
8.7 100 15 0.646347 0.901052010128 0.500000000402 -0.124206370677 -0.886952685348
8.8 100 15 0.631287 0.900051605141 0.499999999911 0.172423509734 0.877714145278
8.9 100 15 0.523165 0.899051104268 0.49999999934 -0.219993550676 -0.865860469332
9 100 15 0.487207 0.898050547608 0.49999999869 0.266774628634 0.851435403555
9.1 100 15 0.576702 0.897050033047 0.499999997959 -0.312627806292 -0.834490454899
9.2 100 15 0.53034 0.896049700261 0.499999997149 0.3574175101 0.815084688828
9.3 100 15 0.460391 0.895049720475 0.499999996262 -0.401011950677 -0.793284499855
9.4 100 15 0.587325 0.894050317256 0.499999995301 0.443283528101 0.769163358119
9.5 100 15 0.62273 0.89305173544 0.499999994269 -0.484109215016 -0.742801532367
9.6 100 15 0.618553 0.892054264935 0.499999993169 0.523370921734 0.714285789872
9.7 100 15 0.475506 0.891058208357 0.499999992007 -0.560955835026 -0.683709082789
9.8 100 15 0.577455 0.89006389066 0.499999990789 0.596756738801 0.651170210351
9.9 100 15 0.507242 0.889071669177 0.499999989521 -0.630672313808 -0.616773466489
10 100 15 0.476919 0.888081903766 0.499999988211 0.66260740338 0.580628278028
10.1 100 15 0.58815 0.887094969058 0.499999986867 -0.692473264637 -0.542848826806
10.2 100 15 0.63949 0.886111249327 0.499999985498 0.720187790603 0.503553663427
10.3 100 15 0.641333 0.885131126938 0.499999984111 -0.745675706497 -0.462865312637
10.4 100 15 0.643036 0.884154998099 0.499999982716 0.76886874464 0.420909871163
10.5 100 15 0.642142 0.883183226178 0.499999981323 -0.789705792203 -0.377816608248
10.6 100 15 0.505276 0.88221618342 0.499999979939 0.808133017737 0.33371754955
10.7 100 15 0.49883 0.881254224362 0.499999978574 -0.824103970669 -0.288747071345
10.8 100 15 0.640092 0.880297687019 0.499999977238 0.837579660231 0.243041488901
10.9 100 15 0.640992 0.879346895439 0.499999975938 -0.848528613254 -0.196738645789
11 100 15 0.635444 0.878402150468 0.499999974682 0.856926906821 0.149977507334
11.1 100 15 0.635126 0.877463727755 0.49999997348 -0.86275818218 -0.102897755743
11.2 100 15 0.633397 0.876531888246 0.499999972337 0.866013639579 0.0556393891598
11.3 100 15 0.636258 0.875606846308 0.499999971261 -0.866692008343 -0.00834232344356
11.4 100 15 0.636965 0.874688796179 0.499999970257 0.86479950507 -0.0388539962116
11.5 100 15 0.636225 0.873777900167 0.49999996933 -0.860349769492 0.0858109817684
11.6 100 15 0.636048 0.872874289715 0.499999968486 0.853363783353 -0.132391281449
11.7 100 15 0.638707 0.871978066169 0.499999967728 -0.843869773854 0.178459151742
11.8 100 15 0.639432 0.871089293527 0.499999967059 0.83190309291 -0.223880831741
11.9 100 15 0.639492 0.870208005871 0.499999966481 -0.81750609727 0.268524874372
12 100 15 0.638338 0.869334195938 0.499999965995 0.800727996547 -0.3122625201
12.1 100 15 0.64055 0.868467837816 0.499999965602 -0.781624691637 0.354968032714
12.2 100 15 0.640584 0.867608870295 0.499999965302 0.760258600212 -0.396519030898
12.3 100 15 0.637681 0.866757198 0.499999965095 -0.736698465145 0.436796814255
12.4 100 15 0.640502 0.865912713026 0.499999964979 0.711019149411 -0.475686673836
12.5 100 15 0.639226 0.865075268767 0.499999964953 -0.683301414439 0.513078202098
12.6 100 15 0.634852 0.864244693254 0.499999965015 0.653631690627 -0.548865583271
12.7 100 15 0.637041 0.863420789062 0.499999965163 -0.622101823804 0.582947883804
12.8 100 15 0.643775 0.862603337609 0.499999965396 0.588808822051 -0.615229312602
12.9 100 15 0.640769 0.861792105302 0.499999965709 -0.553854571955 0.645619492421
13 100 15 0.63655 0.86098683529 0.4999999661 0.517345554196 -0.674033702544
13.1 100 15 0.642335 0.860187263891 0.499999966566 -0.479392546197 0.700393115801
13.2 100 15 0.639697 0.859393112885 0.499999967106 0.440110303805 -0.724625016641
13.3 100 15 0.63413 0.858604106431 0.499999967715 -0.399617238235 0.746663007963
13.4 100 15 0.620635 0.857819943293 0.499999968391 0.35803507524 -0.766447198368
13.5 100 15 0.48474 0.857040353741 0.49999996913 -0.315488507649 0.78392437953
13.6 100 15 0.455959 0.85626501578 0.499999969931 0.272104840752 -0.799048166937
13.7 100 15 0.45913 0.855493633444 0.499999970788 -0.228013619184 0.811779149257
13.8 100 15 0.454894 0.854725915436 0.499999971699 0.183346251105 -0.82208500099
13.9 100 15 0.456543 0.853961574507 0.49999997266 -0.138235623377 0.829940576925
14 100 15 0.45399 0.85320033572 0.499999973668 0.0928157098403 -0.835327991417
14.1 100 15 0.455937 0.852441931987 0.49999997472 -0.0472211748715 0.83823666808
14.2 100 15 0.542642 0.851686111095 0.499999975814 0.00158697197631 -0.838663374609
14.3 100 15 0.468722 0.850932632874 0.499999976948 0.0439520597944 0.836612229153
14.4 100 15 0.579368 0.85018127715 0.499999978119 -0.0892616016529 -0.832094689655
14.5 100 15 0.458633 0.849431838232 0.499999979327 0.134208259442 0.825129512559
14.6 100 15 0.571471 0.848684132498 0.499999980569 -0.178659967962 -0.815742695176
14.7 100 15 0.478455 0.847937994952 0.499999981845 0.222486390443 0.803967388815
14.8 100 15 0.459123 0.847193282272 0.499999983153 -0.2655593148 -0.789843791478
14.9 100 15 0.462279 0.846449872488 0.499999984494 0.307753041852 0.773419016551
15 100 15 0.459094 0.845707667631 0.499999985867 -0.348944767806 -0.754746939011
15.1 100 15 0.463377 0.844966590351 0.499999987271 0.389014954199 0.733888017574
15.2 100 15 0.45883 0.8442265855 0.499999988707 -0.427847689112 -0.710909096919
15.3 100 15 0.460852 0.843487573881 0.499999990175 0.465331041677 0.685883157869
15.4 100 15 0.459895 0.842749595536 0.499999991675 -0.501357374899 -0.658889169877
15.5 100 15 0.563699 0.842012663447 0.499999993206 0.535823688799 0.630011741927
15.6 100 15 0.617513 0.841276810153 0.499999994769 -0.568631913154 -0.599340875502
15.7 100 15 0.500305 0.840542088178 0.499999996364 0.599689193299 0.566971671149
15.8 100 15 0.622234 0.839808572627 0.499999997992 -0.628908155368 -0.533004026999
15.9 100 15 0.61047 0.839076344833 0.499999999651 0.656207156953 0.497542295049
16 100 15 0.611993 0.838345511389 0.500000001342 -0.681510510145 -0.460694966335
16.1 100 15 0.610826 0.837616192364 0.500000003064 0.704748688284 0.422574318341
16.2 100 15 0.47316 0.836888519038 0.500000004817 -0.725858510882 -0.383296055832
16.3 100 15 0.43855 0.836162635052 0.5000000066 0.744783307214 0.342978948585
16.4 100 15 0.443049 0.835438692343 0.500000008411 -0.761473056167 -0.301744457626
16.5 100 15 0.440439 0.834716860609 0.500000010248 0.775884502501 0.259716354431
16.6 100 15 0.441207 0.833997292026 0.500000012109 -0.787981270811 -0.217020361308
16.7 100 15 0.440795 0.833280174672 0.500000013992 0.797733905613 0.173783725997
16.8 100 15 0.43967 0.832565672455 0.500000015893 -0.805119953273 -0.130134876779
16.9 100 15 0.439325 0.831853957622 0.500000017807 0.810123983997 0.0862030187474
17 100 15 0.439815 0.831145201314 0.50000001973 -0.812737601764 -0.0421177531874
17.1 100 15 0.43907 0.830439571478 0.500000021659 0.812959433015 -0.00199130291471
17.2 100 15 0.439105 0.829737232248 0.500000023588 -0.810795096103 0.0459948956713
17.3 100 15 0.441294 0.829038351501 0.500000025514 0.806257150196 -0.0897645085619
17.4 100 15 0.439209 0.828343069251 0.500000027431 -0.799365023306 0.133172723687
17.5 100 15 0.440762 0.827651496431 0.500000029336 0.790144907053 -0.176093596041
17.6 100 15 0.446488 0.826963793871 0.500000031223 -0.778629701605 0.218402978956
17.7 100 15 0.439998 0.826280079858 0.500000033089 0.764858839851 -0.259978899266
17.8 100 15 0.44228 0.82560046006 0.500000034927 -0.748878164227 0.300701883754
17.9 100 15 0.440629 0.824925025581 0.500000036734 0.730739767803 -0.340455286812
18 100 15 0.446268 0.824253853262 0.500000038505 -0.710501822683 0.379125607894
18.1 100 15 0.442905 0.823587003983 0.500000040235 0.688228391129 -0.416602799096
18.2 100 15 0.441276 0.8229245231 0.500000041921 -0.663989224633 0.452780561663
18.3 100 15 0.441049 0.822266440095 0.500000043559 0.637859548507 -0.487556631303
18.4 100 15 0.440235 0.821612776617 0.500000045143 -0.609919832199 0.520833051881
18.5 100 15 0.442934 0.820963521655 0.500000046672 0.580255547917 -0.552516431719
18.6 100 15 0.442761 0.820318656391 0.500000048142 -0.548956918938 0.58251819802
18.7 100 15 0.440737 0.819678145842 0.50000004955 0.51611865323 -0.610754828988
18.8 100 15 0.442704 0.819041939599 0.500000050893 -0.481839670988 0.63714807638
18.9 100 15 0.442346 0.818409972398 0.500000052169 0.446222810744 -0.661625169377
19 100 15 0.441486 0.817782165664 0.500000053375 -0.409374542276 0.684119010895
19.1 100 15 0.497397 0.817158428441 0.500000054509 0.371404619671 -0.704568322823
19.2 100 15 0.608405 0.816538648844 0.500000055572 -0.332425890099 0.722917899991
19.3 100 15 0.602142 0.815922710587 0.50000005656 0.292553843981 -0.739118671102
19.4 100 15 0.60195 0.815310487044 0.500000057475 -0.25190633066 0.753127857029
19.5 100 15 0.482968 0.814701844939 0.500000058315 0.210603223699 -0.764909082828
19.6 100 15 0.455412 0.814096641951 0.500000059083 -0.168766076995 0.774432478396
19.7 100 15 0.445184 0.813494730225 0.500000059779 0.126517777618 -0.781674755726
19.8 100 15 0.445319 0.812895961205 0.500000060405 -0.0839821955685 0.786619271573
19.9 100 15 0.444029 0.8123001849 0.500000060963 0.0412838262861 -0.789256070749
20 100 15 0.445739 0.811707246875 0.500000061455 0.00145256836684 0.789581908949
20.1 100 15 0.447048 0.811117000126 0.500000061882 -0.0441023150071 -0.787600257892
20.2 100 15 0.444718 0.810529266219 0.500000062247 0.0865411903685 0.783321308245
20.3 100 15 0.449071 0.809943891975 0.500000062552 -0.128645784064 -0.776761910148
20.4 100 15 0.446055 0.809360735426 0.500000062801 0.170293857947 0.767945542878
20.5 100 15 0.448216 0.808779642393 0.500000062997 -0.211364699354 -0.756902229686
20.6 100 15 0.444083 0.808200484757 0.500000063145 0.251739486738 0.743668455507
20.7 100 15 0.453805 0.807623107648 0.50000006325 -0.291301614404 -0.728287044939
20.8 100 15 0.574201 0.807047389798 0.500000063316 0.329937055227 0.710807041684
20.9 100 15 0.446313 0.806473212751 0.500000063349 -0.367534689234 -0.691283555397
21 100 15 0.444009 0.805900470838 0.500000063352 0.403986631636 0.669777592127
21.1 100 15 0.450116 0.805329064415 0.50000006333 -0.439188556992 -0.646355872518
21.2 100 15 0.443809 0.804758921183 0.500000063287 0.473039998457 0.621090612084
21.3 100 15 0.442581 0.804189963582 0.500000063227 -0.505444628299 -0.594059309812
21.4 100 15 0.445106 0.803622130239 0.500000063154 0.536310565537 0.56534450699
21.5 100 15 0.443311 0.803055375342 0.50000006307 -0.565550631665 -0.535033533911
21.6 100 15 0.449078 0.802489661814 0.500000062978 0.593082597721 0.503218235962
21.7 100 15 0.44723 0.801924949623 0.500000062881 -0.618829419703 -0.469994688711
21.8 100 15 0.447919 0.801361207135 0.500000062781 0.642719475354 0.435462905512
21.9 100 15 0.563987 0.80079844875 0.500000062679 -0.664686807811 -0.399726539221
22 100 15 0.605319 0.800236696199 0.500000062578 0.684671188551 0.36289254458
22.1 100 15 0.596521 0.799675958297 0.500000062478 -0.70261836945 -0.325070846618
22.2 100 15 0.588202 0.799116285818 0.500000062379 0.718480235055 0.28637403567
22.3 100 15 0.454928 0.798557725282 0.500000062281 -0.732214898308 -0.246916990312
22.4 100 15 0.584467 0.798000330952 0.500000062185 0.743786811911 0.206816541066
22.5 100 15 0.607307 0.797444169034 0.50000006209 -0.753166863291 -0.166191109272
22.6 100 15 0.442533 0.796889312281 0.500000061993 0.760332431581 0.125160356545
22.7 100 15 0.449445 0.79633584396 0.500000061894 -0.765267434985 -0.0838448254467
22.8 100 15 0.437742 0.795783851976 0.500000061793 0.767962354989 0.0423655774125
22.9 100 15 0.43812 0.795233427074 0.500000061686 -0.768414244925 -0.000843831965211
23 100 15 0.444715 0.794684668434 0.500000061573 0.766626707309 -0.0405993853378
23.1 100 15 0.457012 0.794137674786 0.50000006145 -0.762609864292 0.0818436030479
23.2 100 15 0.440049 0.7935925504 0.500000061317 0.75638030121 -0.122769250094
23.3 100 15 0.440969 0.793049399583 0.50000006117 -0.747960993704 0.163258003817
23.4 100 15 0.440554 0.79250832676 0.500000061007 0.737381214751 -0.203193130114
23.5 100 15 0.438919 0.791969414771 0.500000060824 -0.724676384481 0.242459799129
23.6 100 15 0.43903 0.791432788752 0.500000060618 0.709888078162 -0.280945444406
23.7 100 15 0.456865 0.790898546997 0.500000060386 -0.693063743666 0.318540053052
23.8 100 15 0.439196 0.790366781487 0.500000060127 0.674256590335 -0.355136479792
23.9 100 15 0.438927 0.789837522796 0.500000059836 -0.653525347881 0.390630723142
24 100 15 0.438427 0.789310912913 0.500000059513 0.630934282654 -0.424922257926
24.1 100 15 0.438884 0.78878702528 0.500000059157 -0.606552785824 0.457914268527
24.2 100 15 0.439178 0.788265926048 0.500000058766 0.580455236207 -0.489513925578
24.3 100 15 0.438946 0.787747674173 0.500000058337 -0.552720757875 0.519632639383
24.4 100 15 0.439653 0.787232322921 0.50000005787 0.523433002103 -0.548186282058
24.5 100 15 0.437639 0.786719916008 0.500000057364 -0.492679875334 0.575095428349
24.6 100 15 0.439259 0.786210487979 0.500000056817 0.460553292991 -0.600285552173
24.7 100 15 0.43843 0.785704058274 0.500000056229 -0.427148905384 0.623687227572
24.8 100 15 0.439077 0.78520065087 0.500000055598 0.392565814529 -0.645236321732
24.9 100 15 0.440897 0.78470021676 0.500000054924 -0.356906303998 0.664874142176
25 100 15 0.437732 0.784202795272 0.500000054205 0.32027551097 -0.682547601862
25.1 100 15 0.437832 0.783708364562 0.500000053441 -0.282781155539 0.698209346006
25.2 100 15 0.438796 0.783216903367 0.500000052633 0.244533222835 -0.711817885229
25.3 100 15 0.437946 0.782728377093 0.500000051777 -0.205643642273 0.72333769522
25.4 100 15 0.436811 0.782242748591 0.500000050872 0.166225981731 -0.73273930565
25.5 100 15 0.437831 0.781759950705 0.500000049922 -0.126395130045 0.739999366314
25.6 100 15 0.43917 0.781279945923 0.500000048923 0.0862669462691 -0.745100730282
25.7 100 15 0.439846 0.780802700719 0.500000047874 -0.0459579396945 0.748032443922
25.8 100 15 0.438608 0.780328099879 0.500000046774 0.00558497564054 -0.748789836124
25.9 100 15 0.437026 0.779856055932 0.500000045627 0.0347350914427 0.7473744876
26 100 15 0.438365 0.779386502334 0.500000044427 -0.074885754564 -0.743794214556
26.1 100 15 0.446108 0.778919335155 0.50000004318 0.114751158679 0.738063061886
26.2 100 15 0.451919 0.778454458806 0.500000041881 -0.154216457217 -0.730201237488
26.3 100 15 0.440941 0.77799176946 0.50000004053 0.19316811348 0.720235061855
26.4 100 15 0.442156 0.777531175701 0.50000003913 -0.23149424375 -0.708196896445
26.5 100 15 0.450297 0.777072545003 0.500000037681 0.269084926673 0.694125036723
26.6 100 15 0.461242 0.776615815516 0.500000036178 -0.305832530999 -0.678063579583
26.7 100 15 0.442259 0.776160887703 0.500000034625 0.341632006461 0.660062330268
26.8 100 15 0.438363 0.775707662306 0.500000033021 -0.376381199519 -0.640176634044
26.9 100 15 0.438767 0.775256044528 0.500000031365 0.409981142753 0.618467215781
27 100 15 0.438051 0.774805939827 0.50000002966 -0.442336340614 -0.595000005578
27.1 100 15 0.43931 0.774357271683 0.500000027902 0.47335505385 0.56984592364
27.2 100 15 0.437818 0.773909931247 0.500000026094 -0.502949540042 -0.543080706076
27.3 100 15 0.438411 0.773463868638 0.500000024239 0.531036349217 0.514784638977
27.4 100 15 0.437697 0.773019000423 0.500000022338 -0.557536521361 -0.485042347185
27.5 100 15 0.439812 0.772575278468 0.500000020389 0.582375842436 0.453942519646
27.6 100 15 0.441876 0.772132626434 0.500000018397 -0.605485037129 -0.421577673868
27.7 100 15 0.443315 0.771691001733 0.500000016362 0.626799987409 0.388043852289
27.8 100 15 0.448402 0.771250365741 0.500000014284 -0.646261901939 -0.353440343323
27.9 100 15 0.450541 0.770810674342 0.500000012168 0.663817484888 0.317869391604
28 100 15 0.447186 0.770371909888 0.500000010015 -0.67941909121 -0.281435878672
28.1 100 15 0.43829 0.769934051472 0.500000007826 0.693024845184 0.244247015789
28.2 100 15 0.437533 0.769497092261 0.500000005604 -0.704598768896 -0.206412023242
28.3 100 15 0.438042 0.769061026955 0.50000000335 0.71411086724 0.168041804177
28.4 100 15 0.437808 0.7686258059 0.500000001069 -0.72153720541 -0.129248612995
28.5 100 15 0.438255 0.768191492994 0.499999998763 0.72685997892 0.0901457121764
28.6 100 15 0.4373 0.767758105403 0.499999996434 -0.730067538538 -0.0508470496888
28.7 100 15 0.44161 0.767325669906 0.499999994087 0.731154414952 0.0114669134119
28.8 100 15 0.436693 0.766894218793 0.499999991724 -0.730121319634 0.0278804047816
28.9 100 15 0.428983 0.766463793674 0.499999989349 0.726975128487 -0.0670809473963
29 100 15 0.428115 0.766034437663 0.499999986966 -0.721728841654 0.106021421537
29.1 100 15 0.423907 0.765606203427 0.499999984579 0.714401529956 -0.144589534387
29.2 100 15 0.428133 0.765179147362 0.49999998219 -0.705018263436 0.182674316727
29.3 100 15 0.428499 0.764753325581 0.499999979806 0.693610019627 -0.220166441172
29.4 100 15 0.429224 0.764328802335 0.499999977429 -0.680213573391 0.256958542363
29.5 100 15 0.426974 0.763905641404 0.499999975063 0.664871375069 -0.292945517334
29.6 100 15 0.428163 0.763483909828 0.499999972713 -0.647631407934 0.328024828608
29.7 100 15 0.426798 0.763063690171 0.499999970384 0.628547044995 -0.362096789898
29.8 100 15 0.42887 0.762645031489 0.499999968079 -0.607676840831 0.395064849183
29.9 100 15 0.428714 0.762228000855 0.499999965804 0.585084381432 -0.426835853507
30 100 15 0.425987 0.761812663967 0.499999963564 -0.560838074792 0.457320308429
30.1 100 15 0.433084 0.761399084299 0.499999961365 0.53501094023 -0.48643262237
30.2 100 15 0.430965 0.760987322739 0.499999959214 -0.507680382945 0.51409134136
30.3 100 15 0.427873 0.760577437273 0.499999957116 0.478927961442 -0.540219367284
30.4 100 15 0.42984 0.760169482054 0.499999955078 -0.448839140886 0.564744166751
30.5 100 15 0.430812 0.759763507013 0.499999953105 0.417503039022 -0.587597962817
30.6 100 15 0.430816 0.759359557422 0.4999999512 -0.385012152152 0.60871790486
30.7 100 15 0.426438 0.758957670783 0.499999949367 0.351462113526 -0.628046261189
30.8 100 15 0.428239 0.758557886396 0.499999947609 -0.316951388457 0.645530538576
30.9 100 15 0.43234 0.75816023268 0.499999945929 0.281580992047 -0.661123630137
31 100 15 0.427247 0.757764732414 0.499999944329 -0.24545420085 0.674783932867
31.1 100 15 0.432986 0.757371401603 0.49999994281 0.208676255916 -0.686475451942
31.2 100 15 0.430691 0.756980252388 0.499999941375 -0.171354061033 0.696167889203
31.3 100 15 0.42938 0.756591285204 0.499999940023 0.133595881027 -0.703836716042
31.4 100 15 0.43246 0.756204495616 0.499999938755 -0.0955110316516 0.709463231125
31.5 100 15 0.43148 0.755819873767 0.499999937571 0.0572095714433 -0.713034601564
31.6 100 15 0.429996 0.755437402915 0.49999993647 -0.0188019903795 0.714543888611
31.7 100 15 0.428331 0.755057059666 0.499999935452 -0.0196011017785 -0.713990057072
31.8 100 15 0.433042 0.7546788151 0.499999934516 0.0578892864278 0.711377969222
31.9 100 15 0.428305 0.754302629028 0.49999993366 -0.0959526474897 -0.706718362516
32 100 15 0.429035 0.753928466767 0.499999932881 0.133682079527 0.700027811297
32.1 100 15 0.427577 0.753556282119 0.499999932179 -0.170969595592 -0.691328673026
32.2 100 15 0.427951 0.753186027256 0.499999931549 0.207708628917 0.680649019391
32.3 100 15 0.427123 0.752817648888 0.499999930989 -0.243794334692 -0.668022550043
32.4 100 15 0.429069 0.752451089874 0.499999930497 0.279123884714 0.653488492394
32.5 100 15 0.432737 0.752086290317 0.499999930069 -0.313596757373 -0.637091484813
32.6 100 15 0.429505 0.751723187969 0.499999929701 0.347115021107 0.618881446074
32.7 100 15 0.429046 0.751361702765 0.49999992939 -0.379583613247 -0.59891343829
32.8 100 15 0.427996 0.751001785182 0.499999929133 0.410910604951 0.577247477475
32.9 100 15 0.429132 0.750643368712 0.499999928925 -0.441007464689 -0.553948387687
33 100 15 0.428124 0.750286387062 0.499999928762 0.469789308662 0.529085602394
33.1 100 15 0.432315 0.749930776324 0.499999928641 -0.497175142264 -0.502732964023
33.2 100 15 0.428157 0.749576470584 0.499999928558 0.523088090007 0.474968503226
33.3 100 15 0.426367 0.74922340694 0.49999992851 -0.547455613832 -0.445874217473
33.4 100 15 0.431578 0.748871487132 0.499999928493 0.570209734613 0.415535837835
33.5 100 15 0.428454 0.748520695201 0.499999928506 -0.591287179508 -0.384042550986
33.6 100 15 0.427941 0.74817097714 0.499999928547 0.61062960715 0.351486769857
33.7 100 15 0.427351 0.747822283017 0.499999928614 -0.628183757964 -0.317963851214
33.8 100 15 0.428202 0.747474567032 0.499999928706 0.643901604581 0.283571816674
33.9 100 15 0.428991 0.747127788436 0.499999928819 -0.65774048624 -0.248411064935
34 100 15 0.428082 0.746781911155 0.499999928952 0.669663228227 0.2125840778
34.1 100 15 0.431578 0.746436904212 0.499999929102 -0.679638244192 -0.176195118724
34.2 100 15 0.427832 0.746092741338 0.499999929269 0.68763962217 0.139349927184
34.3 100 15 0.430137 0.745749403123 0.499999929451 -0.693647192083 -0.102155407932
34.4 100 15 0.429077 0.745406875181 0.499999929646 0.697646578182 0.0647193175386
34.5 100 15 0.42583 0.745065150976 0.499999929855 -0.699629231127 -0.0271499478741
34.6 100 15 0.428039 0.744724224753 0.499999930078 0.69959244731 -0.0104441890812
34.7 100 15 0.428301 0.744384100129 0.499999930314 -0.697539365756 0.0479546812775
34.8 100 15 0.429389 0.744044785958 0.499999930565 0.693478947971 -0.0852735320099
34.9 100 15 0.430941 0.743706296024 0.499999930831 -0.687425942313 0.122293474458
35 100 15 0.429411 0.74336864921 0.499999931114 0.67940083016 -0.158908283287
35.1 100 15 0.428539 0.74303187365 0.499999931414 -0.669429753561 0.195013083282
35.2 100 15 0.433542 0.742695996387 0.499999931733 0.657544429802 -0.230504649959
35.3 100 15 0.43011 0.742361049319 0.499999932074 -0.643782050694 0.265281704649
35.4 100 15 0.430542 0.742027054233 0.499999932436 0.628185148112 -0.299245217299
35.5 100 15 0.43175 0.741694061891 0.499999932823 -0.610801474453 0.33229867453
35.6 100 15 0.432448 0.741362115289 0.499999933236 0.591683843758 -0.364348359564
35.7 100 15 0.43017 0.74103125994 0.499999933675 -0.570889968136 0.395303616244
35.8 100 15 0.430987 0.740701542546 0.499999934143 0.548482279893 -0.425077104079
35.9 100 15 0.43071 0.740373012216 0.499999934641 -0.52452773879 0.453585041988
36 100 15 0.430243 0.740045718832 0.49999993517 0.499097628103 -0.48074744094
36.1 100 15 0.432242 0.739719712087 0.499999935731 -0.472267339735 0.506488322558
36.2 100 15 0.431373 0.739395043583 0.499999936325 0.444116145697 -0.530735932688
36.3 100 15 0.430673 0.739071763095 0.499999936953 -0.414726962279 0.553422931078
36.4 100 15 0.439611 0.738749915441 0.499999937616 0.384186102212 -0.574486575189
36.5 100 15 0.430622 0.738429548289 0.499999938314 -0.352583022356 0.593868887238
36.6 100 15 0.428168 0.738110706192 0.499999939047 0.320010057137 -0.611516808336
36.7 100 15 0.42996 0.737793431827 0.499999939816 -0.286562151501 0.627382336684
36.8 100 15 0.431991 0.737477764713 0.49999994062 0.252336584916 -0.641422652188
36.9 100 15 0.434105 0.737163740645 0.499999941459 -0.217432689615 0.653600226147
37 100 15 0.430864 0.736851391669 0.49999994233 0.181951564256 -0.663882915384
37.1 100 15 0.429752 0.736540745536 0.499999943234 -0.145995784055 0.672244041465
37.2 100 15 0.429574 0.736231828991 0.499999944167 0.109669109584 -0.678662459206
37.3 100 15 0.428486 0.735924655326 0.499999945128 -0.0730761838395 0.683122588407
37.4 100 15 0.431691 0.73561923933 0.499999946112 0.036322247041 -0.685614465692
37.5 100 15 0.429675 0.735315589679 0.499999947116 0.000487167969232 0.686133754691
37.6 100 15 0.43442 0.735013709988 0.499999948138 -0.0372465321416 -0.684681748401
37.7 100 15 0.4368 0.734713598991 0.499999949172 0.0738506175708 0.681265356186
37.8 100 15 0.432388 0.734415251112 0.499999950216 -0.110194792494 -0.675897075702
37.9 100 15 0.437631 0.734118657709 0.499999951264 0.14617531438 0.668594948231
38 100 15 0.432693 0.733823794547 0.499999952312 -0.181689625264 -0.659382494746
38.1 100 15 0.439962 0.733530638056 0.499999953355 0.216636634803 0.648288656085
38.2 100 15 0.44363 0.73323916368 0.499999954388 -0.250917001437 -0.635347696279
38.3 100 15 0.436084 0.732949355005 0.499999955407 0.284433415766 0.620599103373
38.4 100 15 0.438056 0.73266114632 0.499999956407 -0.317090863086 -0.604087454898
38.5 100 15 0.436782 0.732374515944 0.499999957383 0.348796901513 0.585862320069
38.6 100 15 0.435335 0.732089421394 0.499999958331 -0.37946191466 -0.56597808975
38.7 100 15 0.433483 0.731805817518 0.499999959245 0.408999363379 0.544493825768
38.8 100 15 0.439874 0.7315236569 0.499999960122 -0.437326028621 -0.521473090104
38.9 100 15 0.436092 0.731242890331 0.499999960958 0.464362245105 0.496983761336
39 100 15 0.434469 0.730963467704 0.499999961748 -0.490032125109 -0.471097839341
39.1 100 15 0.425698 0.730685333282 0.49999996249 0.514263774071 0.443891237284
39.2 100 15 0.435203 0.730408434858 0.499999963178 -0.536989487203 -0.415443561265
39.3 100 15 0.430169 0.730132718649 0.499999963811 0.55814594571 0.385837883767
39.4 100 15 0.428928 0.729858130796 0.499999964386 -0.577674393215 -0.3551605031
39.5 100 15 0.42769 0.729584618317 0.499999964898 0.595520801408 0.323500694273
39.6 100 15 0.428914 0.729312129416 0.499999965347 -0.611636022038 -0.290950451256
39.7 100 15 0.429383 0.729040613514 0.499999965729 0.625975925133 0.257604221533
39.8 100 15 0.42856 0.728770022406 0.499999966042 -0.63850152286 -0.22355863246
39.9 100 15 0.427153 0.728500309535 0.499999966284 0.649179078231 0.188912212297
40 100 15 0.432116 0.728231432147 0.499999966455 -0.657980198749 -0.153765103829
40.1 100 15 0.439144 0.72796335013 0.499999966552 0.664881914426 0.118218774858
40.2 100 15 0.437291 0.727696026529 0.499999966575 -0.66986673979 -0.0823757237768
40.3 100 15 0.439352 0.72742942833 0.499999966524 0.672922719916 0.046339181849
40.4 100 15 0.436418 0.727163493991 0.499999966399 -0.674043482038 -0.0102128198645
40.5 100 15 0.438235 0.726898232131 0.499999966201 0.6732281819 -0.0258995737997
40.6 100 15 0.439008 0.726633622638 0.499999965932 -0.670481566306 0.061894370287
40.7 100 15 0.433539 0.726369649894 0.499999965593 0.665813931636 -0.0976684095095
40.8 100 15 0.437435 0.726106303473 0.499999965187 -0.659241086837 0.133119299314
40.9 100 15 0.435558 0.725843605181 0.499999964718 0.650784282495 -0.168145710616
41 100 15 0.43373 0.725581524779 0.499999964188 -0.64047019799 0.202647670342
41.1 100 15 0.425927 0.725320065372 0.4999999636 0.628330798509 -0.236526851334
41.2 100 15 0.424947 0.725059235123 0.499999962959 -0.614403253699 0.269686854488
41.3 100 15 0.419136 0.724799046968 0.499999962268 0.598729821244 -0.302033484497
41.4 100 15 0.432281 0.724539506329 0.499999961531 -0.58135772627 0.333475021835
41.5 100 15 0.434426 0.724280647427 0.499999960752 0.56233898406 -0.363922477361
41.6 100 15 0.430027 0.724022495844 0.499999959936 -0.541730273933 0.393289850411
41.7 100 15 0.430848 0.723765081324 0.499999959085 0.519592753321 -0.421494371215
41.8 100 15 0.433856 0.723508436067 0.499999958205 -0.495991874528 0.448456732167
41.9 100 15 0.431325 0.723252595117 0.499999957298 0.470997189928 -0.474101307502
42 100 15 0.431492 0.722997596164 0.499999956369 -0.444682133351 0.498356372564
42.1 100 15 0.43438 0.722743478779 0.499999955421 0.417123810072 -0.521154292074
42.2 100 15 0.429445 0.722490284298 0.499999954457 -0.388402764061 0.542431709512
42.3 100 15 0.432725 0.722238054586 0.49999995348 0.35860274021 -0.562129718967
42.4 100 15 0.433479 0.721986834598 0.499999952493 -0.327810436856 0.580194024373
42.5 100 15 0.430831 0.721736669664 0.499999951498 0.296115252977 -0.5965750847
42.6 100 15 0.429399 0.72148760507 0.4999999505 -0.263609024671 0.611228244738
42.7 100 15 0.4311 0.721239684939 0.499999949499 0.230385760262 -0.624113851545
42.8 100 15 0.429049 0.720992952164 0.499999948499 -0.196541369127 0.635197356676
42.9 100 15 0.429176 0.720747450673 0.499999947502 0.162173378963 -0.644449403166
43 100 15 0.431402 0.72050322182 0.49999994651 -0.127380661159 0.651845896415
43.1 100 15 0.430303 0.720260304913 0.499999945526 0.0922631482177 -0.657368063309
43.2 100 15 0.428114 0.720018734813 0.49999994455 -0.0569215500416 0.661002494221
43.3 100 15 0.431716 0.719778545743 0.499999943585 0.0214570574714 -0.662741168919
43.4 100 15 0.428701 0.71953971874 0.499999942633 0.014028944239 0.662581394573
43.5 100 15 0.430372 0.719302327336 0.499999941696 -0.0494351060406 -0.660526021971
43.6 100 15 0.435362 0.719066396179 0.499999940774 0.0846604763616 0.656583217557
43.7 100 15 0.43027 0.718831945144 0.499999939871 -0.119604755685 -0.650766496612
43.8 100 15 0.429301 0.718598989697 0.499999938988 0.154168575938 0.643094677334
43.9 100 15 0.434287 0.718367540919 0.499999938128 -0.188253778345 -0.633591818749
44 100 15 0.428458 0.718137590001 0.499999937293 0.221763686253 0.622287139408
44.1 100 15 0.428905 0.717909153889 0.499999936484 -0.25460337358 -0.609214951087
44.2 100 15 0.431678 0.717682231983 0.499999935701 0.286679931649 0.594414533176
44.3 100 15 0.428373 0.717456820567 0.499999934946 -0.31790272454 -0.577930021155
44.4 100 15 0.429471 0.717232906995 0.499999934219 0.348183642705 0.559810283341
44.5 100 15 0.434041 0.717010478319 0.499999933521 -0.377437346388 -0.540108774051
44.6 100 15 0.428347 0.716789515818 0.499999932853 0.405581502127 0.518883380186
44.7 100 15 0.431428 0.71656999856 0.499999932216 -0.432537012898 -0.496196254529
44.8 100 15 0.439895 0.716351902278 0.49999993161 0.458228236692 0.472113639348
44.9 100 15 0.444121 0.716135197498 0.499999931037 -0.482583195594 -0.446705673497
45 100 15 0.438531 0.715919853607 0.499999930498 0.505533778599 0.420046196028
45.1 100 15 0.474857 0.715705835886 0.499999929993 -0.527015928303 -0.392212533339
45.2 100 15 0.59082 0.715493106841 0.499999929525 0.546969822104 0.363285279969
45.3 100 15 0.513687 0.715281626119 0.499999929096 -0.565340037143 -0.333348069672
45.4 100 15 0.516681 0.715071353837 0.499999928705 0.582075706664 0.302487337744
45.5 100 15 0.481747 0.714862245987 0.499999928356 -0.597130659557 -0.270792075271
45.6 100 15 0.488196 0.714654283059 0.49999992805 0.610463564589 0.238353582642
45.7 100 15 0.473644 0.714447392547 0.499999927787 -0.62203800877 -0.205265180202
45.8 100 15 0.542498 0.714241526286 0.499999927568 0.631822632584 0.171621977563
45.9 100 15 0.462402 0.714036639833 0.499999927398 -0.639791210692 -0.137520587079
46 100 15 0.541047 0.713832692869 0.499999927276 0.645922723323 0.103058848579
46.1 100 15 0.590464 0.713629647285 0.499999927206 -0.650201412814 -0.0683355473729
46.2 100 15 0.581532 0.713427465334 0.499999927189 0.652616825002 0.0334501339946
46.3 100 15 0.582816 0.713226139731 0.499999927226 -0.653163820852 0.00149756769582
46.4 100 15 0.463871 0.713025610372 0.49999992732 0.651842638406 -0.0364076295684
46.5 100 15 0.524802 0.712825846256 0.499999927473 -0.648658846407 0.0711803231262
46.6 100 15 0.584007 0.71262681441 0.499999927685 0.64362333248 -0.105716401455
46.7 100 15 0.579893 0.712428501217 0.49999992796 -0.636752297189 0.139917376819
46.8 100 15 0.446201 0.712230883039 0.499999928298 0.628067157113 -0.173685836123
46.9 100 15 0.454273 0.712033923815 0.499999928699 -0.617594481097 0.206925668153
47 100 15 0.44469 0.711837636704 0.499999929164 0.605365998483 -0.239542381239
47.1 100 15 0.449445 0.711641936864 0.499999929696 -0.591418373719 0.271443358972
47.2 100 15 0.444042 0.711446854015 0.499999930298 0.575793139055 -0.302538120607
47.3 100 15 0.446368 0.711252383562 0.499999930972 -0.558536623865 0.332738586592
47.4 100 15 0.442543 0.71105851932 0.499999931719 0.539699778638 -0.361959329051
47.5 100 15 0.441698 0.7108652616 0.499999932542 -0.519338025093 0.390117817678
47.6 100 15 0.454958 0.710672617419 0.499999933442 0.497511092388 -0.417134654665
47.7 100 15 0.45041 0.710480591749 0.499999934421 -0.474282837415 0.442933795528
47.8 100 15 0.45838 0.710289196795 0.499999935481 0.449721055125 -0.467442768723
47.9 100 15 0.453563 0.710098447831 0.499999936622 -0.423897280521 0.49059287163
48 100 15 0.504115 0.7099083315 0.499999937846 0.396886535541 -0.512319347327
48.1 100 15 0.536489 0.709718879283 0.499999939154 -0.368767219152 0.532561615274
48.2 100 15 0.584954 0.709530154163 0.499999940547 0.339620745955 -0.551263404554
48.3 100 15 0.588516 0.709342160882 0.499999942025 -0.30953144378 0.568372946292
48.4 100 15 0.593176 0.709154930086 0.499999943588 0.278586181327 -0.583843059002
48.5 100 15 0.579123 0.708968488338 0.499999945238 -0.246874161954 0.597631297851
48.6 100 15 0.460138 0.708782872048 0.499999946975 0.214486669919 -0.609700073841
48.7 100 15 0.46975 0.708598113226 0.499999948798 -0.181516799885 0.620016745502
48.8 100 15 0.593256 0.708414245382 0.499999950708 0.148059186251 -0.628553710048
48.9 100 15 0.592598 0.708231298561 0.499999952708 -0.114209735385 0.63528846589
49 100 15 0.591116 0.708049307812 0.499999954797 0.080065351615 -0.640203675783
49.1 100 15 0.529792 0.707868299878 0.499999956976 -0.0457236524421 0.643287197443
49.2 100 15 0.432926 0.70768830754 0.499999959245 0.0112827009278 -0.644532116417
49.3 100 15 0.442527 0.707509359054 0.499999961606 0.0231592796484 0.643936752951
49.4 100 15 0.43819 0.707331481489 0.499999964059 -0.0575041818782 -0.641504658797
49.5 100 15 0.437545 0.707154697611 0.499999966607 0.0916542935617 0.637244598855
49.6 100 15 0.440542 0.706979037032 0.499999969248 -0.125512570239 -0.63117052361
49.7 100 15 0.443498 0.706804521401 0.499999971985 0.158982910868 0.6233015132
49.8 100 15 0.443593 0.706631173982 0.499999974818 -0.191970425691 -0.613661720298
49.9 100 15 0.446253 0.706459015746 0.499999977747 0.224381703713 0.602280293936
50 100 15 0.440399 0.706288066876 0.499999980771 -0.256125070934 -0.589191290671
