# SIAM excitation B=c_0up^dag|gs> (normalized), method=fbr
# L=100 U=0.1 V=0.1 dt=0.1 tmax=30 max_bond_dim=512 mps_cutoff=1e-09 activity_tol=1e-09
# E_gs=-30.9227535891 gs_n_active=20 gs_bond_dim=24 gs_wall_s=63.854822
# nrm=0.707106782074
# t  n_active  bond_dim  renyi_half  slater_activity  n0up  n0dw  norm  wall_s  ReA  ImA
0 20 24 0.177227907101 2.76667577737e-13 1 0.686975496765 1 0.002301 0 0
0.1 17 11 0.116012548402 3.06490943736e-10 0.999961337212 0.686956187786 0.999999988432 0.084594 0 0
0.2 13 11 0.115989313008 7.58346940799e-10 0.999845452845 0.686898292045 0.999999995893 0.075199 0 0
0.3 15 10 0.115922482341 3.76452583631e-10 0.999652629706 0.686801884984 0.999999995806 0.067754 0 0
0.4 15 9 0.115866656338 9.30046992298e-10 0.999383353593 0.686667108605 0.999999995384 0.062412 0 0
0.5 15 9 0.115898988002 9.52884993133e-10 0.999038303759 0.686494150394 0.999999995876 0.06345 0 0
0.6 14 9 0.115942557967 9.72070797173e-10 0.998618342423 0.686283254219 0.999999995915 0.071203 0 0
0.7 14 9 0.116000350506 8.22347689794e-10 0.998124518485 0.686034714033 0.999999995558 0.049759 0 0
0.8 14 9 0.116074166906 6.86225493258e-10 0.997558065949 0.685748874191 0.999999996129 0.049679 0 0
0.9 12 9 0.116164431216 8.49463832608e-10 0.996920382711 0.685426126187 0.999999997529 0.060939 0 0
1 12 9 0.215297650972 8.44516789833e-10 0.996213038795 0.685066909705 0.99999999728 0.058532 0 0
1.1 12 9 0.218721870291 8.59023852051e-10 0.995437763508 0.684671709236 0.999999997942 0.057785 0 0
1.2 12 9 0.221421549308 8.84609385743e-10 0.994596438867 0.684241050385 0.999999997839 0.058463 0 0
1.3 12 9 0.223489050709 9.32049548652e-10 0.993691090681 0.683775500004 0.999999997681 0.057779 0 0
1.4 13 9 0.225024746644 9.11769826176e-10 0.992723879469 0.683275661832 0.999999997481 0.057768 0 0
1.5 14 9 0.226124542581 3.12259459321e-10 0.991697090946 0.682742173938 0.999999997159 0.059083 0 0
1.6 14 9 0.226879224269 3.01617636723e-10 0.990613126257 0.682175707871 0.999999997273 0.062382 0 0
1.7 14 9 0.2273615264 2.96279726872e-10 0.989474489019 0.681576962569 0.999999996374 0.06148 0 0
1.8 14 10 0.227683566214 2.95621813873e-10 0.988283778251 0.680946664443 0.999999997026 0.060787 0 0
1.9 14 10 0.227802085044 2.99229095634e-10 0.987043672017 0.680285561337 0.999999996571 0.050964 0 0
2 14 10 0.227802619805 3.06970424646e-10 0.985756921704 0.67959442302 0.999999996224 0.051514 0 0
2.1 14 11 0.227784807239 3.18869304752e-10 0.984426335999 0.678874035538 0.999999996022 0.051626 0 0
2.2 14 11 0.227673004879 3.35078907889e-10 0.98305477024 0.67812519876 0.999999996333 0.050819 0 0
2.3 14 10 0.227474109924 3.55903484173e-10 0.981645111932 0.677348723194 0.99999999627 0.051135 0 0
2.4 14 10 0.227314154459 3.81558811666e-10 0.980200272399 0.676545427073 0.999999996624 0.05085 0 0
2.5 14 10 0.227141753135 4.12121319203e-10 0.978723176398 0.675716134446 0.999999997043 0.051316 0 0
2.6 14 10 0.226964384592 4.47591368461e-10 0.97721674613 0.674861670792 0.999999996809 0.061428 0 0
2.7 14 10 0.226788242067 4.87660947152e-10 0.975683891768 0.673982861047 0.999999996524 0.051553 0 0
2.8 14 10 0.226626604815 5.31836446183e-10 0.974127498121 0.673080526674 0.999999996466 0.051866 0 0
2.9 14 10 0.226479078966 5.79351078913e-10 0.972550411552 0.672155482627 0.999999996811 0.053295 0 0
3 14 10 0.226350297623 6.29308874806e-10 0.970955432216 0.67120853629 0.999999996421 0.061216 0 0
3.1 14 10 0.226241401199 6.80644275436e-10 0.969345307519 0.670240484036 0.999999995876 0.061237 0 0
3.2 14 10 0.226152742414 7.32267838612e-10 0.967722717603 0.6692521092 0.999999995194 0.061605 0 0
3.3 14 10 0.226085625481 7.832199026e-10 0.96609026517 0.668244179541 0.999999995841 0.052422 0 0
3.4 14 10 0.226041031723 8.32665881473e-10 0.964450470272 0.667217446845 0.999999994921 0.06099 0 0
3.5 14 10 0.226018231721 8.79877185608e-10 0.962805761714 0.666172644374 0.999999995235 0.051414 0 0
3.6 14 10 0.226017254608 9.24353692807e-10 0.961158468432 0.665110485687 0.999999994728 0.05183 0 0
3.7 14 10 0.226039439312 9.65816767917e-10 0.959510811756 0.664031662567 0.999999995155 0.061302 0 0
3.8 15 10 0.226084117359 4.09159928161e-10 0.957864899656 0.662936844222 0.99999999484 0.051873 0 0
3.9 16 10 0.226150876541 1.02188146833e-10 0.956222724103 0.661826677419 0.999999993733 0.063438 0 0
4 16 10 0.226240410667 3.98995281259e-11 0.954586153377 0.660701783504 0.999999993936 0.067199 0 0
4.1 16 10 0.226352444898 4.07524014534e-11 0.952956927695 0.65956275955 0.99999999429 0.075455 0 0
4.2 16 10 0.226487541824 4.16250367508e-11 0.951336659767 0.65841017796 0.999999993663 0.054479 0 0
4.3 16 10 0.226644853185 4.25186552633e-11 0.949726829066 0.657244584719 0.999999993024 0.064936 0 0
4.4 16 11 0.226881210666 4.34312585895e-11 0.948128781901 0.656066499998 0.999999993569 0.065525 0 0
4.5 16 11 0.227085640421 4.4362291618e-11 0.946543727654 0.654876418833 0.999999993462 0.065448 0 0
4.6 16 11 0.227312547453 4.53097559472e-11 0.944972740062 0.653674809236 0.999999993657 0.074591 0 0
4.7 16 11 0.227562596842 4.62710980642e-11 0.943416765767 0.652462115747 0.999999993703 0.065462 0 0
4.8 16 11 0.227842872399 4.72437644561e-11 0.941876607228 0.651238756162 0.99999999395 0.055772 0 0
4.9 16 11 0.228146394156 4.82224260523e-11 0.940352943604 0.650005123653 0.999999994634 0.074577 0 0
5 16 11 0.228471669683 4.92023088938e-11 0.938846325269 0.648761589439 0.999999994784 0.057461 0 0
5.1 16 11 0.228818593331 5.01780839102e-11 0.937357176339 0.647508500104 0.999999993824 0.056457 0 0
5.2 16 11 0.229184593602 5.11409803394e-11 0.935885801434 0.64624618019 0.999999994142 0.065557 0 0
5.3 16 11 0.229571973176 5.2082338442e-11 0.934432384197 0.644974933729 0.999999993667 0.05569 0 0
5.4 16 11 0.229981661893 5.29916110992e-11 0.932996999967 0.643695043191 0.999999992492 0.065739 0 0
5.5 16 11 0.230412543826 5.38558087015e-11 0.931579617333 0.642406770899 0.999999994282 0.074957 0 0
5.6 16 11 0.23086492981 5.46612755059e-11 0.930180098489 0.641110362182 0.999999992908 0.065817 0 0
5.7 16 11 0.23133905866 5.53915802115e-11 0.928798218755 0.639806046665 0.999999993862 0.074568 0 0
5.8 16 11 0.231834840792 5.60288482276e-11 0.927433662429 0.638494034958 0.999999993753 0.074454 0 0
5.9 16 11 0.23235031272 5.65550939413e-11 0.92608603503 0.637174525039 0.99999999376 0.076526 0 0
6 16 11 0.232888011372 5.69497782266e-11 0.924754866519 0.63584770053 0.999999993191 0.068743 0 0
6.1 16 11 0.233437477484 5.75984386101e-11 0.923439621072 0.634513732703 0.999999993111 0.067586 0 0
6.2 16 11 0.234016005181 5.88156757153e-11 0.922139702523 0.633172782235 0.999999994056 0.075938 0 0
6.3 16 11 0.23462384309 5.99839467171e-11 0.920854464932 0.631824998798 0.999999993699 0.066187 0 0
6.4 16 11 0.235242484114 6.1094576195e-11 0.919583217906 0.630470524531 0.999999993662 0.075367 0 0
6.5 16 11 0.235877503993 6.2139770093e-11 0.918325235848 0.62910949401 0.999999994322 0.05636 0 0
6.6 16 11 0.236531275647 6.31125608291e-11 0.917079760062 0.627742034395 0.999999993645 0.075288 0 0
6.7 16 11 0.237193399064 6.40067325715e-11 0.915846013398 0.62636826969 0.99999999402 0.075475 0 0
6.8 16 11 0.237882008581 6.48167241486e-11 0.914623202909 0.624988317397 0.999999993033 0.075543 0 0
6.9 16 11 0.238580164809 6.55375432099e-11 0.913410529235 0.623602293379 0.999999992765 0.076654 0 0
7 16 11 0.239293630601 6.61646873081e-11 0.912207190276 0.622210310301 0.999999992593 0.075881 0 0
7.1 16 11 0.240027825258 6.66940729383e-11 0.911012390726 0.620812479952 0.999999992581 0.056226 0 0
7.2 16 11 0.24077365901 6.71219818303e-11 0.909825347461 0.619408912472 0.999999992346 0.065938 0 0
7.3 16 11 0.241530167667 6.74450115591e-11 0.908645292766 0.617999720502 0.999999991738 0.065988 0 0
7.4 16 11 0.242295225037 6.76600414339e-11 0.907471484612 0.61658501539 0.999999991247 0.056366 0 0
7.5 16 11 0.243073447831 6.77642052252e-11 0.90630320703 0.615164910831 0.999999993793 0.078174 0 0
7.6 16 11 0.243855388148 6.775487198e-11 0.905139773737 0.61373952312 0.999999991608 0.067295 0 0
7.7 16 11 0.244648542929 6.76296315532e-11 0.903980543247 0.612308970466 0.999999994343 0.075615 0 0
7.8 15 11 0.245452306569 7.57674034624e-10 0.90282490559 0.610873372572 0.999999993076 0.066625 0 0
7.9 15 11 0.24626175644 7.57877427482e-10 0.901672303232 0.60943285316 0.999999993719 0.065132 0 0
8 15 11 0.247046620377 7.58626717001e-10 0.90052221813 0.607987541337 0.999999994589 0.065016 0 0
8.1 15 11 0.24784302941 7.5586514825e-10 0.89937418435 0.606537567539 0.99999999408 0.067066 0 0
8.2 15 12 0.248700333338 7.55862039625e-10 0.898227789364 0.605083066884 0.999999993816 0.073602 0 0
8.3 15 12 0.249510733093 7.58115903388e-10 0.897082669564 0.603624178088 0.999999995058 0.0735 0 0
8.4 15 12 0.25032502866 9.77153691295e-10 0.895938513702 0.602161042967 0.999999994631 0.064521 0 0
8.5 16 12 0.251141484761 7.61266605309e-11 0.894795064573 0.60069380742 0.999999995588 0.064304 0 0
8.6 16 12 0.251960640427 7.68766161841e-11 0.893652118014 0.599222620532 0.999999994267 0.056557 0 0
8.7 16 12 0.252781884419 7.71326336135e-11 0.892509523825 0.597747635689 0.999999995315 0.066034 0 0
8.8 16 12 0.253605835593 7.69501129483e-11 0.891367182052 0.596269007102 0.999999993817 0.075257 0 0
8.9 16 12 0.254405233453 7.63852314734e-11 0.890225046628 0.594786893853 0.999999995052 0.077238 0 0
9 16 12 0.255229436485 7.54752926824e-11 0.889083109678 0.593301456124 0.999999994036 0.07528 0 0
9.1 15 11 0.256023735188 8.22902856967e-10 0.887941421253 0.5918128568 0.999999995641 0.075236 0 0
9.2 15 11 0.256866025046 8.39573299771e-10 0.886800073089 0.590321259799 0.999999994644 0.073948 0 0
9.3 15 11 0.257696909951 8.56024473528e-10 0.88565920049 0.588826831433 0.999999994279 0.064552 0 0
9.4 15 11 0.258538188439 9.66472013531e-10 0.884518975871 0.587329736628 0.99999999481 0.074198 0 0
9.5 16 11 0.259385897615 6.40444364208e-11 0.88337960702 0.585830142335 0.999999994 0.074401 0 0
9.6 16 11 0.260245489346 5.9300231392e-11 0.882241338072 0.584328215717 0.999999994337 0.057049 0 0
9.7 16 11 0.261108419799 5.40549315017e-11 0.881104440479 0.582824120205 0.999999995325 0.066471 0 0
9.8 16 11 0.261976214631 5.51799878497e-11 0.879969212015 0.581318023003 0.999999994988 0.075215 0 0
9.9 16 11 0.262845654981 5.62695661481e-11 0.878835975355 0.57981008636 0.999999995925 0.066586 0 0
10 16 11 0.263709455476 5.73187850703e-11 0.877705068013 0.578300472292 0.999999993478 0.067414 0 0
10.1 16 12 0.264630499877 6.2900351594e-11 0.876576846038 0.576789340564 0.999999994367 0.066862 0 0
10.2 16 12 0.265504761428 6.77853329023e-11 0.875451671871 0.575276847199 0.999999993736 0.056859 0 0
10.3 16 12 0.266377910972 7.09758918305e-11 0.874329918619 0.573763145022 0.99999999398 0.07658 0 0
10.4 16 12 0.267257132705 7.27364835029e-11 0.873211960614 0.572248385312 0.999999993257 0.067298 0 0
10.5 16 11 0.268083627914 7.34612370934e-11 0.87209817566 0.570732715756 0.999999994228 0.066903 0 0
10.6 16 11 0.26896922579 7.35120853079e-11 0.870988933475 0.569216276117 0.999999993465 0.075314 0 0
10.7 16 11 0.269860068667 7.31485982897e-11 0.869884599575 0.567699207331 0.99999999317 0.056898 0 0
10.8 16 11 0.270753686983 7.25257631728e-11 0.86878552947 0.566181642998 0.999999993337 0.066665 0 0
10.9 16 11 0.271657575578 7.17123027627e-11 0.867692063928 0.564663711726 0.999999993833 0.076128 0 0
11 16 11 0.272563436504 7.07166547542e-11 0.866604528437 0.563145538895 0.999999994728 0.067048 0 0
11.1 16 11 0.273473565481 6.95091761926e-11 0.865523231013 0.561627243811 0.999999993541 0.066697 0 0
11.2 16 11 0.274393233864 6.80424605548e-11 0.864448458721 0.560108941998 0.99999999391 0.066343 0 0
11.3 16 11 0.275317341165 6.62717658528e-11 0.863380474839 0.558590743773 0.999999993372 0.066773 0 0
11.4 16 11 0.276247535201 6.4174443537e-11 0.862319518928 0.557072753996 0.999999992838 0.067139 0 0
11.5 16 11 0.277188601817 6.31567876871e-11 0.861265803642 0.555555072995 0.999999993056 0.077119 0 0
11.6 16 11 0.278134782892 6.24320566687e-11 0.860219514643 0.554037795816 0.999999993931 0.067688 0 0
11.7 16 11 0.279092522842 6.15069563298e-11 0.859180808275 0.552521012867 0.999999992846 0.067012 0 0
11.8 16 11 0.280058741715 6.03752262854e-11 0.858149813233 0.551004812482 0.999999993203 0.066968 0 0
11.9 16 11 0.281032396002 5.90339306121e-11 0.857126627997 0.549489273098 0.999999993176 0.057434 0 0
12 16 11 0.282014206635 5.74843687706e-11 0.856111321892 0.54797447402 0.999999993877 0.06644 0 0
12.1 16 11 0.283007417625 5.57329993246e-11 0.855103932411 0.546460488398 0.999999992771 0.057079 0 0
12.2 16 11 0.284009756959 5.37923083452e-11 0.854104472221 0.54494738545 0.999999992854 0.056807 0 0
12.3 16 11 0.285020166087 5.16815371315e-11 0.85311292078 0.543435231884 0.999999993364 0.066765 0 0
12.4 16 12 0.286104161353 4.94271741633e-11 0.852129231626 0.541924090994 0.999999991836 0.057093 0 0
12.5 16 12 0.287122506576 4.70631175375e-11 0.851153334441 0.540414021935 0.999999992364 0.076123 0 0
12.6 16 11 0.288102020411 4.46304299085e-11 0.850185128538 0.538905081005 0.999999992679 0.076132 0 0
12.7 16 11 0.289146701217 4.21766372115e-11 0.849224490926 0.537397321889 0.999999992539 0.056969 0 0
12.8 16 12 0.290254325886 3.97545677145e-11 0.848271279802 0.535890798003 0.999999991875 0.077215 0 0
12.9 16 11 0.291268998826 3.82670561905e-11 0.847325331024 0.53438555902 0.999999992047 0.067268 0 0
13 16 12 0.292413137941 3.86257692497e-11 0.846386458845 0.532881653945 0.999999992739 0.0574 0 0
13.1 16 12 0.293515545425 3.87974097293e-11 0.845454457341 0.531379129749 0.999999991845 0.077135 0 0
13.2 16 12 0.294645618052 3.87943011049e-11 0.844529115793 0.529878033549 0.999999990898 0.05757 0 0
13.3 16 13 0.295884410727 3.86285448073e-11 0.843610217715 0.528378410484 0.999999992643 0.057698 0 0
13.4 16 13 0.297083504749 3.83125753345e-11 0.842697509904 0.526880305334 0.999999992907 0.057165 0 0
13.5 16 13 0.298304203661 3.78599374073e-11 0.841790749098 0.525383762247 0.999999992075 0.067653 0 0
13.6 16 13 0.299543247368 3.72853969921e-11 0.840889689609 0.52388882742 0.999999992734 0.067656 0 0
13.7 16 13 0.300761872402 3.66031649435e-11 0.839994081809 0.522395543709 0.999999993269 0.067282 0 0
13.8 16 13 0.302007711536 3.58302276737e-11 0.839103675676 0.520903956501 0.99999999345 0.077186 0 0
13.9 16 13 0.303269037154 3.6692909725e-11 0.838218222384 0.519414114138 0.999999991113 0.067876 0 0
14 16 13 0.304537587004 3.73673124401e-11 0.83733748356 0.51792606411 0.999999991164 0.070318 0 0
14.1 16 13 0.30581207385 3.78071723723e-11 0.836461221713 0.516439851158 0.9999999914 0.078413 0 0
14.2 16 13 0.307090681108 3.80234254397e-11 0.835589206892 0.514955523144 0.99999999334 0.058159 0 0
14.3 16 13 0.308370157834 3.92160375573e-11 0.834721220032 0.513473131886 0.999999991666 0.06798 0 0
14.4 16 13 0.309658898037 4.23967564892e-11 0.833857057187 0.511992727992 0.999999993643 0.06801 0 0
14.5 16 13 0.310948500102 4.58548987619e-11 0.832996523418 0.510514360047 0.999999991167 0.077887 0 0
14.6 16 13 0.312250332592 4.95238025922e-11 0.832139442823 0.509038081367 0.999999991682 0.067118 0 0
14.7 16 13 0.313546058159 5.33276825228e-11 0.831285649195 0.507563944329 0.999999992351 0.077073 0 0
14.8 16 13 0.314841879775 5.71832046209e-11 0.830434996358 0.506092004136 0.999999990776 0.068131 0 0
14.9 16 13 0.316130108285 6.10018661414e-11 0.829587356018 0.504622314927 0.999999991482 0.058384 0 0
15 16 13 0.317416659913 6.46931717121e-11 0.82874261677 0.503154934139 0.999999990507 0.068017 0 0
15.1 16 13 0.318700797751 6.81684557816e-11 0.827900688454 0.501689918394 0.999999992271 0.07676 0 0
15.2 16 13 0.319997335594 7.13450555293e-11 0.827061496478 0.50022732579 0.999999992709 0.057813 0 0
15.3 16 13 0.321289786203 7.41504236911e-11 0.826224990286 0.498767216412 0.99999999293 0.05691 0 0
15.4 16 13 0.322581811463 7.6525719447e-11 0.825391136073 0.497309647164 0.999999992111 0.068323 0 0
15.5 16 13 0.32387187751 7.84284525978e-11 0.824559919234 0.495854679397 0.99999999179 0.068175 0 0
15.6 16 13 0.325144540085 7.98338769896e-11 0.82373134549 0.494402372168 0.999999989351 0.076615 0 0
15.7 16 13 0.326428210916 8.07350120077e-11 0.822905439608 0.49295278753 0.999999993031 0.067129 0 0
15.8 16 13 0.327714900519 8.11413688146e-11 0.822082233872 0.49150598303 0.999999993948 0.076831 0 0
15.9 16 13 0.32900145493 8.10766316691e-11 0.821261786645 0.490062019235 0.999999993779 0.067801 0 0
16 16 13 0.330263060265 8.05756499534e-11 0.820444171456 0.488620956978 0.999999991551 0.068014 0 0
16.1 16 13 0.331534926886 7.96811333214e-11 0.819629475871 0.487182854618 0.999999992168 0.076753 0 0
16.2 16 13 0.332797669732 7.84404044603e-11 0.81881779718 0.485747771305 0.999999991544 0.077276 0 0
16.3 16 13 0.33406165431 7.69024830802e-11 0.818009247044 0.484315762833 0.999999993145 0.057508 0 0
16.4 16 13 0.335324008212 7.51156749205e-11 0.817203945492 0.482886887321 0.999999991733 0.06795 0 0
16.5 16 13 0.336591593699 7.31257384802e-11 0.816402025282 0.481461200595 0.99999999334 0.067675 0 0
16.6 16 13 0.33786241816 7.09746249922e-11 0.815603624138 0.480038756409 0.999999991909 0.07777 0 0
16.7 16 13 0.339108607692 6.86997332615e-11 0.814808887439 0.478619608025 0.999999992701 0.058244 0 0
16.8 16 13 0.34037349445 6.63335877644e-11 0.814017965014 0.477203807875 0.999999991592 0.077773 0 0
16.9 16 13 0.341615956751 6.39038438716e-11 0.813231007982 0.475791406206 0.999999991495 0.067189 0 0
17 16 13 0.34287200582 6.14335237125e-11 0.812448169842 0.474382450713 0.999999993142 0.067897 0 0
17.1 16 13 0.344111236942 5.89414022839e-11 0.811669602016 0.472976988459 0.999999992385 0.067946 0 0
17.2 16 13 0.345356169034 5.64424774056e-11 0.810895459246 0.471575064771 0.99999999183 0.068396 0 0
17.3 16 13 0.346599255653 5.39484731e-11 0.810125888078 0.47017672248 0.9999999937 0.067318 0 0
17.4 16 13 0.347849592015 5.14683429896e-11 0.80936103217 0.468782003485 0.999999992637 0.067711 0 0
17.5 16 13 0.34910490449 5.03465219837e-11 0.808601033172 0.467390947687 0.999999992737 0.067719 0 0
17.6 16 13 0.350340772427 5.28509606923e-11 0.807846020976 0.466003590971 0.999999993276 0.076921 0 0
17.7 16 13 0.351588132965 5.51288876258e-11 0.80709611791 0.464619970177 0.999999992236 0.067847 0 0
17.8 16 13 0.352830256563 5.71776636812e-11 0.806351436393 0.463240118449 0.999999992136 0.057707 0 0
17.9 16 13 0.354082271353 5.89971973315e-11 0.805612082499 0.461864067395 0.999999993494 0.068009 0 0
18 16 13 0.355331160542 6.05896118635e-11 0.80487814701 0.460491848816 0.999999992315 0.068663 0 0
18.1 16 13 0.356573205293 6.19589218558e-11 0.804149712833 0.459123489535 0.999999990467 0.068128 0 0
18.2 16 13 0.357839275876 6.3110705517e-11 0.803426850698 0.457759015354 0.999999992582 0.077546 0 0
18.3 16 13 0.359104921915 6.40518116882e-11 0.802709612665 0.456398453173 0.999999993646 0.057956 0 0
18.4 16 13 0.360357584301 6.47900483269e-11 0.801998042748 0.455041825823 0.999999992035 0.057914 0 0
18.5 16 13 0.361624931905 6.53339277748e-11 0.80129217041 0.453689153759 0.999999991227 0.068123 0 0
18.6 16 13 0.362881669673 6.56924003461e-11 0.800592013023 0.452340456015 0.999999992291 0.068577 0 0
18.7 16 13 0.3641540859 6.58746342535e-11 0.799897570172 0.450995754647 0.999999991517 0.058564 0 0
18.8 16 13 0.365436469427 6.5889817787e-11 0.79920883467 0.449655064941 0.999999992018 0.068821 0 0
18.9 16 13 0.366722205617 6.57469858029e-11 0.798525780152 0.448318404053 0.999999991258 0.068787 0 0
19 16 13 0.367987431284 6.54548823724e-11 0.797848371963 0.446985787941 0.999999991817 0.06789 0 0
19.1 16 13 0.369286633492 6.50218595746e-11 0.797176560062 0.445657231312 0.999999991952 0.058061 0 0
19.2 16 13 0.370573707422 6.44557787308e-11 0.796510287085 0.444332747871 0.999999991663 0.069141 0 0
19.3 16 13 0.371887501867 6.37639837616e-11 0.79584948213 0.443012350536 0.999999990179 0.058657 0 0
19.4 16 13 0.373196995834 6.29532566267e-11 0.795194067829 0.441696053796 0.999999991401 0.068581 0 0
19.5 16 13 0.374504158201 6.20298302545e-11 0.794543955686 0.440383867628 0.999999991621 0.058015 0 0
19.6 16 13 0.375820488164 6.09993984725e-11 0.793899046971 0.439075805611 0.999999990677 0.059178 0 0
19.7 16 13 0.377146148763 5.98671736134e-11 0.79325924439 0.43777187946 0.999999989996 0.068694 0 0
19.8 16 13 0.378462474894 5.86379259e-11 0.792624433291 0.436472104629 0.999999991059 0.058649 0 0
19.9 16 13 0.379802135989 5.73160733276e-11 0.791994498228 0.435176488532 0.999999990846 0.076906 0 0
20 16 13 0.381152500478 5.59057525017e-11 0.791369322302 0.433885045115 0.999999991398 0.068744 0 0
20.1 16 13 0.3825016017 5.44109200112e-11 0.79074878734 0.432597785338 0.999999991392 0.077837 0 0
20.2 16 13 0.383862230679 5.28354404599e-11 0.790132772428 0.431314720915 0.999999989415 0.06799 0 0
20.3 16 13 0.385217386249 5.23627607837e-11 0.789521157843 0.4300358675 0.999999991373 0.077345 0 0
20.4 16 13 0.386587703968 5.37719416846e-11 0.788913818431 0.428761235042 0.999999989328 0.067647 0 0
20.5 16 13 0.387956461526 5.51102694857e-11 0.788310637633 0.427490838666 0.999999991576 0.067725 0 0
20.6 16 13 0.389324123292 5.63739630263e-11 0.787711495018 0.42622469386 0.999999990835 0.068183 0 0
20.7 16 13 0.3907053338 5.75587662137e-11 0.787116281482 0.42496281354 0.999999989696 0.068195 0 0
20.8 16 13 0.392088997301 5.86605701653e-11 0.786524890692 0.423705214436 0.999999990491 0.076662 0 0
20.9 16 13 0.393468472139 5.96751524508e-11 0.785937217755 0.422451912556 0.999999989701 0.058026 0 0
21 16 13 0.394853482583 6.05980888301e-11 0.785353167902 0.421202922922 0.999999988902 0.057678 0 0
21.1 16 13 0.396247075225 6.14251565564e-11 0.784772651359 0.419958261329 0.999999990319 0.06795 0 0
21.2 16 13 0.397635689742 6.21517263702e-11 0.784195587978 0.418717946936 0.999999988828 0.068691 0 0
21.3 16 13 0.39902462876 6.2773636806e-11 0.783621904544 0.417481995424 0.999999991174 0.068263 0 0
21.4 16 12 0.40037924912 6.32861939124e-11 0.783051538385 0.416250424765 0.999999989727 0.069647 0 0
21.5 16 12 0.401780711787 6.36854106452e-11 0.782484434262 0.415023255308 0.999999990781 0.077635 0 0
21.6 16 12 0.403184229358 6.39669010591e-11 0.781920547716 0.413800503745 0.999999990557 0.068476 0 0
21.7 16 13 0.40461805462 6.412687186e-11 0.781359846817 0.412582186902 0.999999989489 0.068358 0 0
21.8 16 12 0.405992009286 6.41616668524e-11 0.780802303892 0.411368324567 0.9999999914 0.068039 0 0
21.9 16 12 0.407404501201 6.40680699207e-11 0.780247902647 0.410158934789 0.999999990604 0.068894 0 0
22 16 12 0.408820604247 6.38430936591e-11 0.779696637573 0.408954036567 0.999999990407 0.078129 0 0
22.1 16 12 0.410239067434 6.3485002007e-11 0.77914851298 0.407753647554 0.999999991517 0.077721 0 0
22.2 16 12 0.411661758784 6.29915020367e-11 0.778603538154 0.406557787011 0.999999991892 0.067623 0 0
22.3 16 12 0.413088262904 6.23625653263e-11 0.778061735365 0.405366471118 0.999999990471 0.065575 0 0
22.4 16 12 0.414513802318 6.15975452839e-11 0.777523132251 0.404179716694 0.999999992057 0.065882 0 0
22.5 16 12 0.415937073343 6.06976010508e-11 0.776987762937 0.402997541618 0.999999989565 0.05554 0 0
22.6 16 12 0.417361785334 5.96648311186e-11 0.776455672451 0.401819962074 0.999999991301 0.065446 0 0
22.7 16 12 0.41878375968 5.8501524963e-11 0.775926905676 0.400646995165 0.999999991342 0.073596 0 0
22.8 16 12 0.420200707199 5.72123232114e-11 0.775401516262 0.39947865306 0.999999990206 0.074026 0 0
22.9 16 12 0.421637777827 5.58016597515e-11 0.774879570538 0.398314950751 0.999999990385 0.065576 0 0
23 16 12 0.423071064327 5.42758837446e-11 0.774361134772 0.397155902148 0.999999991242 0.055239 0 0
23.1 16 12 0.424498086134 5.26419000586e-11 0.773846279376 0.396001519876 0.999999991352 0.055009 0 0
23.2 16 12 0.425927291752 5.09077981153e-11 0.773335078141 0.394851816772 0.999999991057 0.055054 0 0
23.3 16 12 0.427352733446 5.1611879422e-11 0.772827606422 0.393706802599 0.999999990877 0.0734 0 0
23.4 16 12 0.428774584337 5.24148725094e-11 0.772323940825 0.392566487233 0.999999990973 0.055579 0 0
23.5 16 12 0.430200414799 5.31374063263e-11 0.771824152885 0.391430879405 0.999999991073 0.07298 0 0
23.6 16 12 0.431617607492 5.37714688832e-11 0.771328317496 0.390299986752 0.999999990891 0.064423 0 0
23.7 16 12 0.433027411664 5.43145022528e-11 0.770836514697 0.38917381853 0.999999992079 0.064531 0 0
23.8 16 12 0.434437441708 5.475660886e-11 0.770348815069 0.388052379735 0.999999991043 0.054751 0 0
23.9 16 12 0.435843107256 5.51121509271e-11 0.769865290358 0.386935674844 0.999999990442 0.065683 0 0
24 16 12 0.437246910328 5.5365088393e-11 0.769386007049 0.385823705573 0.999999991141 0.06448 0 0
24.1 16 12 0.438646917312 5.55253247854e-11 0.7689110284 0.384716478788 0.999999991773 0.054899 0 0
24.2 16 12 0.440045645723 5.55995684811e-11 0.76844041243 0.383613994794 0.999999990684 0.055139 0 0
24.3 16 13 0.441485447895 5.55820755301e-11 0.767974214419 0.382516254514 0.999999992714 0.073629 0 0
24.4 16 12 0.442834688318 5.54961064937e-11 0.767512476697 0.381423259589 0.999999992326 0.064386 0 0
24.5 16 12 0.444225605304 5.53264339579e-11 0.767055241916 0.380335007722 0.999999990097 0.055312 0 0
24.6 16 12 0.445614599647 5.51018397727e-11 0.766602546718 0.379251499462 0.999999991182 0.055244 0 0
24.7 16 12 0.447003749509 5.48179804269e-11 0.766154415045 0.378172733224 0.999999992545 0.0648 0 0
24.8 16 12 0.4483844154 5.44906240412e-11 0.765710865446 0.377098707528 0.999999991642 0.065113 0 0
24.9 16 12 0.449765388154 5.4109820297e-11 0.765271913495 0.376029407213 0.99999999268 0.055719 0 0
25 16 12 0.451142692026 5.37074680377e-11 0.764837561109 0.374964828636 0.99999999288 0.06449 0 0
25.1 16 12 0.452522061986 5.32573671009e-11 0.764407807351 0.373904967703 0.999999994138 0.055429 0 0
25.2 16 12 0.453896765819 5.27954237335e-11 0.763982638086 0.372849816876 0.999999991249 0.064588 0 0
25.3 16 12 0.455270005149 5.31306110219e-11 0.763562038595 0.371799371013 0.999999991721 0.064961 0 0
25.4 16 13 0.456689475855 5.39795985688e-11 0.763145981056 0.370753625165 0.999999992619 0.064357 0 0
25.5 16 12 0.458021081669 5.45719025524e-11 0.762734432399 0.369712575243 0.999999992143 0.065029 0 0
25.6 16 12 0.459396992855 5.51415579864e-11 0.76232735712 0.368676217001 0.999999992198 0.053629 0 0
25.7 16 13 0.460813099459 5.54175594303e-11 0.76192471064 0.367644543587 0.999999993324 0.052667 0 0
25.8 16 13 0.462209387671 5.54156720511e-11 0.761526443159 0.366617551353 0.999999992423 0.052919 0 0
25.9 16 13 0.463613227943 5.52944356969e-11 0.761132501534 0.365595235569 0.999999992479 0.061609 0 0
26 16 13 0.465017739849 5.42142997162e-11 0.760742823196 0.3645775904 0.99999999255 0.05297 0 0
26.1 16 13 0.466421214052 5.38009636841e-11 0.760357347885 0.363564612248 0.999999990591 0.062255 0 0
26.2 16 14 0.467863363768 5.11763964539e-11 0.759976007184 0.362556296803 0.999999989884 0.070809 0 0
26.3 16 13 0.469230761992 4.97408780831e-11 0.759598728919 0.361552638555 0.999999993756 0.070764 0 0
26.4 16 13 0.47063652083 4.57377469232e-11 0.759225434765 0.360553637245 0.99999999053 0.062512 0 0
26.5 16 13 0.472039352881 4.54127356706e-11 0.75885605709 0.35955928721 0.999999991938 0.070421 0 0
26.6 16 13 0.473441957508 4.887568128e-11 0.758490514849 0.358569584784 0.999999990259 0.062207 0 0
26.7 16 13 0.474840894586 5.22336618403e-11 0.758128733397 0.357584527727 0.999999990937 0.071106 0 0
26.8 16 13 0.476240493296 6.06537042813e-11 0.757770633132 0.356604114467 0.999999991227 0.071245 0 0
26.9 16 13 0.477638188276 6.70200561714e-11 0.757416137949 0.355628340448 0.999999992641 0.070793 0 0
27 16 13 0.47903347288 6.37565555905e-11 0.757065172594 0.354657205137 0.999999991881 0.052961 0 0
27.1 16 13 0.480427189262 5.97311089479e-11 0.75671766454 0.353690706507 0.999999991518 0.061637 0 0
27.2 16 13 0.481819402553 5.51563036361e-11 0.756373541221 0.352728842246 0.999999990674 0.061854 0 0
27.3 16 14 0.483247461043 5.62759186163e-11 0.756032740299 0.351771611453 0.999999991845 0.062111 0 0
27.4 16 13 0.484593650237 5.75079915044e-11 0.755695191666 0.350819011235 0.999999990921 0.070754 0 0
27.5 16 14 0.48605193794 5.83635244631e-11 0.755360838239 0.349871042829 0.999999990263 0.062375 0 0
27.6 16 14 0.487417249002 5.95253976503e-11 0.755029623425 0.348927704381 0.999999990634 0.05345 0 0
27.7 16 14 0.488780832741 6.04576605219e-11 0.754701498658 0.347988997615 0.999999991113 0.06253 0 0
27.8 16 14 0.490145344049 6.15003295177e-11 0.75437641471 0.347054920052 0.999999992014 0.062148 0 0
27.9 16 13 0.491471245696 6.21604482555e-11 0.75405432953 0.346125470601 0.999999991623 0.061838 0 0
28 16 14 0.492877514738 6.33393961567e-11 0.753735212054 0.345200647508 0.999999990833 0.062495 0 0
28.1 16 13 0.494193742672 6.38170888743e-11 0.753419029256 0.344280449795 0.99999999134 0.070643 0 0
28.2 16 13 0.495548415925 6.44905500382e-11 0.753105757887 0.343364876687 0.999999991532 0.06174 0 0
28.3 16 13 0.496898924311 6.51675352192e-11 0.752795378169 0.342453924935 0.999999991063 0.061978 0 0
28.4 16 13 0.498243887836 6.5217030192e-11 0.752487879528 0.341547592681 0.999999991795 0.062246 0 0
28.5 16 13 0.499583106571 6.53928767695e-11 0.752183252856 0.340645879478 0.999999992904 0.053798 0 0
28.6 16 13 0.500917287768 6.52736333899e-11 0.751881494876 0.339748781089 0.999999991747 0.062479 0 0
28.7 16 14 0.502291602533 6.43859376397e-11 0.751582612431 0.33885629266 0.999999992185 0.071319 0 0
28.8 16 14 0.503614792907 6.36348041915e-11 0.751286612394 0.337968410374 0.999999993059 0.062432 0 0
28.9 16 14 0.504939963367 6.1677933053e-11 0.750993503818 0.337085130859 0.999999992996 0.053583 0 0
29 16 14 0.506257076165 5.94248908941e-11 0.750703308974 0.336206450026 0.999999992318 0.052983 0 0
29.1 16 14 0.507569530358 5.60021086046e-11 0.750416048006 0.335332362334 0.999999990674 0.062887 0 0
29.2 16 14 0.50887810502 5.16308434485e-11 0.750131745872 0.334462862227 0.999999992696 0.072346 0 0
29.3 16 14 0.510176581541 5.00294469867e-11 0.749850429846 0.333597942978 0.999999991163 0.063296 0 0
29.4 16 14 0.511471590758 5.01972482571e-11 0.749572130507 0.332737597774 0.999999991403 0.070918 0 0
29.5 16 14 0.51276006362 6.69725598446e-11 0.749296882541 0.331881819874 0.999999992389 0.071243 0 0
29.6 16 14 0.514045845201 5.92788905445e-11 0.749024719506 0.331030603975 0.999999991181 0.062699 0 0
29.7 16 14 0.515322972151 8.15207239451e-11 0.748755680071 0.330183939295 0.999999991594 0.062334 0 0
29.8 16 14 0.516595969643 7.1569530346e-11 0.748489800141 0.329341818431 0.999999991539 0.062537 0 0
29.9 16 14 0.517864889972 8.00079849568e-11 0.748227117568 0.328504231942 0.999999993331 0.062277 0 0
30 16 14 0.519123215333 8.08954730636e-11 0.747967668279 0.327671171683 0.999999993076 0.062168 0 0
