# SIAM excitation B=c_0up^dag|gs> (normalized), method=star
# L=200 U=0 V=0.1 dt=0.1 tmax=100 cutoff=1e-10 max_bond_dim=1024
# E_gs=-62.7232678489 gs_bond_dim=27 gs_wall_s=85.774076
# nrm=0.707106781232  G00(t) = -i nrm^2 exp(i E_gs t) A(t)
# t  n_active  bond_dim  wall_s  n0up  n0dw  ReA  ImA
0 200 27 0.00982500000001 1 0.499999999878 1 0
0.1 200 19 1.43766 0.99996165009 0.499999999782 0.999838683436 -0.0156811064983
0.2 200 19 1.395766 0.999846699689 0.499999999761 0.99935502048 -0.0313515786302
0.3 200 19 1.388251 0.99965545403 0.499999999763 0.998549846959 -0.0470008195391
0.4 200 19 1.384736 0.999388421738 0.499999999765 0.997424554258 -0.062618309462
0.5 200 19 1.380319 0.99904631235 0.499999999766 0.995981080698 -0.0781936435665
0.6 200 19 1.384247 0.998630032659 0.499999999765 0.9942219005 -0.0937165690084
0.7 200 19 1.375684 0.99814068216 0.499999999826 0.992150010263 -0.109177020951
0.8 200 19 1.379625 0.997579548698 0.499999999837 0.989768913274 -0.124565157651
0.9 200 19 1.37573 0.996948100696 0.499999999847 0.987082600125 -0.139871393652
1 200 19 1.373656 0.996247981487 0.499999999859 0.984095527855 -0.155086431646
1.1 200 19 1.376411 0.995481000569 0.499999999871 0.980812596071 -0.170201292238
1.2 200 19 1.372406 0.99464912592 0.499999999885 0.977239121344 -0.185207341752
1.3 200 19 1.378107 0.993754475058 0.499999999901 0.973380809313 -0.200096317747
1.4 200 19 1.382562 0.992799303956 0.499999999921 0.969243724992 -0.214860352189
1.5 200 19 1.375047 0.99178599699 0.499999999944 0.964834261674 -0.229491991871
1.6 200 19 1.386602 0.990717055908 0.499999999973 0.960159108476 -0.243984216506
1.7 200 19 1.360484 0.989595088342 0.500000000006 0.955225216603 -0.258330453903
1.8 200 19 1.373635 0.988422795415 0.500000000046 0.95003976473 -0.272524591511
1.9 200 19 1.350147 0.987202959981 0.500000000093 0.944610124196 -0.286560987373
2 200 19 1.348867 0.985938433797 0.500000000148 0.938943823568 -0.300434476943
2.1 200 19 1.353712 0.984632125675 0.500000000211 0.933048512823 -0.314140375525
2.2 200 19 1.359091 0.983286988117 0.500000000282 0.926931927875 -0.327674479748
2.3 200 19 1.368502 0.981906004787 0.500000000362 0.920601855486 -0.341033065844
2.4 200 19 1.377539 0.98049217829 0.50000000045 0.914066098898 -0.35421288495
2.5 200 19 1.347679 0.979048515404 0.500000000547 0.907332443803 -0.367211155181
2.6 200 19 1.318911 0.977578017063 0.500000000653 0.900408625664 -0.380025552411
2.7 200 19 1.309953 0.976083663105 0.500000000766 0.8933022983 -0.392654197031
2.8 200 19 1.307463 0.974568409855 0.500000000886 0.886021005669 -0.405095642034
2.9 200 19 1.298735 0.97303515756 0.500000001013 0.878572149085 -0.41734884956
3 200 19 1.296079 0.971486757619 0.500000001146 0.870962964361 -0.429413177299
3.1 200 19 1.300836 0.969925997767 0.500000001283 0.863200496914 -0.441288356698
3.2 200 19 1.308698 0.968355587558 0.500000001423 0.855291578282 -0.452974469005
3.3 200 19 1.308474 0.966778154375 0.500000001565 0.847242806337 -0.464471922988
3.4 200 19 1.312344 0.965196230012 0.500000001708 0.839060526994 -0.475781428051
3.5 200 19 1.30805 0.963612244928 0.50000000185 0.830750819482 -0.486903969364
3.6 200 19 1.304345 0.962028518817 0.500000001989 0.822319482113 -0.497840779671
3.7 200 19 1.305227 0.960447254744 0.500000002124 0.813772021561 -0.508593313112
3.8 200 19 1.30246 0.958870534158 0.500000002254 0.805113645601 -0.519163214826
3.9 200 19 1.29568 0.957300308096 0.500000002377 0.796349256127 -0.529552294824
4 200 19 1.300781 0.95573839834 0.500000002492 0.787483447104 -0.539762500184
4.1 200 19 1.300812 0.954186486868 0.500000002597 0.778520505786 -0.549795883581
4.2 200 19 1.299576 0.952646116454 0.500000002691 0.769464409106 -0.559654580532
4.3 200 19 1.293765 0.951118690322 0.500000002775 0.7603188264 -0.569340782398
4.4 200 19 1.315392 0.949605468709 0.500000002847 0.751087132071 -0.578856707672
4.5 200 19 1.301282 0.94810756994 0.500000002907 0.74177240866 -0.588204578487
4.6 200 19 1.313519 0.946625968503 0.500000002955 0.732377458643 -0.597386597629
4.7 200 19 1.307918 0.945161496535 0.500000002992 0.722904817717 -0.606404923178
4.8 200 19 1.298817 0.943714852956 0.500000003018 0.713356762569 -0.615261657214
4.9 200 19 1.301646 0.942286596485 0.500000003034 0.703735330203 -0.623958816997
5 200 19 1.312204 0.940877151993 0.500000003041 0.694042334092 -0.632498319467
5.1 200 19 1.327734 0.939486816723 0.500000003041 0.684279379077 -0.640881969238
5.2 200 19 1.301652 0.938115759476 0.500000003034 0.674447893369 -0.649111441374
5.3 200 19 1.300346 0.936764037949 0.500000003023 0.66454911246 -0.657188275132
5.4 200 19 1.306928 0.935431586436 0.500000003009 0.654584137594 -0.665113860071
5.5 200 19 1.302486 0.934118236123 0.500000002994 0.644553926403 -0.672889426648
5.6 200 19 1.311514 0.932823717365 0.500000002979 0.634459335963 -0.68051604483
5.7 200 19 1.297838 0.931547667156 0.500000002967 0.624301123985 -0.687994615771
5.8 200 19 1.300246 0.930289636227 0.500000002959 0.614079985785 -0.695325874252
5.9 200 19 1.31182 0.929049096458 0.500000002956 0.60379656019 -0.7025103872
6 200 19 1.303756 0.927825447855 0.50000000296 0.593451452108 -0.709548552337
6.1 200 19 1.307798 0.926618028779 0.500000002971 0.583045255899 -0.716440605298
6.2 200 19 1.311379 0.925426123707 0.500000002991 0.572578572422 -0.72318662455
6.3 200 19 1.312423 0.924248969914 0.50000000302 0.562052019325 -0.729786535503
6.4 200 19 1.306485 0.923085765936 0.500000003058 0.551466253536 -0.736240121214
6.5 200 19 1.292363 0.92193568626 0.500000003107 0.540821982253 -0.742547032182
6.6 200 19 1.305613 0.92079786921 0.500000003215 0.530119972879 -0.748706792048
6.7 200 19 1.315307 0.919671447482 0.500000003413 0.519361074872 -0.754718812997
6.8 200 19 1.323572 0.918555548036 0.500000003528 0.508546225378 -0.760582407487
6.9 200 19 1.300871 0.917449287711 0.500000003645 0.497676444416 -0.76629680608
7 200 19 1.305821 0.916351801385 0.500000003764 0.486752873976 -0.771861156476
7.1 200 19 1.287558 0.915262232021 0.500000003885 0.475776752529 -0.777274553347
7.2 200 19 1.277209 0.914179746023 0.500000004007 0.464749434371 -0.782536043589
7.3 200 19 1.273138 0.913103527778 0.500000004129 0.453672393337 -0.787644644426
7.4 200 19 1.276088 0.912032802257 0.500000004249 0.442547220644 -0.792599354236
7.5 200 19 1.268688 0.910966823285 0.500000004368 0.431375625612 -0.79739916938
7.6 200 19 1.277342 0.909904895648 0.500000004483 0.420159438111 -0.80204309455
7.7 200 19 1.274661 0.908846354084 0.500000004594 0.408900597739 -0.806530161057
7.8 200 19 1.281189 0.907790587323 0.5000000047 0.397601158128 -0.810859434606
7.9 200 19 1.278876 0.906737036156 0.500000004801 0.386263278672 -0.815030030013
8 200 19 1.281562 0.905685194124 0.500000004895 0.374889218412 -0.819041120967
8.1 200 19 1.286066 0.904634609637 0.500000004982 0.363481334494 -0.822891948727
8.2 200 19 1.281808 0.903584887745 0.500000005061 0.352042062918 -0.826581836515
8.3 200 19 1.282858 0.902535690853 0.500000005131 0.340573918972 -0.830110193398
8.4 200 19 1.284608 0.90148674192 0.500000005192 0.329079475325 -0.833476526348
8.5 200 19 1.291125 0.900437819124 0.500000005244 0.31756136778 -0.836680439208
8.6 200 19 1.282118 0.899388757604 0.500000005286 0.306022278673 -0.839721640984
8.7 200 19 1.282582 0.898339448376 0.500000005318 0.294464926346 -0.842599949592
8.8 200 19 1.281121 0.897289836825 0.500000005341 0.282892054428 -0.845315294395
8.9 200 19 1.290375 0.89623992084 0.500000005353 0.271306421124 -0.847867717682
9 200 19 1.281772 0.895189758105 0.500000005355 0.259710791024 -0.850257385339
9.1 200 19 1.283512 0.894139435029 0.500000005347 0.248107916859 -0.852484555473
9.2 200 19 1.278359 0.89308909181 0.500000005329 0.23650053761 -0.854549606581
9.3 200 19 1.286837 0.89203891005 0.500000005301 0.224891365897 -0.856453024891
9.4 200 19 1.288018 0.890989109277 0.500000005262 0.213283078752 -0.858195400596
9.5 200 19 1.282156 0.889939943353 0.500000005215 0.201678308862 -0.859777423306
9.6 200 19 1.290787 0.88889169623 0.500000005158 0.19007963676 -0.861199876327
9.7 200 19 1.279455 0.887844679467 0.500000005093 0.178489583413 -0.862463630295
9.8 200 19 1.286258 0.886799225131 0.50000000502 0.166910604117 -0.863569637367
9.9 200 19 1.280504 0.88575568507 0.50000000494 0.155345082212 -0.864518922948
10 200 19 1.281613 0.884714424756 0.500000004855 0.143795324583 -0.865312579941
10.1 200 19 1.283249 0.883675818952 0.500000004765 0.132263558081 -0.86595175624
10.2 200 19 1.315665 0.882640248842 0.500000004672 0.120751926429 -0.866437650571
10.3 200 19 1.309443 0.881608097137 0.500000004577 0.109262487998 -0.866771502928
10.4 200 19 1.306731 0.880579744581 0.500000004479 0.0977972147632 -0.866954586052
10.5 200 19 1.28938 0.87955556474 0.500000004379 0.0863579817992 -0.866988218602
10.6 200 19 1.282932 0.878535928368 0.500000004276 0.0749465832296 -0.866873717582
10.7 200 19 1.289021 0.877521187441 0.500000004165 0.0635647435023 -0.866612379004
10.8 200 19 1.282493 0.876511679421 0.500000004045 0.0522140960614 -0.866205524059
10.9 200 19 1.31747 0.875507722897 0.500000003911 0.0408961942159 -0.865654467403
11 200 19 1.311416 0.874509613773 0.500000003758 0.0296125177953 -0.864960509389
11.1 200 19 1.305965 0.873517623126 0.500000003582 0.0183644741288 -0.864124929467
11.2 200 19 1.284062 0.872531998814 0.500000003379 0.00715340444185 -0.863148983843
11.3 200 19 1.248532 0.871552956253 0.500000003146 -0.00401940974995 -0.862033895183
11.4 200 19 1.242288 0.870580684564 0.500000002884 -0.01515274209 -0.860780853619
11.5 200 19 1.246289 0.86961533994 0.500000002593 -0.0262454151918 -0.859391009099
11.6 200 19 1.242836 0.868657048007 0.500000002279 -0.0372962937068 -0.857865471086
11.7 200 19 1.236693 0.867705901938 0.500000001948 -0.0483042780718 -0.856205305343
11.8 200 19 1.23574 0.866761962654 0.500000001609 -0.0592682975998 -0.854411532672
11.9 200 19 1.237358 0.865825258401 0.500000001276 -0.0701873043196 -0.852485128308
12 200 19 1.239105 0.864895785733 0.500000000963 -0.0810602655034 -0.850427021912
12.1 200 19 1.235882 0.863973523083 0.500000000684 -0.0918861705481 -0.848238112275
12.2 200 19 1.237797 0.863058390558 0.500000000457 -0.102663987742 -0.845919226479
12.3 200 19 1.233288 0.862150293197 0.500000000296 -0.113392693691 -0.843471165267
12.4 200 19 1.239418 0.861249107355 0.500000000215 -0.124071256977 -0.840894690409
12.5 200 19 1.267076 0.860354682648 0.500000000223 -0.134698631939 -0.8381905284
12.6 200 19 1.254571 0.859466845127 0.500000000324 -0.145273755095 -0.835359374937
12.7 200 19 1.264791 0.858585397144 0.50000000052 -0.155795539833 -0.832401897937
12.8 200 19 1.248944 0.857710121192 0.500000000806 -0.166262873354 -0.829318743281
12.9 200 19 1.252154 0.856840781571 0.500000001133 -0.176674613689 -0.826110539027
13 200 19 1.261046 0.855977126462 0.500000001457 -0.187029586443 -0.822777900919
13.1 200 19 1.25885 0.855118890795 0.500000001719 -0.19732658378 -0.819321437305
13.2 200 19 1.263378 0.854265798964 0.50000000185 -0.207564362624 -0.815741755488
13.3 200 19 1.259841 0.853417566998 0.500000001769 -0.217741644158 -0.812039466179
13.4 200 19 1.251024 0.852573905489 0.500000001399 -0.227857113908 -0.808215189885
13.5 200 19 1.247028 0.851734522005 0.500000000665 -0.237909422191 -0.804269561694
13.6 200 19 1.265495 0.850899123902 0.499999999509 -0.247897185401 -0.800203237255
13.7 200 19 1.277675 0.850067420974 0.499999997938 -0.257818988054 -0.796016897618
13.8 200 19 1.267649 0.849239127081 0.499999995988 -0.267673384862 -0.79171125382
13.9 200 19 1.263393 0.848413963136 0.499999993754 -0.277458902602 -0.787287050967
14 200 19 1.271269 0.847591660108 0.499999991393 -0.287174045651 -0.782745073992
14.1 200 19 1.280345 0.84677195923 0.499999989117 -0.296817297065 -0.778086149008
14.2 200 19 1.270381 0.845954615731 0.499999987162 -0.306387124704 -0.773311148844
14.3 200 19 1.263119 0.845139400016 0.499999985766 -0.315881986305 -0.768420993494
14.4 200 19 1.26928 0.844326098097 0.499999985125 -0.325300328639 -0.763416654676
14.5 200 19 1.274089 0.843514515359 0.499999985364 -0.334640598214 -0.758299155973
14.6 200 19 1.265598 0.842704475744 0.499999986504 -0.343901244788 -0.753069575103
14.7 200 19 1.261608 0.841895823827 0.499999988463 -0.353080724315 -0.747729043644
14.8 200 19 1.259699 0.841088425589 0.499999991055 -0.362177505705 -0.7422787475
14.9 200 19 1.261329 0.840282168873 0.499999994016 -0.371190075839 -0.73671992674
15 200 19 1.255544 0.839476963105 0.499999997037 -0.380116942965 -0.731053873743
15.1 200 19 1.262562 0.838672740341 0.499999999798 -0.388956642924 -0.725281933177
15.2 200 19 1.255094 0.837869455935 0.500000002005 -0.397707744291 -0.719405498062
15.3 200 19 1.252432 0.837067085884 0.500000003416 -0.406368848128 -0.713426009825
15.4 200 19 1.254642 0.836265627622 0.50000000388 -0.414938596487 -0.707344952336
15.5 200 19 1.249913 0.835465100901 0.500000003324 -0.423415674158 -0.701163854036
15.6 200 19 1.255136 0.834665545735 0.500000001778 -0.431798812472 -0.694884279099
15.7 200 19 1.254068 0.833867020815 0.499999999376 -0.440086791677 -0.688507825877
15.8 200 19 1.250806 0.833069602942 0.499999996311 -0.448278442989 -0.682036122523
15.9 200 19 1.252743 0.832273386464 0.499999992861 -0.456372651094 -0.675470822874
16 200 19 1.251338 0.831478480551 0.499999989309 -0.464368354997 -0.668813602177
16.1 200 19 1.253436 0.830685008689 0.499999985991 -0.472264549448 -0.662066152609
16.2 200 19 1.255788 0.829893105331 0.499999983177 -0.480060287628 -0.655230174954
16.3 200 19 1.261513 0.829102917859 0.499999981106 -0.487754673044 -0.648307385494
16.4 200 19 1.26436 0.828314601855 0.49999997994 -0.495346868057 -0.6412995005
16.5 200 19 1.247252 0.827528314297 0.499999979765 -0.502836090233 -0.634208226701
16.6 200 19 1.257149 0.826744226671 0.49999998056 -0.510221609813 -0.627035280145
16.7 200 19 1.250602 0.825962506828 0.499999982225 -0.517502743651 -0.619782362071
16.8 200 19 1.246899 0.825183332089 0.499999984562 -0.524678865464 -0.61245116732
16.9 200 19 1.26097 0.82440687467 0.49999998732 -0.531749393104 -0.60504337025
17 200 19 1.273695 0.823633299461 0.499999990211 -0.538713787834 -0.597560618278
17.1 200 19 1.235341 0.822862778654 0.499999992927 -0.545571553642 -0.590004554148
17.2 200 19 1.23315 0.822095469038 0.499999995188 -0.552322228111 -0.582376784987
17.3 200 19 1.22934 0.821331529189 0.49999999676 -0.558965390461 -0.574678899597
17.4 200 19 1.227813 0.820571105005 0.499999997481 -0.565500647383 -0.566912455827
17.5 200 19 1.226101 0.819814332524 0.499999997284 -0.571927632624 -0.559078983262
17.6 200 19 1.22314 0.819061337058 0.499999996194 -0.578246003698 -0.551179982597
17.7 200 19 1.227787 0.818312231689 0.499999994318 -0.584455437639 -0.543216925229
17.8 200 19 1.226511 0.817567116474 0.499999991838 -0.590555627546 -0.535191253592
17.9 200 19 1.222934 0.816826077733 0.499999988976 -0.596546278972 -0.527104381442
18 200 19 1.064112 0.816089186962 0.499999985984 -0.602427106274 -0.518957694938
18.1 200 19 0.934286 0.81535649992 0.499999983121 -0.608197829296 -0.510752553988
18.2 200 19 0.915144 0.814628059723 0.49999998061 -0.613858172085 -0.50249029371
18.3 200 19 0.906219 0.813903890057 0.49999997864 -0.619407855284 -0.494172227573
18.4 200 19 0.909847 0.813183996953 0.499999977349 -0.624846597014 -0.485799645279
18.5 200 19 0.906147 0.812468373915 0.499999976838 -0.630174127036 -0.477373802443
18.6 200 19 0.890984 0.811756993127 0.499999977128 -0.635390147373 -0.468895947675
18.7 200 19 0.952179 0.811049815698 0.499999978185 -0.640494369635 -0.460367310555
18.8 200 19 0.964879 0.810346792928 0.4999999799 -0.645486457587 -0.451789163388
18.9 200 19 0.966366 0.80964784647 0.499999982154 -0.650366077271 -0.443162729376
19 200 19 0.969086 0.808952898494 0.49999998479 -0.655132893667 -0.434489242725
19.1 200 19 0.967581 0.808261854848 0.49999998763 -0.659786560077 -0.425769925651
19.2 200 19 1.192254 0.80757460798 0.499999990478 -0.66432671639 -0.417006009732
19.3 200 19 1.161688 0.806891042358 0.49999999315 -0.668752993302 -0.408198732528
19.4 200 19 0.987069 0.806211029513 0.499999995523 -0.673065010117 -0.399349333745
19.5 200 19 1.115973 0.805534434663 0.499999997477 -0.677262377959 -0.390459068528
19.6 200 19 0.960183 0.804861111743 0.499999998909 -0.681344695567 -0.381529204319
19.7 200 19 0.966635 0.804190917071 0.499999999789 -0.685311563998 -0.372561028118
19.8 200 19 0.960473 0.803523698916 0.500000000133 -0.689162580036 -0.363555845175
19.9 200 19 0.963595 0.802859301879 0.500000000011 -0.692897337368 -0.354514981006
20 200 19 0.96241 0.802197569833 0.499999999527 -0.696515430792 -0.345439783756
20.1 200 19 0.963298 0.801538346183 0.499999998824 -0.700016459412 -0.336331625267
20.2 200 19 0.962298 0.800881475424 0.499999998025 -0.703400029151 -0.327191902327
20.3 200 19 1.003374 0.800226804463 0.499999997263 -0.706665755922 -0.318022037257
20.4 200 19 1.333463 0.799574184229 0.499999996643 -0.709813268441 -0.308823478349
20.5 200 19 1.354806 0.798923470502 0.499999996241 -0.712842211342 -0.299597699829
20.6 200 19 1.292857 0.798274525073 0.499999996099 -0.715752247883 -0.290346201571
20.7 200 19 1.015526 0.797627218224 0.499999996222 -0.718543066324 -0.281070504997
20.8 200 19 1.145298 0.796981427402 0.499999996583 -0.721214373935 -0.271772162366
20.9 200 19 1.198907 0.796337039885 0.499999997125 -0.723765907773 -0.262452744284
21 200 19 1.211385 0.79569394973 0.49999999777 -0.726197430211 -0.253113843992
21.1 200 19 1.151118 0.795052068004 0.499999998451 -0.72850874548 -0.243757074688
21.2 200 19 1.141692 0.794411313935 0.499999999096 -0.730699687234 -0.234384065748
21.3 200 19 0.977384 0.79377161858 0.499999999648 -0.732770125169 -0.224996461598
21.4 200 19 0.991749 0.793132926274 0.500000000088 -0.734719967723 -0.215595922999
21.5 200 19 0.988289 0.792495191631 0.500000000413 -0.73654916234 -0.206184113855
21.6 200 19 1.090327 0.791858381918 0.500000000652 -0.738257696899 -0.196762708528
21.7 200 19 1.141658 0.791222477661 0.500000000855 -0.739845601563 -0.187333385129
21.8 200 19 0.988233 0.790587472681 0.500000001081 -0.741312948283 -0.17789782364
21.9 200 19 0.984383 0.789953371491 0.5000000014 -0.742659851605 -0.168457701066
22 200 19 0.986463 0.789320191158 0.500000001872 -0.743886467052 -0.159014691319
22.1 200 19 0.982103 0.788687958098 0.500000002552 -0.744992987628 -0.149570468151
22.2 200 19 0.9812 0.788056722958 0.500000003471 -0.745979664786 -0.140126701498
22.3 200 19 0.976036 0.787426527655 0.500000004633 -0.746846770691 -0.130685010378
22.4 200 19 0.973085 0.786797431154 0.500000006021 -0.74759462285 -0.121247020675
22.5 200 19 0.973543 0.786169500949 0.500000007593 -0.748223575989 -0.111814339847
22.6 200 19 0.980431 0.785542817252 0.500000009286 -0.748734025518 -0.102388555179
22.7 200 19 0.977031 0.784917464811 0.50000001103 -0.74912639827 -0.0929712279566
22.8 200 19 0.974675 0.784293526765 0.500000012736 -0.74940114154 -0.0835638958739
22.9 200 19 0.97187 0.783671096925 0.50000001433 -0.749558738698 -0.074168076352
23 200 19 0.977325 0.783050274245 0.500000015751 -0.749599701792 -0.0647852591158
23.1 200 19 0.978122 0.782431158082 0.500000016948 -0.749524564075 -0.0554168972926
23.2 200 19 0.996613 0.781813849074 0.500000017899 -0.749333879817 -0.0460644177922
23.3 200 19 0.974889 0.78119845692 0.500000018618 -0.74902823301 -0.0367292241355
23.4 200 19 0.976366 0.780585077465 0.500000019103 -0.74860820656 -0.0274126779089
23.5 200 19 0.976183 0.779973811706 0.500000019434 -0.748074404497 -0.018116116574
23.6 200 19 0.976357 0.779364757524 0.500000019705 -0.747427441234 -0.00884084750122
23.7 200 19 0.979878 0.778758009377 0.500000019995 -0.746667939917 0.000411851039006
23.8 200 19 0.977681 0.778153657307 0.500000020436 -0.745796529081 0.00964072913327
23.9 200 19 0.975508 0.777551784851 0.500000021124 -0.744813840023 0.0188445549564
24 200 19 0.975094 0.776952471271 0.50000002216 -0.743720507711 0.028022141242
24.1 200 19 0.980345 0.77635578813 0.500000023544 -0.742517165277 0.0371723159132
24.2 200 19 0.993118 0.775761798667 0.500000025307 -0.741204443383 0.0462939297707
24.3 200 19 0.983074 0.775170558644 0.500000027431 -0.739782969037 0.0553858544509
24.4 200 19 0.976882 0.774582114791 0.500000029869 -0.738253364221 0.0644469806194
24.5 200 19 0.968609 0.773996505068 0.500000032548 -0.736616244835 0.0734762157478
24.6 200 19 0.976666 0.773413758153 0.500000035368 -0.734872219835 0.0824724821428
24.7 200 19 0.98204 0.772833893972 0.500000038192 -0.733021890896 0.0914347145809
24.8 200 19 0.98888 0.772256927571 0.500000040883 -0.731065852985 0.10036186799
24.9 200 19 1.206579 0.771682854851 0.5000000433 -0.72900469095 0.109252885709
25 200 19 1.109563 0.771111666471 0.500000045319 -0.726838983376 0.118106727025
25.1 200 19 1.00876 0.770543343575 0.500000046825 -0.724569301334 0.126922355697
25.2 200 19 1.035865 0.769977858987 0.500000047755 -0.722196211008 0.13569873608
25.3 200 19 1.070197 0.769415175792 0.50000004809 -0.719720272342 0.144434832713
25.4 200 19 0.97533 0.768855247726 0.50000004786 -0.717142041148 0.153129608389
25.5 200 19 0.9693 0.768298021324 0.500000047154 -0.714462070504 0.16178202224
25.6 200 19 1.099519 0.767743438396 0.500000046111 -0.71168091736 0.170391030462
25.7 200 19 1.169704 0.767191425922 0.500000044897 -0.708799128155 0.17895557928
25.8 200 19 0.981603 0.766641908877 0.500000043714 -0.705817256881 0.187474609399
25.9 200 19 0.983497 0.766094807812 0.50000004277 -0.702735864649 0.195947050095
26 200 19 1.010802 0.765550035438 0.500000042253 -0.699555512011 0.20437182879
26.1 200 19 0.982128 0.765007508378 0.500000042316 -0.696276780219 0.212747858507
26.2 200 19 1.034759 0.764467114527 0.500000043065 -0.692900220968 0.22107405971
26.3 200 19 0.975163 0.763928769679 0.500000044535 -0.689426443032 0.22934932862
26.4 200 19 0.952383 0.763392379726 0.500000046697 -0.685856058671 0.23757254148
26.5 200 19 0.971603 0.762857846424 0.500000049442 -0.68218969098 0.245742579044
26.6 200 19 0.95294 0.762325072513 0.500000052622 -0.678427981981 0.253858308059
26.7 200 19 1.000661 0.761793964668 0.500000056042 -0.674571593959 0.261918602551
26.8 200 19 1.287933 0.761264426877 0.50000005949 -0.670621207783 0.269922325337
26.9 200 19 1.025038 0.76073637451 0.500000062712 -0.666577540562 0.277868328583
27 200 19 1.063069 0.760209713591 0.500000065516 -0.66244130949 0.285755477153
27.1 200 19 1.271493 0.759684356631 0.500000067734 -0.658213261595 0.293582627693
27.2 200 19 1.150534 0.759160229685 0.500000069294 -0.653894184455 0.301348638923
27.3 200 19 1.314042 0.758637255431 0.500000070064 -0.64948488016 0.309052373129
27.4 200 19 1.331526 0.758115371514 0.500000070041 -0.644986190531 0.316692698597
27.5 200 19 1.295275 0.757594518727 0.500000069288 -0.640398980669 0.324268490668
27.6 200 19 1.019721 0.757074642589 0.500000067925 -0.635724139476 0.331778635291
27.7 200 19 1.101857 0.756555699933 0.50000006612 -0.630962589117 0.339222032534
27.8 200 19 1.008648 0.756037649504 0.500000064074 -0.626115273256 0.34659759136
27.9 200 19 1.041852 0.755520459222 0.500000062016 -0.621183161459 0.353904242369
28 200 19 1.163662 0.755004109997 0.50000006017 -0.616167261882 0.361140925908
28.1 200 19 1.291261 0.754488584799 0.500000058747 -0.611068601338 0.368306602204
28.2 200 19 1.296548 0.753973878351 0.500000057925 -0.60588822508 0.375400265791
28.3 200 19 1.294982 0.753459993211 0.500000057835 -0.600627205302 0.382420926913
28.4 200 19 1.294505 0.752946943456 0.500000058549 -0.595286647677 0.389367619992
28.5 200 19 1.291182 0.752434751932 0.500000060068 -0.58986767748 0.396239406048
28.6 200 19 1.302361 0.751923429817 0.500000062325 -0.584371405358 0.403035376272
28.7 200 19 1.293729 0.751413020932 0.500000065185 -0.578799007108 0.409754640153
28.8 200 19 1.170753 0.750903548587 0.500000068453 -0.573151618532 0.416396352356
28.9 200 19 1.071116 0.75039505686 0.500000071891 -0.567430418386 0.422959687321
29 200 19 1.300767 0.749887592133 0.500000075236 -0.561636588974 0.429443852473
29.1 200 19 1.303295 0.749381206949 0.500000078225 -0.555771324265 0.435848083953
29.2 200 19 1.156256 0.748875957409 0.500000080616 -0.549835824574 0.442171648041
29.3 200 19 1.316229 0.74837190353 0.500000082211 -0.543831294651 0.448413841009
29.4 200 19 1.319018 0.747869108305 0.500000082882 -0.537758936408 0.454573994711
29.5 200 19 1.333216 0.747367635694 0.50000008258 -0.531619962957 0.460651457714
29.6 200 19 1.314473 0.746867551033 0.500000081342 -0.525415579507 0.466645612954
29.7 200 19 1.091789 0.74636892134 0.500000079286 -0.519146990924 0.47255587068
29.8 200 19 1.055004 0.74587181376 0.500000076604 -0.512815398024 0.478381667299
29.9 200 19 1.049014 0.745376293048 0.500000073548 -0.506421993244 0.484122463612
30 200 19 1.348642 0.744882423051 0.500000070404 -0.499967963434 0.489777743946
30.1 200 19 1.141752 0.74439026472 0.500000067467 -0.493454486735 0.495347014656
30.2 200 19 1.011392 0.743899877791 0.500000065014 -0.486882733927 0.500829802314
30.3 200 19 1.325032 0.743411317719 0.500000063291 -0.480253865431 0.506225652432
30.4 200 19 1.381034 0.742924636612 0.500000062449 -0.47356903178 0.511534127416
30.5 200 19 1.368187 0.742439880936 0.500000062569 -0.466829372922 0.516754805584
30.6 200 19 0.996403 0.741957092831 0.500000063642 -0.460036018403 0.521887278907
30.7 200 19 1.003932 0.741476308981 0.500000065572 -0.453190087322 0.526931151454
30.8 200 19 1.010118 0.740997560275 0.500000068184 -0.446292688501 0.531886037852
30.9 200 19 1.359491 0.740520871556 0.500000071239 -0.439344921022 0.536751561693
31 200 19 1.289768 0.740046261533 0.500000074458 -0.432347874875 0.541527354117
31.1 200 19 1.382822 0.739573742252 0.500000077542 -0.425302631402 0.546213052449
31.2 200 19 1.371007 0.739103319096 0.5000000802 -0.418210264376 0.550808298888
31.3 200 19 1.386189 0.738634990961 0.500000082175 -0.411071841093 0.555312739441
31.4 200 19 1.359697 0.738168748269 0.500000083262 -0.403888418191 0.559726023994
31.5 200 19 1.330448 0.737704579055 0.500000083329 -0.396661059297 0.5640478015
31.6 200 19 1.326243 0.737242460628 0.500000082326 -0.389390818087 0.568277724503
31.7 200 19 1.314874 0.736782365601 0.500000080291 -0.382078747753 0.572415445895
31.8 200 19 1.294621 0.736324258585 0.500000077345 -0.374725895277 0.576460620538
31.9 200 19 1.309016 0.735868092353 0.500000073687 -0.367333313902 0.580412890653
32 200 19 1.32916 0.735413831924 0.500000069575 -0.35990206775 0.584271919962
32.1 200 19 1.33454 0.734961429631 0.500000065287 -0.352433217681 0.588037363362
32.2 200 19 1.319119 0.734510835097 0.500000061149 -0.344927829954 0.591708876873
32.3 200 19 1.32651 0.7340619929 0.500000057464 -0.337386971995 0.595286118958
32.4 200 19 1.334353 0.733614846524 0.500000054493 -0.329811729771 0.5987687482
32.5 200 19 1.335003 0.733169334965 0.500000052439 -0.322203192801 0.602156427377
32.6 200 19 1.337192 0.73272539381 0.500000051425 -0.314562460428 0.605448823037
32.7 200 19 1.334011 0.732282955922 0.500000051484 -0.306890637456 0.608645607851
32.8 200 19 1.303782 0.7318419509 0.500000052553 -0.29918884883 0.611746453495
32.9 200 19 1.331282 0.731402311381 0.50000005448 -0.29145822947 0.614751045468
33 200 19 1.339395 0.730963972343 0.500000057031 -0.283699928022 0.61765908312
33.1 200 19 1.328893 0.730526872049 0.50000005993 -0.27591510896 0.620470275544
33.2 200 19 1.331553 0.730090940899 0.500000062825 -0.268104943397 0.62318433359
33.3 200 19 1.335212 0.729656120813 0.500000065381 -0.260270627073 0.625800991571
33.4 200 19 1.336257 0.729222345166 0.500000067287 -0.252413351756 0.628319988494
33.5 200 19 1.334751 0.728789555646 0.500000068282 -0.244534330768 0.630741084251
33.6 200 19 1.325685 0.728357697081 0.500000068181 -0.23663478932 0.633064055836
33.7 200 19 1.318702 0.727926710648 0.500000066894 -0.228715946009 0.635288694134
33.8 200 19 1.328189 0.727496552773 0.500000064431 -0.220779064466 0.637414813019
33.9 200 19 1.319423 0.727067181641 0.500000060907 -0.212825400391 0.639442251248
34 200 19 1.329266 0.726638560407 0.50000005653 -0.204856223582 0.641370867188
34.1 200 19 1.30898 0.726210662532 0.500000051585 -0.196872811784 0.643200551001
34.2 200 19 1.307099 0.725783461519 0.500000046399 -0.188876445556 0.644931209864
34.3 200 19 1.315203 0.725356937715 0.500000041316 -0.18086841123 0.646562776188
34.4 200 19 1.318389 0.72493107463 0.5000000367 -0.172849997566 0.648095207811
34.5 200 19 1.315271 0.724505862871 0.500000032864 -0.164822495305 0.649528488086
34.6 200 19 1.314954 0.724081298489 0.500000030035 -0.156787196855 0.650862627171
34.7 200 19 1.316451 0.723657383857 0.500000028353 -0.148745392857 0.652097661485
34.8 200 19 1.314166 0.723234126872 0.500000027857 -0.140698371445 0.653233653743
34.9 200 19 1.310704 0.722811542566 0.500000028475 -0.132647415488 0.654270691895
35 200 19 1.316638 0.722389650682 0.500000030039 -0.124593806577 0.655208896986
35.1 200 19 1.303188 0.721968472995 0.500000032288 -0.116538812845 0.656048402596
35.2 200 19 1.308526 0.721548034478 0.500000034891 -0.108483698142 0.656789373827
35.3 200 19 1.312682 0.721128371831 0.50000003749 -0.100429716868 0.657432005046
35.4 200 19 1.341087 0.720709520036 0.500000039708 -0.0923781093954 0.657976500484
35.5 200 19 1.341948 0.720291516041 0.500000041247 -0.0843301047546 0.658423094331
35.6 200 19 1.333267 0.719874403621 0.50000004184 -0.0762869257619 0.658772041383
35.7 200 19 1.380239 0.719458227243 0.500000041261 -0.068249768187 0.659023614332
35.8 200 19 1.340251 0.719043034457 0.500000039404 -0.0602198193586 0.659178104903
35.9 200 19 1.337309 0.718628875304 0.500000036272 -0.0521982504819 0.65923582337
36 200 19 1.339384 0.718215799231 0.500000031949 -0.0441862180096 0.659197092258
36.1 200 19 1.339385 0.717803857225 0.500000026667 -0.0361848613753 0.659062249859
36.2 200 19 1.359023 0.717393100133 0.500000020715 -0.0281953035757 0.658831647263
36.3 200 19 1.346806 0.716983578564 0.500000014466 -0.0202186511576 0.658505646907
36.4 200 19 1.391145 0.716575341965 0.500000008269 -0.0122559942833 0.658084621125
36.5 200 19 1.385181 0.71616844132 0.500000002476 -0.00430840547111 0.657568956004
36.6 200 19 1.352558 0.715762925899 0.499999997468 0.00362304792976 0.65695904354
36.7 200 19 1.406491 0.715358833714 0.499999993476 0.0115373301147 0.656255269343
36.8 200 19 1.345191 0.714956216346 0.499999990703 0.0194333988556 0.655458050253
36.9 200 19 1.349568 0.714555099375 0.499999989247 0.0273102557131 0.654567770818
37 200 19 1.337142 0.714155518162 0.499999989048 0.0351668951319 0.653584838764
37.1 200 19 1.334061 0.713757501942 0.499999989959 0.043002326923 0.652509661872
37.2 200 19 1.361294 0.713361078668 0.49999999172 0.0508155707836 0.651342650941
37.3 200 19 1.391831 0.712966270045 0.499999994023 0.0586056567654 0.650084216832
37.4 200 19 1.36545 0.71257309146 0.499999996505 0.0663716247379 0.648734769607
37.5 200 19 1.408339 0.712181556718 0.499999998756 0.0741125201538 0.647294721501
37.6 200 19 1.358095 0.71179167409 0.500000000388 0.0818273944388 0.64576448478
37.7 200 19 1.359416 0.711403446016 0.50000000108 0.0895153051253 0.644144471202
37.8 200 19 1.32974 0.711016872185 0.500000000593 0.097175312096 0.642435095373
37.9 200 19 1.341701 0.710631943267 0.499999998767 0.104806481361 0.640636767336
38 200 19 1.37228 0.710248647635 0.499999995567 0.112407878879 0.638749900516
38.1 200 19 1.376033 0.709866967845 0.499999991078 0.119978571716 0.636774909831
38.2 200 19 1.373289 0.709486882615 0.499999985492 0.127517626679 0.634712212276
38.3 200 19 1.38441 0.709108365633 0.49999997911 0.135024109717 0.63256222761
38.4 200 19 1.373944 0.708731386406 0.499999972305 0.142497080502 0.630325381374
38.5 200 19 1.349674 0.708355911209 0.499999965501 0.149935605612 0.628002099705
38.6 200 19 1.347807 0.707981905358 0.499999959103 0.157338743065 0.625592819416
38.7 200 19 1.342139 0.707609325871 0.499999953491 0.16470554806 0.623097980448
38.8 200 19 1.35317 0.707238128786 0.499999948978 0.17203507497 0.620518028808
38.9 200 19 1.356913 0.706868270453 0.499999945774 0.179326373238 0.617853422299
39 200 19 1.34102 0.706499694889 0.499999943995 0.186578486774 0.615104626884
39.1 200 19 1.335303 0.706132355493 0.49999994363 0.193790458831 0.612272120504
39.2 200 19 1.330494 0.705766200914 0.499999944545 0.200961328303 0.609356393464
39.3 200 19 1.298673 0.705401178661 0.499999946515 0.208090131487 0.606357949753
39.4 200 19 1.291435 0.705037238507 0.499999949186 0.215175903704 0.603277306833
39.5 200 19 1.293279 0.704674324678 0.499999952161 0.222217676201 0.600114999192
39.6 200 19 1.306374 0.704312384801 0.499999955001 0.229214480848 0.59687157711
39.7 200 19 1.298948 0.703951367204 0.499999957314 0.23616534977 0.593547607966
39.8 200 19 1.294455 0.703591222053 0.499999958743 0.243069316227 0.590143677499
39.9 200 19 1.314494 0.703231902364 0.49999995903 0.24992541596 0.586660389975
40 200 19 1.309964 0.702873365119 0.499999957974 0.256732688357 0.583098368824
40.1 200 19 1.326545 0.702515570912 0.499999955496 0.263490177664 0.579458256933
40.2 200 19 1.312026 0.702158483143 0.499999951682 0.270196933905 0.575740716474
40.3 200 19 1.302384 0.701802065854 0.499999946715 0.276852013218 0.571946430311
40.4 200 19 1.303354 0.70144628901 0.499999940904 0.283454481616 0.568076099842
40.5 200 19 1.310949 0.701091124338 0.499999934594 0.290003413881 0.564130446981
40.6 200 19 1.286875 0.700736547269 0.499999928199 0.296497895713 0.560110213453
40.7 200 19 1.278789 0.700382536284 0.499999922133 0.302937024318 0.556016161283
40.8 200 19 1.245701 0.70002907588 0.499999916822 0.30931991167 0.551849069101
40.9 200 19 1.144596 0.699676154184 0.499999912618 0.315645683637 0.547609734841
41 200 19 1.117268 0.699323763525 0.499999909784 0.32191348178 0.543298973639
41.1 200 19 1.205453 0.698971900697 0.499999908488 0.328122464359 0.538917617367
41.2 200 19 1.056183 0.698620566688 0.499999908738 0.334271807277 0.534466513407
41.3 200 19 1.000755 0.698269766663 0.499999910429 0.340360704943 0.529946523769
41.4 200 19 0.948332 0.697919509205 0.499999913331 0.346388370879 0.525358524442
41.5 200 19 0.945866 0.697569808172 0.4999999171 0.352354038551 0.520703403087
41.6 200 19 0.938392 0.69722068013 0.499999921337 0.358256961814 0.515982058345
41.7 200 19 0.940078 0.69687214514 0.499999925596 0.364096415148 0.511195398999
41.8 200 19 0.94051 0.696524226578 0.499999929431 0.369871694039 0.506344342501
41.9 200 19 0.937616 0.696176950524 0.499999932438 0.375582115014 0.501429813541
42 200 19 0.93613 0.695830345768 0.499999934289 0.381227015716 0.496452742921
42.1 200 19 0.939509 0.69548444324 0.499999934775 0.386805754773 0.491414066232
42.2 200 19 0.937175 0.695139275862 0.49999993378 0.39231771151 0.486314722644
42.3 200 19 0.933535 0.694794877441 0.499999931338 0.397762285339 0.481155654019
42.4 200 19 0.937609 0.694451284029 0.499999927598 0.40313889618 0.47593780291
42.5 200 19 0.937286 0.694108531931 0.499999922854 0.408446982893 0.470662112357
42.6 200 19 0.933179 0.693766657735 0.49999991748 0.413686002897 0.465329524541
42.7 200 19 0.940179 0.693425698209 0.49999991191 0.418855431527 0.45994098014
42.8 200 19 0.935069 0.693085689698 0.499999906598 0.423954761128 0.454497417342
42.9 200 19 0.998048 0.692746667834 0.499999901996 0.428983500169 0.44899977108
43 200 19 1.171678 0.692408667022 0.499999898461 0.433941172306 0.443448972833
43.1 200 19 0.9733 0.692071720296 0.49999989628 0.438827315374 0.437845949761
43.2 200 19 0.978841 0.691735858899 0.49999989561 0.443641480393 0.432191624509
43.3 200 19 0.977703 0.691401111896 0.499999896519 0.448383230484 0.426486914873
43.4 200 19 1.266219 0.691067506132 0.49999989893 0.453052139903 0.420732733822
43.5 200 19 1.271947 0.690735065945 0.499999902643 0.457647793056 0.414929989487
43.6 200 19 0.968901 0.690403810992 0.499999907354 0.462169783165 0.409079583817
43.7 200 19 0.971743 0.690073761075 0.499999912677 0.466617711983 0.403182416949
43.8 200 19 0.973593 0.689744931204 0.499999918181 0.470991188326 0.397239383366
43.9 200 19 1.224128 0.689417333118 0.499999923439 0.475289827383 0.391251373727
44 200 19 1.117408 0.689090974853 0.499999928009 0.479513249887 0.385219275316
44.1 200 19 0.989442 0.688765862027 0.499999931529 0.483661080385 0.379143972695
44.2 200 19 0.984943 0.688441994528 0.499999933717 0.487732949548 0.373026348071
44.3 200 19 0.997977 0.688119369994 0.499999934429 0.491728491575 0.366867283428
44.4 200 19 1.243531 0.687797982235 0.499999933643 0.495647343402 0.360667659363
44.5 200 19 1.215958 0.687477822229 0.499999931465 0.499489145185 0.354428357115
44.6 200 19 1.047497 0.687158874762 0.499999928127 0.503253539121 0.348150257518
44.7 200 19 1.169621 0.686841126317 0.499999923969 0.506940171249 0.341834246061
44.8 200 19 0.988724 0.686524557889 0.499999919408 0.510548689723 0.335481209645
44.9 200 19 0.983776 0.686209147423 0.499999914917 0.514078745441 0.329092038838
45 200 19 1.042754 0.685894867552 0.499999910939 0.517529992454 0.322667627246
45.1 200 19 1.106856 0.685581697415 0.499999907877 0.520902090659 0.316208875652
45.2 200 19 0.985266 0.685269602541 0.499999906072 0.524194697587 0.30971668962
45.3 200 19 0.992344 0.684958555268 0.499999905783 0.52740747922 0.303191985002
45.4 200 19 0.986247 0.684648521551 0.499999907132 0.530540104285 0.296635681749
45.5 200 19 0.963393 0.684339468036 0.499999910067 0.533592249764 0.290048709237
45.6 200 19 0.981942 0.684031362822 0.499999914404 0.536563597711 0.283432005105
45.7 200 19 0.98211 0.683724170083 0.49999991986 0.539453837022 0.276786515504
45.8 200 19 0.975319 0.683417854785 0.499999926046 0.542262664913 0.270113196319
45.9 200 19 0.98168 0.683112381306 0.499999932512 0.544989786892 0.263413011588
46 200 19 0.977493 0.682807714813 0.499999938788 0.547634918544 0.25668693548
46.1 200 19 0.98572 0.682503820284 0.499999944424 0.550197786294 0.249935952339
46.2 200 19 0.97626 0.682200664985 0.499999949032 0.55267812705 0.243161054281
46.3 200 19 0.971701 0.681898217406 0.499999952318 0.555075690856 0.23636324373
46.4 200 19 0.973023 0.68159644888 0.499999954131 0.557390240016 0.229543531157
46.5 200 19 0.98803 0.681295329874 0.499999954374 0.559621558339 0.222702937617
46.6 200 19 0.98911 0.680994834048 0.499999953169 0.561769431452 0.215842487696
46.7 200 19 0.981095 0.680694934354 0.499999950734 0.56383367005 0.208963215408
46.8 200 19 0.9825 0.680395612727 0.499999947387 0.565814102348 0.202066165094
46.9 200 19 1.144578 0.680096848163 0.49999994352 0.56771056886 0.195152382703
47 200 19 1.182106 0.679798620915 0.499999939566 0.569522928474 0.188222917683
47.1 200 19 1.257203 0.679500922381 0.49999993599 0.571251063768 0.181278831827
47.2 200 19 1.294277 0.679203747761 0.499999933182 0.572894873319 0.174321186782
47.3 200 19 0.968799 0.678907090655 0.499999931508 0.574454270977 0.167351042343
47.4 200 19 0.962475 0.678610940347 0.499999931211 0.57592919022 0.160369456533
47.5 200 19 1.18893 0.678315298318 0.499999932434 0.577319587463 0.153377498083
47.6 200 19 1.334704 0.67802016116 0.499999935207 0.578625442308 0.146376227365
47.7 200 19 1.148958 0.677725548513 0.499999939418 0.579846741518 0.139366707551
47.8 200 19 0.974659 0.677431492969 0.499999944835 0.580983506505 0.132349979098
47.9 200 19 0.980519 0.677137975365 0.499999951132 0.582035767058 0.125327115593
48 200 19 0.985515 0.676845014144 0.499999957909 0.583003569005 0.118299163274
48.1 200 19 0.997373 0.676552618336 0.49999996472 0.583886976607 0.111267170693
48.2 200 19 1.0016 0.676260819127 0.499999971125 0.584686080637 0.10423217272
48.3 200 19 0.989207 0.675969628126 0.499999976719 0.585400981827 0.0971951992381
48.4 200 19 1.017116 0.675679075754 0.499999981156 0.586031791879 0.0901572744628
48.5 200 19 1.017144 0.675389189799 0.499999984185 0.586578645362 0.0831194210162
48.6 200 19 1.021918 0.675099978511 0.499999985707 0.587041692575 0.0760826396886
48.7 200 19 1.024836 0.674811477173 0.499999985694 0.587421096132 0.0690479326937
48.8 200 19 1.055861 0.674523718004 0.499999984306 0.587717023719 0.0620162873273
48.9 200 19 1.052784 0.674236722484 0.499999981813 0.587929664929 0.0549886827424
49 200 19 1.051286 0.673950511689 0.499999978585 0.588059223633 0.0479660877394
49.1 200 19 1.127974 0.673665125903 0.499999975064 0.58810589834 0.0409494588673
49.2 200 19 1.049031 0.673380584765 0.499999971726 0.588069905183 0.033939745114
49.3 200 19 1.055934 0.673096916284 0.499999969036 0.587951474176 0.02693788949
49.4 200 19 1.062768 0.672814148944 0.499999967388 0.587750836569 0.0199448231671
49.5 200 19 1.052594 0.672532295704 0.499999967099 0.587468234415 0.0129614623124
49.6 200 19 1.055645 0.672251384083 0.499999968378 0.587103910167 0.00598872084442
49.7 200 19 1.126912 0.671971439242 0.499999971282 0.586658132559 -0.000972500160546
49.8 200 19 1.162363 0.671692472543 0.499999975732 0.586131146071 -0.0079212983837
49.9 200 19 1.037744 0.671414505315 0.49999998152 0.585523208131 -0.0148567957151
50 200 19 0.998941 0.671137541512 0.499999988328 0.584834585418 -0.0217781117596
50.1 200 19 1.007824 0.670861590744 0.499999995756 0.584065547657 -0.0286843727001
50.2 200 19 1.015897 0.670586662916 0.500000003366 0.583216369406 -0.0355747063455
50.3 200 19 1.011145 0.670312761265 0.500000010712 0.58228732449 -0.0424482501762
50.4 200 19 0.998501 0.670039886929 0.500000017361 0.581278694249 -0.0493041437733
50.5 200 19 0.976827 0.669768041989 0.500000022999 0.580190759588 -0.0561415312307
50.6 200 19 0.964377 0.669497220249 0.500000027374 0.579023808738 -0.0629595594099
50.7 200 19 0.984618 0.669227410435 0.500000030307 0.577778130516 -0.0697573765415
50.8 200 19 0.970914 0.668958608869 0.500000031776 0.576454016343 -0.0765341294984
50.9 200 19 0.965967 0.668690799327 0.500000031865 0.575051764648 -0.0832889691886
51 200 19 0.969134 0.668423960674 0.500000030773 0.573571680755 -0.0900210437818
51.1 200 19 0.991114 0.668158080171 0.500000028818 0.572014071202 -0.0967295054852
51.2 200 19 0.970833 0.667893134544 0.500000026364 0.570379248917 -0.103413494191
51.3 200 19 1.005283 0.667629098922 0.500000023816 0.568667535195 -0.110072169541
51.4 200 19 0.99239 0.667365949772 0.500000021594 0.566879253416 -0.116704674378
51.5 200 19 0.983029 0.667103658382 0.500000020093 0.565014739964 -0.123310160057
51.6 200 19 0.979183 0.666842194652 0.500000019655 0.563074336502 -0.129887772269
51.7 200 19 0.979912 0.666581528316 0.500000020535 0.561058392685 -0.136436655535
51.8 200 19 0.981791 0.66632162745 0.500000022885 0.558967269948 -0.142955951768
51.9 200 19 1.211417 0.66606246019 0.500000026736 0.556801339475 -0.149444802739
52 200 19 1.274548 0.665803993834 0.500000031976 0.55456098303 -0.15590234784
52.1 200 19 1.280652 0.665546196043 0.5000000384 0.552246595175 -0.162327728298
52.2 200 19 1.280923 0.665289029599 0.500000045693 0.549858583426 -0.168720082064
52.3 200 19 0.960433 0.665032465903 0.50000005351 0.547397366154 -0.175078550362
52.4 200 19 0.958923 0.664776469247 0.500000061369 0.544863377336 -0.181402273187
52.5 200 19 0.962194 0.664521009171 0.500000068828 0.542257064003 -0.187690393367
52.6 200 19 0.962816 0.664266055797 0.500000075462 0.539578888084 -0.193942056022
52.7 200 19 0.968168 0.664011579232 0.50000008093 0.536829326635 -0.200156408163
52.8 200 19 0.969192 0.663757551727 0.500000085004 0.534008871894 -0.206332602136
52.9 200 19 1.185507 0.663503949108 0.500000087567 0.531118031046 -0.212469794128
53 200 19 1.284216 0.663250746613 0.500000088652 0.528157327663 -0.218567147685
53.1 200 19 1.287242 0.662997927056 0.500000088359 0.525127296477 -0.224623827404
53.2 200 19 1.117364 0.66274546601 0.500000086933 0.522028494798 -0.230639012144
53.3 200 19 0.974612 0.662493347727 0.500000084704 0.518861493454 -0.23661187946
53.4 200 19 0.966276 0.662241572419 0.500000082051 0.515626872396 -0.242541627963
53.5 200 19 0.964457 0.661990095354 0.500000079392 0.512325239381 -0.248427454593
53.6 200 19 0.968564 0.661738946093 0.500000077127 0.508957198774 -0.254268581165
53.7 200 19 0.975118 0.661488124357 0.500000075619 0.505523375224 -0.260064230825
53.8 200 19 0.976846 0.661237602106 0.500000075153 0.502024417619 -0.265813634548
53.9 200 19 0.973977 0.660987398778 0.500000075931 0.498460974206 -0.271516045029
54 200 19 0.966914 0.660737505316 0.500000078026 0.494833714691 -0.277170722376
54.1 200 19 0.968092 0.660487949832 0.500000081429 0.491143311457 -0.282776946235
54.2 200 19 0.983453 0.660238735168 0.500000086043 0.487390455241 -0.288334007073
54.3 200 19 0.997608 0.659989862681 0.500000091625 0.483575844845 -0.293841210732
54.4 200 19 0.982449 0.659741343323 0.500000097872 0.479700187036 -0.299297872043
54.5 200 19 0.979028 0.65949321064 0.500000104433 0.475764195114 -0.304703335581
54.6 200 19 0.983127 0.659245482625 0.500000110933 0.471768589483 -0.310056953129
54.7 200 19 0.977202 0.658998166794 0.500000117013 0.467714099578 -0.315358087717
54.8 200 19 0.975257 0.658751303925 0.500000122331 0.463601455828 -0.320606130824
54.9 200 19 0.942736 0.658504917515 0.500000126616 0.459431395564 -0.32580047898
55 200 19 0.940652 0.658259033487 0.500000129663 0.455204658346 -0.330940560134
55.1 200 19 0.956495 0.658013664297 0.500000131356 0.450921986161 -0.336025794154
55.2 200 19 0.984866 0.657768818332 0.500000131722 0.446584129972 -0.341055618399
55.3 200 19 0.973937 0.657524581067 0.500000130879 0.442191835311 -0.346029497406
55.4 200 19 0.966719 0.657280955086 0.500000129022 0.437745853171 -0.350946900006
55.5 200 19 1.00287 0.657037978427 0.500000126433 0.433246924877 -0.355807315466
55.6 200 19 0.966357 0.656795679198 0.50000012344 0.428695799748 -0.360610238838
55.7 200 19 0.964318 0.656554084871 0.500000120411 0.424093227638 -0.365355175065
55.8 200 19 0.960944 0.656313212083 0.500000117709 0.419439958018 -0.370041645202
55.9 200 19 0.967933 0.656073104188 0.500000115665 0.414736728654 -0.374669184322
56 200 19 0.938363 0.655833790222 0.500000114547 0.409984279396 -0.379237330133
56.1 200 19 0.950815 0.655595285644 0.500000114526 0.405183352461 -0.383745633113
56.2 200 19 0.97781 0.655357621704 0.500000115716 0.400334683009 -0.388193655108
56.3 200 19 0.977314 0.655120824543 0.500000118123 0.395439011113 -0.392580957685
56.4 200 19 0.980418 0.654884888086 0.500000121613 0.39049706935 -0.396907115276
56.5 200 19 0.983166 0.654649845007 0.500000125974 0.385509587935 -0.401171705686
56.6 200 19 0.975393 0.654415700458 0.50000013093 0.380477299549 -0.405374315223
56.7 200 19 0.973938 0.654182480254 0.500000136167 0.375400933129 -0.409514536443
56.8 200 19 0.970606 0.653950177441 0.500000141351 0.370281214946 -0.413591963291
56.9 200 19 0.976127 0.653718804202 0.500000146143 0.365118878078 -0.417606192894
57 200 19 0.975027 0.653488363367 0.500000150259 0.359914651046 -0.421556830414
57.1 200 19 0.980495 0.653258851909 0.500000153476 0.354669260529 -0.425443480557
57.2 200 19 0.955257 0.653030263023 0.50000015565 0.349383439318 -0.429265751562
57.3 200 19 0.960939 0.652802598629 0.500000156726 0.344057919326 -0.433023257169
57.4 200 19 0.972535 0.652575845492 0.500000156706 0.338693431856 -0.436715615511
57.5 200 19 0.970295 0.652350011926 0.500000155655 0.333290724556 -0.440342441643
57.6 200 19 0.962913 0.65212504854 0.500000153741 0.3278505352 -0.443903350297
57.7 200 19 0.966282 0.651900957051 0.500000151189 0.32237360946 -0.44739797161
57.8 200 19 0.964194 0.651677718831 0.500000148218 0.316860700539 -0.450825930208
57.9 200 19 0.96457 0.651455309472 0.500000145128 0.311312564642 -0.454186857817
58 200 19 0.957076 0.651233715883 0.500000142262 0.305729967773 -0.457480389049
58.1 200 19 0.961214 0.651012902606 0.500000139839 0.300113674709 -0.460706159319
58.2 200 19 0.970681 0.650792852286 0.500000138081 0.294464464775 -0.463863815847
58.3 200 19 0.972625 0.650573538302 0.500000137162 0.288783124315 -0.46695300414
58.4 200 19 0.969826 0.650354930876 0.500000137185 0.28307044304 -0.469973379198
58.5 200 19 0.98418 0.650136997078 0.500000138174 0.277327221542 -0.472924596466
58.6 200 19 0.974167 0.649919713349 0.500000140084 0.271554266749 -0.475806329265
58.7 200 19 0.966019 0.649703051867 0.500000142779 0.265752395474 -0.478618251182
58.8 200 19 0.95654 0.649486976467 0.500000146075 0.259922431695 -0.481360041638
58.9 200 19 0.965498 0.649271460498 0.500000149751 0.254065209934 -0.48403139162
59 200 19 0.972026 0.649056488193 0.500000153529 0.248181574263 -0.486632011095
59.1 200 19 0.976666 0.648842020639 0.50000015713 0.24227237181 -0.489161611124
59.2 200 19 0.971677 0.64862803339 0.50000016029 0.236338459183 -0.491619915116
59.3 200 19 0.972809 0.648414495225 0.500000162772 0.230380700061 -0.494006648572
59.4 200 19 0.97577 0.648201388864 0.500000164436 0.224399971918 -0.496321569288
59.5 200 19 0.97339 0.647988678208 0.500000165177 0.218397143664 -0.498564431577
59.6 200 19 0.973753 0.64777636181 0.500000164966 0.212373109939 -0.500735014095
59.7 200 19 0.975729 0.647564417323 0.500000163839 0.206328758737 -0.502833102124
59.8 200 19 0.970766 0.647352819627 0.500000161933 0.200264987807 -0.50485850382
59.9 200 19 0.957301 0.647141556592 0.500000159417 0.194182698476 -0.5068110288
60 200 19 0.967772 0.646930612598 0.500000156485 0.188082789925 -0.50869052146
60.1 200 19 0.968748 0.646719983159 0.500000153341 0.181966170587 -0.510496821782
60.2 200 19 0.96482 0.646509659552 0.500000150247 0.175833751619 -0.512229789751
60.3 200 19 0.961857 0.646299642154 0.500000147399 0.169686446456 -0.51388931361
60.4 200 19 0.964376 0.646089915512 0.500000144975 0.163525159769 -0.515475282115
60.5 200 19 0.972235 0.645880486721 0.500000143098 0.157350803229 -0.516987602956
60.6 200 19 0.97744 0.645671357108 0.500000141872 0.151164291457 -0.518426207785
60.7 200 19 0.984859 0.645462527076 0.500000141376 0.144966535581 -0.519791044881
60.8 200 19 0.985291 0.645254004519 0.500000141577 0.138758436956 -0.521082057416
60.9 200 19 0.968903 0.64504580453 0.500000142429 0.132540901583 -0.52229922638
61 200 19 1.123253 0.644837929285 0.500000143829 0.126314828724 -0.523442534207
61.1 200 19 1.286336 0.644630387096 0.500000145635 0.120081121859 -0.524511986869
61.2 200 19 1.29134 0.64442319763 0.500000147671 0.113840668842 -0.525507592148
61.3 200 19 1.287534 0.64421637864 0.500000149726 0.107594357558 -0.526429375492
61.4 200 19 1.288554 0.644009937913 0.500000151598 0.101343072915 -0.527277385129
61.5 200 19 1.298309 0.643803901861 0.500000153133 0.0950876919601 -0.52805166795
61.6 200 19 1.316714 0.643598277704 0.500000154173 0.0888290787741 -0.528752289147
61.7 200 19 1.295053 0.643393106518 0.500000154574 0.082568098307 -0.529379317197
61.8 200 19 1.292154 0.643188393933 0.500000154245 0.0763056102253 -0.52993283386
61.9 200 19 1.278408 0.642984123223 0.500000153173 0.0700424687162 -0.530412948171
62 200 19 1.150124 0.642780342149 0.500000151351 0.0637795135821 -0.530819753662
62.1 200 19 0.956354 0.642577063325 0.500000148864 0.0575175842915 -0.53115336527
62.2 200 19 0.95908 0.642374312833 0.500000145858 0.0512575130529 -0.531413896148
62.3 200 19 0.962721 0.642172103726 0.500000142488 0.0450001280234 -0.531601482109
62.4 200 19 0.956763 0.641970456884 0.500000138999 0.0387462429656 -0.531716244509
62.5 200 19 0.957997 0.641769386583 0.500000135562 0.0324966775019 -0.531758328644
62.6 200 19 0.971939 0.641568912322 0.500000132359 0.0262522377568 -0.531727877329
62.7 200 19 0.972003 0.641369046832 0.50000012955 0.0200137239532 -0.5316250352
62.8 200 19 0.969703 0.641169800045 0.500000127256 0.0137819392549 -0.531449964267
62.9 200 19 0.965762 0.640971184189 0.500000125541 0.00755767693914 -0.531202827243
63 200 19 0.961651 0.640773209628 0.500000124448 0.00134172465983 -0.530883779189
63.1 200 19 0.941736 0.640575879619 0.500000123969 -0.00486512843054 -0.530493001658
63.2 200 19 0.960669 0.640379203013 0.500000124065 -0.011062097273 -0.530030658451
63.3 200 19 0.956578 0.64018318007 0.500000124647 -0.0172483998253 -0.529496937901
63.4 200 19 0.933812 0.639987812212 0.500000125589 -0.0234232563457 -0.528892019193
63.5 200 19 0.936665 0.639793101525 0.500000126746 -0.029585889612 -0.528216089493
63.6 200 19 0.936974 0.639599044452 0.500000127969 -0.035735519004 -0.527469344913
63.7 200 19 0.928263 0.639405635 0.500000129098 -0.041871373496 -0.52665198093
63.8 200 19 0.930034 0.639212868536 0.500000129966 -0.0479926765206 -0.525764205671
63.9 200 19 0.942238 0.639020732384 0.500000130449 -0.0540986474628 -0.524806225942
64 200 19 0.95591 0.638829218965 0.500000130441 -0.0601885145084 -0.523778255905
64.1 200 19 0.951167 0.638638317173 0.500000129888 -0.066261500861 -0.522680518255
64.2 200 19 0.955724 0.638448011791 0.50000012873 -0.0723168314749 -0.521513243114
64.3 200 19 0.953666 0.638258295311 0.500000126971 -0.0783537298541 -0.520276672063
64.4 200 19 0.942897 0.63806913759 0.500000124657 -0.0843714138772 -0.518971037814
64.5 200 19 0.940308 0.63788052927 0.500000121866 -0.090369109524 -0.517596599234
64.6 200 19 0.938187 0.637692448933 0.500000118744 -0.0963460359881 -0.516153614603
64.7 200 19 0.939776 0.637504878767 0.500000115475 -0.102301414559 -0.514642356374
64.8 200 19 0.929322 0.637317806585 0.500000112219 -0.108234468661 -0.513063107758
64.9 200 19 0.938098 0.637131207551 0.500000109123 -0.114144416529 -0.511416155889
65 200 19 0.931742 0.636945063229 0.500000106377 -0.120030484485 -0.509701802716
65.1 200 19 0.944112 0.63675935171 0.500000104068 -0.125891893733 -0.507920356
65.2 200 19 0.935882 0.636574052677 0.500000102312 -0.131727868557 -0.506072143274
65.3 200 19 0.935735 0.636389151257 0.500000101124 -0.137537633576 -0.504157498476
65.4 200 19 0.931297 0.636204627408 0.500000100466 -0.143320416111 -0.502176768067
65.5 200 19 0.9539 0.636020462653 0.500000100289 -0.14907544654 -0.500130310548
65.6 200 19 0.954743 0.635836642251 0.500000100514 -0.154801958768 -0.498018497539
65.7 200 19 0.952502 0.635653149708 0.500000100996 -0.16049919064 -0.495841713048
65.8 200 19 0.947628 0.635469976121 0.500000101577 -0.1661663851 -0.493600351744
65.9 200 19 0.944469 0.635287105989 0.50000010212 -0.17180278889 -0.491294823493
66 200 19 0.944638 0.635104528019 0.500000102495 -0.17740765514 -0.488925549463
66.1 200 19 0.947107 0.634922238286 0.500000102587 -0.182980244398 -0.486492961474
66.2 200 19 0.939329 0.634740226574 0.500000102326 -0.188519822428 -0.483997506069
66.3 200 19 0.942046 0.634558487209 0.500000101628 -0.194025663299 -0.481439640935
66.4 200 19 0.936237 0.634377018111 0.500000100457 -0.199497049253 -0.478819834211
66.5 200 19 0.935975 0.634195824992 0.500000098807 -0.204933270625 -0.476138559153
66.6 200 19 0.937038 0.634014909347 0.5000000967 -0.210333630078 -0.473396316754
66.7 200 19 0.934202 0.633834265216 0.500000094175 -0.215697434129 -0.470593599607
66.8 200 19 0.931098 0.633653901572 0.500000091314 -0.22102400243 -0.467730925532
66.9 200 19 0.926766 0.633473826021 0.500000088225 -0.22631266889 -0.464808810317
67 200 19 0.926687 0.633294045745 0.500000085025 -0.231562770166 -0.461827783849
67.1 200 19 0.928177 0.633114576643 0.50000008185 -0.236773661389 -0.458788381487
67.2 200 19 0.943318 0.632935428131 0.500000078845 -0.24194470157 -0.455691146891
67.3 200 19 0.953352 0.632756611262 0.500000076121 -0.247075264259 -0.452536629047
67.4 200 19 0.92307 0.632578155039 0.500000073772 -0.25216473834 -0.449325397032
67.5 200 19 0.933582 0.632400065835 0.50000007187 -0.257212517338 -0.446058001816
67.6 200 19 0.940597 0.632222367941 0.500000070425 -0.262218012218 -0.442735025186
67.7 200 19 0.935181 0.632045073552 0.500000069426 -0.267180638186 -0.439357024286
67.8 200 19 0.937899 0.631868208087 0.500000068811 -0.272099828466 -0.43592458713
67.9 200 19 0.93688 0.631691788896 0.50000006847 -0.276975024181 -0.432438275553
68 200 19 0.933526 0.631515843899 0.50000006829 -0.281805676548 -0.428898689303
68.1 200 19 0.933407 0.631340391144 0.500000068105 -0.286591244779 -0.425306406089
68.2 200 19 0.931061 0.63116545155 0.500000067764 -0.291331203764 -0.421662014899
68.3 200 19 0.931071 0.630991043165 0.500000067122 -0.296025033679 -0.417966101647
68.4 200 19 1.210079 0.630817188791 0.500000066095 -0.300672225925 -0.414219252223
68.5 200 19 1.242773 0.630643910506 0.500000064651 -0.30527227886 -0.410422070586
68.6 200 19 1.244474 0.63047122533 0.500000062796 -0.309824699447 -0.406575139295
68.7 200 19 1.241819 0.630299148446 0.500000060603 -0.314328997431 -0.402679046623
68.8 200 19 1.242562 0.630127697292 0.500000058144 -0.318784698337 -0.398734385387
68.9 200 19 1.239093 0.629956885875 0.500000055528 -0.323191327873 -0.394741748377
69 200 19 1.137814 0.629786729338 0.500000052883 -0.327548423287 -0.390701729126
69.1 200 19 0.96197 0.629617237507 0.500000050308 -0.331855522295 -0.386614919201
69.2 200 19 0.96265 0.629448425025 0.500000047913 -0.336112168053 -0.382481911266
69.3 200 19 0.959252 0.629280301589 0.500000045774 -0.340317909693 -0.378303299631
69.4 200 19 0.955914 0.629112871802 0.500000043934 -0.344472302221 -0.37407967961
69.5 200 19 0.953669 0.628946140305 0.500000042421 -0.348574902455 -0.369811646021
69.6 200 19 0.953233 0.62878010685 0.500000041188 -0.352625267554 -0.365499796708
69.7 200 19 0.95105 0.6286147805 0.50000004017 -0.35662296683 -0.361144734696
69.8 200 19 0.956363 0.628450150844 0.500000039307 -0.360567565545 -0.356747057513
69.9 200 19 0.947144 0.628286216383 0.500000038525 -0.364458634048 -0.352307368537
70 200 19 0.942078 0.628122971202 0.50000003776 -0.368295745322 -0.347826276389
70.1 200 19 0.94483 0.62796040089 0.500000036923 -0.372078476084 -0.343304391574
70.2 200 19 0.944927 0.62779849543 0.500000035943 -0.375806404018 -0.338742327486
70.3 200 19 0.942079 0.627637244473 0.500000034726 -0.379479109495 -0.334140708063
70.4 200 19 0.940175 0.627476630582 0.500000033256 -0.38309617686 -0.329500154046
70.5 200 19 1.226175 0.62731664101 0.500000031493 -0.386657191128 -0.32482129728
70.6 200 19 1.238154 0.627157252016 0.500000029431 -0.390161747304 -0.320104771741
70.7 200 19 0.967696 0.62699844415 0.500000027112 -0.393609432606 -0.315351222197
70.8 200 19 0.935807 0.626840200968 0.500000024581 -0.396999852854 -0.310561296486
70.9 200 19 0.943212 0.626682492837 0.500000021929 -0.400332605353 -0.305735648673
71 200 19 0.940555 0.62652530126 0.500000019278 -0.403607294772 -0.300874946265
71.1 200 19 0.948717 0.626368596789 0.500000016773 -0.40682353531 -0.295979855327
71.2 200 19 0.942926 0.626212351849 0.500000014565 -0.409980945777 -0.291051053576
71.3 200 19 0.933575 0.626056547757 0.500000012807 -0.413079146999 -0.286089229723
71.4 200 19 0.93047 0.625901155011 0.500000011616 -0.416117768732 -0.281095076525
71.5 200 19 0.933766 0.62574614754 0.500000011067 -0.419096448692 -0.276069298897
71.6 200 19 0.930542 0.625591494939 0.500000011164 -0.422014830914 -0.271012604988
71.7 200 19 0.93256 0.62543717189 0.500000011851 -0.424872567874 -0.265925710988
71.8 200 19 0.943395 0.625283157344 0.500000012986 -0.427669326644 -0.260809344306
71.9 200 19 0.936793 0.625129427165 0.500000014366 -0.430404771708 -0.255664238816
72 200 19 0.943879 0.624975958289 0.500000015741 -0.433078587819 -0.250491135386
72.1 200 19 0.940772 0.624822715684 0.50000001686 -0.43569046544 -0.245290781025
72.2 200 19 0.940127 0.624669700558 0.500000017488 -0.438240112239 -0.240063933606
72.3 200 19 0.945366 0.624516881956 0.500000017431 -0.440727236682 -0.23481135155
72.4 200 19 0.952304 0.624364246188 0.500000016559 -0.44315156583 -0.229533805412
72.5 200 19 0.953275 0.624211771873 0.500000014848 -0.445512839648 -0.224232062821
72.6 200 19 0.949918 0.624059446637 0.500000012326 -0.447810807127 -0.218906904737
72.7 200 19 0.950367 0.623907258579 0.500000009115 -0.450045229202 -0.213559114111
72.8 200 19 0.948288 0.623755206841 0.500000005401 -0.45221588966 -0.208189470797
72.9 200 19 0.950679 0.623603269924 0.500000001435 -0.454322574854 -0.202798769119
73 200 19 1.106258 0.623451450942 0.499999997491 -0.456365087006 -0.197387801904
73.1 200 19 1.2456 0.623299743419 0.49999999387 -0.458343245103 -0.191957358828
73.2 200 19 1.226867 0.623148151531 0.499999990845 -0.460256880013 -0.186508233907
73.3 200 19 1.241133 0.622996666343 0.499999988614 -0.46210583504 -0.18104122597
73.4 200 19 1.240331 0.622845297817 0.499999987327 -0.463889966717 -0.175557132634
73.5 200 19 1.238005 0.622694054138 0.499999987046 -0.465609143645 -0.17005674374
73.6 200 19 1.234996 0.622542945673 0.499999987763 -0.467263253468 -0.164540855526
73.7 200 19 1.238165 0.622391977416 0.499999989419 -0.468852189595 -0.159010260931
73.8 200 19 1.245191 0.622241158337 0.49999999191 -0.470375863559 -0.153465755665
73.9 200 19 1.239078 0.622090494222 0.499999995008 -0.47183419099 -0.147908124883
74 200 19 1.236032 0.621940003848 0.499999998436 -0.473227107387 -0.14233815846
74.1 200 19 1.235228 0.621789704 0.500000001874 -0.474554557001 -0.136756633212
74.2 200 19 1.235492 0.621639617576 0.500000004997 -0.475816497901 -0.131164330966
74.3 200 19 1.233472 0.621489753965 0.500000007487 -0.477012892932 -0.125562027576
74.4 200 19 1.233742 0.621340137666 0.50000000905 -0.478143717259 -0.119950490809
74.5 200 19 1.234954 0.621190789737 0.50000000945 -0.479208954281 -0.114330489894
74.6 200 19 1.238456 0.621041733235 0.500000008539 -0.480208602511 -0.108702788769
74.7 200 19 1.238548 0.620892986944 0.500000006255 -0.481142657217 -0.103068144249
74.8 200 19 1.230942 0.620744566091 0.500000002654 -0.48201113445 -0.097427307478
74.9 200 19 1.237573 0.620596498688 0.499999997919 -0.482814048162 -0.0917810295036
75 200 19 1.234581 0.620448797803 0.49999999235 -0.483551428512 -0.0861300516269
75.1 200 19 1.231181 0.620301489625 0.499999986351 -0.48422330537 -0.0804751171543
75.2 200 19 1.232601 0.620154583021 0.499999980373 -0.48482971888 -0.0748169610899
75.3 200 19 1.236098 0.620008106641 0.499999974891 -0.485370713617 -0.069156315511
75.4 200 19 1.235112 0.619862080986 0.499999970371 -0.485846340108 -0.0634939086938
75.5 200 19 1.233866 0.619716516434 0.499999967207 -0.486256654457 -0.0578304671765
75.6 200 19 1.237872 0.619571433361 0.499999965696 -0.486601716333 -0.052166710587
75.7 200 19 1.233166 0.619426838258 0.499999965982 -0.486881593186 -0.0465033564867
75.8 200 19 1.062164 0.619282755098 0.499999968041 -0.487096357242 -0.0408411244351
75.9 200 19 0.932563 0.619139189178 0.499999971695 -0.487246083224 -0.0351807259477
76 200 19 1.032261 0.618996155151 0.499999976633 -0.487330849054 -0.0295228744697
76.1 200 19 1.242012 0.618853649401 0.499999982422 -0.487350740322 -0.0238682787455
76.2 200 19 1.2352 0.618711690398 0.499999988557 -0.487305844072 -0.0182176493135
76.3 200 19 0.944813 0.618570281014 0.499999994509 -0.48719625782 -0.0125716963739
76.4 200 19 0.944545 0.618429423801 0.499999999742 -0.48702207916 -0.00693112570249
76.5 200 19 0.949005 0.618289111235 0.500000003755 -0.486783411119 -0.0012966417591
76.6 200 19 0.952638 0.618149354592 0.500000006267 -0.486480366101 0.00433104128809
76.7 200 19 0.952253 0.618010144341 0.500000007079 -0.486113058038 0.00995122224821
76.8 200 19 0.947577 0.617871480221 0.500000006072 -0.485681606753 0.0155631871563
76.9 200 19 0.940612 0.617733352993 0.500000003289 -0.4851861381 0.0211662335831
77 200 19 0.946325 0.617595757509 0.499999998926 -0.484626786432 0.0267596495516
77.1 200 19 0.950483 0.617458682034 0.499999993291 -0.48400368957 0.0323427257076
77.2 200 19 0.950119 0.617322114748 0.499999986801 -0.483316992631 0.0379147523012
77.3 200 19 0.948347 0.617186045147 0.499999979933 -0.482566847204 0.0434750174982
77.4 200 19 0.947383 0.617050458218 0.499999973192 -0.481753417907 0.0490228091798
77.5 200 19 0.958382 0.616915342977 0.499999967082 -0.480876876487 0.0545574173501
77.6 200 19 0.946586 0.616780686082 0.499999962066 -0.479937396761 0.0600781289828
77.7 200 19 0.949408 0.616646470796 0.499999958538 -0.478935169375 0.065584233024
77.8 200 19 0.950786 0.616512685449 0.499999956794 -0.47787038841 0.0710750132223
77.9 200 19 0.936758 0.616379309185 0.499999957025 -0.476743254068 0.0765497564854
78 200 19 0.941264 0.616246328315 0.499999959258 -0.475553984238 0.0820077542145
78.1 200 19 0.933174 0.616113731886 0.499999963365 -0.474302803694 0.0874482961129
78.2 200 19 0.938361 0.615981495475 0.499999969081 -0.472989948952 0.0928706720569
78.3 200 19 0.940673 0.615849606552 0.499999976007 -0.471615664719 0.0982741771325
78.4 200 19 0.944454 0.615718055186 0.499999983637 -0.470180203951 0.103658104918
78.5 200 19 0.938876 0.615586828329 0.499999991391 -0.468683831714 0.10902175304
78.6 200 19 0.950225 0.615455913572 0.499999998672 -0.467126823567 0.114364421247
78.7 200 19 0.945552 0.61532529801 0.500000004915 -0.465509466734 0.119685414774
78.8 200 19 0.945194 0.615194972184 0.500000009642 -0.463832057457 0.124984041174
78.9 200 19 0.949322 0.615064926115 0.500000012508 -0.462094902682 0.130259612187
79 200 19 0.948014 0.614935153433 0.500000013329 -0.460298319244 0.135511445974
79.1 200 19 0.956052 0.614805649405 0.500000012092 -0.458442633173 0.140738865296
79.2 200 19 0.953721 0.614676411088 0.50000000897 -0.456528181628 0.145941198261
79.3 200 19 0.944884 0.614547428185 0.500000004288 -0.45455530741 0.151117776396
79.4 200 19 0.938213 0.614418698755 0.499999998508 -0.452524371674 0.156267941141
79.5 200 19 0.932902 0.614290223046 0.499999992171 -0.45043574129 0.161391041146
79.6 200 19 0.944105 0.614162004664 0.499999985846 -0.448289785705 0.166486431753
79.7 200 19 0.937276 0.614034053029 0.499999980054 -0.446086880765 0.171553474088
79.8 200 19 0.943528 0.613906364786 0.499999975252 -0.443827421237 0.176591535767
79.9 200 19 0.941671 0.613778945876 0.49999997181 -0.441511802051 0.181599994606
80 200 19 0.939138 0.613651798001 0.499999969983 -0.439140425901 0.186578231481
80.1 200 19 0.943063 0.613524934127 0.499999969893 -0.436713699375 0.191525640003
80.2 200 19 0.941823 0.613398361525 0.49999997152 -0.434232042786 0.196441624464
80.3 200 19 0.933246 0.613272091963 0.499999974722 -0.431695877699 0.201325593178
80.4 200 19 0.939361 0.613146128403 0.499999979301 -0.429105630575 0.206176956933
80.5 200 19 0.944517 0.613020483584 0.499999984985 -0.426461736001 0.21099514215
80.6 200 19 0.942212 0.612895176858 0.499999991431 -0.423764619947 0.215779577172
80.7 200 19 0.945379 0.612770213423 0.499999998272 -0.421014729894 0.220529704867
80.8 200 19 0.940867 0.612645611627 0.500000005113 -0.418212506058 0.225244972293
80.9 200 19 0.945794 0.612521375044 0.500000011568 -0.415358400183 0.229924831454
81 200 19 0.939232 0.612397511286 0.500000017264 -0.412452863314 0.234568740528
81.1 200 19 0.931893 0.61227404081 0.500000021886 -0.409496348205 0.239176169727
81.2 200 19 0.93837 0.612150975927 0.500000025186 -0.406489314792 0.243746593599
81.3 200 19 0.942824 0.61202832094 0.50000002698 -0.403432215941 0.248279487098
81.4 200 19 0.940859 0.611906097133 0.500000027189 -0.400325510484 0.252774339903
81.5 200 19 0.934977 0.611784309657 0.500000025861 -0.397169662154 0.257230635762
81.6 200 19 0.937516 0.61166296057 0.500000023123 -0.393965145766 0.261647874455
81.7 200 19 0.945267 0.611542069824 0.500000019236 -0.390712430571 0.266025560146
81.8 200 19 0.946753 0.611421604409 0.500000014544 -0.387411975768 0.270363183777
81.9 200 19 0.941695 0.611301612843 0.500000009459 -0.384064269601 0.27466026806
82 200 19 0.943777 0.611182090909 0.500000004297 -0.380669784124 0.278916325783
82.1 200 19 0.942262 0.611063027095 0.499999999477 -0.377228999882 0.283130864638
82.2 200 19 0.934567 0.610944415299 0.499999995408 -0.373742392304 0.287303404676
82.3 200 19 0.94232 0.610826297497 0.499999992379 -0.370210458403 0.291433479302
82.4 200 19 0.937759 0.610708621671 0.499999990671 -0.366633673347 0.295520602609
82.5 200 19 0.936104 0.610591405092 0.499999990412 -0.363012539748 0.299564309168
82.6 200 19 0.931666 0.610474642625 0.499999991653 -0.359347553595 0.303564130074
82.7 200 19 0.935297 0.610358323851 0.499999994348 -0.355639211804 0.30751960092
82.8 200 19 0.934124 0.610242429808 0.499999998388 -0.351888023078 0.311430253347
82.9 200 19 0.940442 0.610126970356 0.500000003589 -0.348094503787 0.315295635008
83 200 19 0.939148 0.610011906038 0.500000009721 -0.344259164498 0.319115278063
83.1 200 19 0.941597 0.609897259188 0.500000016505 -0.340382532451 0.322888742368
83.2 200 19 0.933666 0.609782978161 0.500000023631 -0.336465129799 0.326615564839
83.3 200 19 0.934722 0.60966907272 0.500000030822 -0.33250749886 0.330295303663
83.4 200 19 0.932138 0.609555502268 0.500000037728 -0.328510170041 0.333927512003
83.5 200 19 0.933996 0.609442269296 0.500000044015 -0.32447370134 0.337511753823
83.6 200 19 0.939426 0.609329338241 0.500000049311 -0.320398645977 0.341047585437
83.7 200 19 0.938266 0.609216708306 0.50000005335 -0.316285562476 0.344534586153
83.8 200 19 0.940522 0.609104340739 0.500000055844 -0.312135025706 0.347972320867
83.9 200 19 1.03066 0.608992231621 0.500000056563 -0.307947610352 0.351360378449
84 200 19 0.938571 0.608880345299 0.500000055376 -0.303723901194 0.354698334686
84.1 200 19 0.940706 0.608768688565 0.50000005229 -0.299464494248 0.357985789037
84.2 200 19 0.939556 0.608657196092 0.500000047495 -0.295169978317 0.361222329061
84.3 200 19 0.937831 0.608545887342 0.500000041281 -0.290840971949 0.364407568088
84.4 200 19 0.98425 0.608434734411 0.50000003408 -0.286478086736 0.367541119696
84.5 200 19 1.226786 0.608323726598 0.500000026426 -0.282081949058 0.370622603174
84.6 200 19 0.93475 0.608212802339 0.500000019028 -0.277653179816 0.373651634486
84.7 200 19 0.937243 0.608102006248 0.500000012467 -0.273192422509 0.376627871265
84.8 200 19 0.934613 0.607991308992 0.500000007387 -0.268700323275 0.379550951338
84.9 200 19 0.931958 0.607880667091 0.500000004355 -0.264177519602 0.382420529012
85 200 19 0.936319 0.607770104011 0.500000003761 -0.259624674046 0.385236276672
85.1 200 19 0.929382 0.607659585128 0.500000005877 -0.255042446192 0.387997866113
85.2 200 19 0.930512 0.607549125313 0.500000010733 -0.250431501793 0.390704995849
85.3 200 19 0.933416 0.607438713848 0.500000018194 -0.245792517618 0.393357355273
85.4 200 19 0.929959 0.607328332458 0.500000027891 -0.241126165631 0.395954652681
85.5 200 19 0.922423 0.6072179712 0.500000039213 -0.236433112611 0.398496612733
85.6 200 19 0.927036 0.607107641224 0.500000051461 -0.231714050732 0.400982955294
85.7 200 19 0.926621 0.606997350164 0.500000063869 -0.22696966621 0.403413437195
85.8 200 19 0.93742 0.606887090263 0.500000075609 -0.22220064332 0.405787809488
85.9 200 19 0.931728 0.606776878216 0.500000085864 -0.21740767467 0.408105841575
86 200 19 0.936013 0.606666713657 0.500000093893 -0.212591451417 0.410367308448
86.1 200 19 0.931311 0.606556619022 0.500000099067 -0.207752664512 0.412572002883
86.2 200 19 0.934357 0.606446588887 0.500000101008 -0.202892002655 0.414719721626
86.3 200 19 0.929854 0.606336648936 0.500000099498 -0.198010158941 0.416810279536
86.4 200 19 0.929952 0.606226806004 0.50000009459 -0.193107824048 0.418843497806
86.5 200 19 0.927846 0.606117081677 0.500000086546 -0.188185689562 0.420819211686
86.6 200 19 0.934111 0.606007483981 0.500000075955 -0.183244441155 0.422737260761
86.7 200 19 0.948619 0.605898046417 0.500000063536 -0.178284769394 0.424597500615
86.8 200 19 0.942878 0.605788776089 0.500000050265 -0.173307353556 0.426399785666
86.9 200 19 0.937155 0.605679715838 0.500000037085 -0.168312889857 0.428144008149
87 200 19 0.938198 0.605570861649 0.500000025122 -0.163302052987 0.429830036083
87.1 200 19 0.934438 0.605462238919 0.50000001543 -0.158275512589 0.43145775576
87.2 200 19 0.925944 0.605353885379 0.500000008958 -0.153233957217 0.433027070976
87.3 200 19 0.927199 0.605245814841 0.500000006464 -0.14817805625 0.434537895585
87.4 200 19 0.924095 0.605138040794 0.500000008299 -0.143108468711 0.435990118817
87.5 200 19 0.927594 0.605030596854 0.500000014589 -0.138025871857 0.437383682919
87.6 200 19 0.931306 0.604923502261 0.500000025033 -0.132930923703 0.438718498855
87.7 200 19 0.923482 0.604816783244 0.500000039077 -0.127824296462 0.439994510812
87.8 200 19 0.927531 0.604710455704 0.500000055723 -0.122706636926 0.44121164636
87.9 200 19 0.925581 0.604604532268 0.500000073851 -0.117578603816 0.442369864541
88 200 19 0.925754 0.60449903852 0.500000092095 -0.112440850425 0.443469108356
88.1 200 19 0.925101 0.604393996653 0.500000108991 -0.107294035935 0.444509320838
88.2 200 19 0.928945 0.604289412574 0.50000012311 -0.102138815546 0.44549048291
88.3 200 19 0.929907 0.604185301192 0.500000133297 -0.0969758246198 0.446412538326
88.4 200 19 0.928409 0.604081684888 0.50000013857 -0.0918057120546 0.447275457495
88.5 200 19 0.93199 0.603978574009 0.500000138466 -0.086629117548 0.448079211756
88.6 200 19 0.93306 0.603875971008 0.500000132843 -0.0814466960985 0.448823787504
88.7 200 19 0.933758 0.603773879885 0.500000121925 -0.0762590871043 0.449509177102
88.8 200 19 0.939289 0.603672318061 0.500000106519 -0.071066924714 0.450135343485
88.9 200 19 0.93322 0.603571289686 0.500000087805 -0.0658708715706 0.450702267312
89 200 19 0.933617 0.603470794673 0.5000000672 -0.0606715545465 0.4512099541
89.1 200 19 0.924522 0.603370822938 0.500000046257 -0.0554696249941 0.451658409468
89.2 200 19 0.933522 0.603271380887 0.500000026583 -0.0502657257507 0.45204763694
89.3 200 19 0.931036 0.603172470189 0.500000009779 -0.0450605051539 0.452377619114
89.4 200 19 0.907837 0.603074086145 0.499999997163 -0.0398546007236 0.452648385112
89.5 200 19 0.912351 0.602976207542 0.499999989914 -0.0346486768254 0.452859952375
89.6 200 19 0.916171 0.602878847107 0.499999988651 -0.0294433693027 0.453012340593
89.7 200 19 0.914959 0.602781974709 0.499999993642 -0.0242393347673 0.453105583006
89.8 200 19 0.911369 0.602685590135 0.500000004647 -0.0190372285034 0.45313970005
89.9 200 19 0.908247 0.602589671654 0.500000021003 -0.0138377016553 0.453114744873
90 200 19 0.910896 0.602494209311 0.500000041372 -0.0086414139961 0.45303073282
90.1 200 19 0.9123 0.60239918669 0.500000064492 -0.00344901508566 0.452887764998
90.2 200 19 0.911435 0.602304584054 0.500000088573 0.00173882991744 0.452685877755
90.3 200 19 0.94366 0.602210385837 0.50000011168 0.00692145931955 0.452425121303
90.4 200 19 0.932358 0.602116574703 0.500000132117 0.0120982194732 0.452105613025
90.5 200 19 0.917053 0.60202313798 0.500000148126 0.0172684462955 0.451727389657
90.6 200 19 0.917879 0.601930047356 0.500000158348 0.0224314688958 0.451290579616
90.7 200 19 0.917284 0.601837290062 0.500000161869 0.0275866272459 0.450795265453
90.8 200 19 0.912869 0.601744840123 0.500000158222 0.0327332530303 0.450241553275
90.9 200 19 0.917816 0.60165269023 0.50000014754 0.0378706848868 0.449629571861
91 200 19 0.92872 0.601560810977 0.500000130448 0.042998250858 0.448959456558
91.1 200 19 0.927212 0.601469192596 0.50000010814 0.0481152933263 0.448231323191
91.2 200 19 0.921423 0.601377824673 0.500000082409 0.0532211597245 0.447445295718
91.3 200 19 0.912099 0.601286682217 0.500000055162 0.0583151747743 0.446601570101
91.4 200 19 0.91306 0.601195738533 0.500000028406 0.0633966697137 0.445700307735
91.5 200 19 0.915276 0.601104991646 0.500000004232 0.0684649985153 0.444741666147
91.6 200 19 0.912572 0.601014435614 0.4999999846 0.0735195061964 0.443725816549
91.7 200 19 0.917663 0.600924040464 0.499999971012 0.0785595204005 0.442652978909
91.8 200 19 0.928285 0.600833798527 0.499999964577 0.0835843963611 0.441523349126
91.9 200 19 0.934913 0.600743709229 0.499999965838 0.0885934960108 0.44033712248
92 200 19 0.928786 0.600653775294 0.499999974756 0.0935861780955 0.439094526815
92.1 200 19 0.933448 0.600563964845 0.499999990685 0.0985617846669 0.437795797944
92.2 200 19 0.931624 0.600474290556 0.500000012396 0.10351969748 0.436441159167
92.3 200 19 0.934234 0.600384733976 0.500000038239 0.108459275196 0.435030865061
92.4 200 19 0.93063 0.600295303384 0.500000066164 0.113379892324 0.433565176419
92.5 200 19 0.933763 0.60020599635 0.500000093991 0.118280924972 0.432044357268
92.6 200 19 0.934751 0.600116812923 0.500000119514 0.123161764288 0.43046866527
92.7 200 19 0.93577 0.600027755142 0.500000140661 0.128021794931 0.428838384724
92.8 200 19 0.940819 0.599938822912 0.500000155763 0.132860411325 0.427153795824
92.9 200 19 0.94877 0.599850017925 0.500000163525 0.137677019943 0.425415185114
93 200 19 0.941924 0.599761356715 0.500000163225 0.142471023099 0.423622849416
93.1 200 19 0.93103 0.599672834999 0.50000015475 0.147241826185 0.421777093972
93.2 200 19 0.935186 0.599584471082 0.500000138665 0.151988854818 0.419878233618
93.3 200 19 0.935658 0.599496260851 0.500000116071 0.156711518879 0.417926580747
93.4 200 19 0.922102 0.599408223388 0.50000008856 0.161409251188 0.415922459547
93.5 200 19 0.919602 0.599320359338 0.500000058208 0.16608149101 0.413866184608
93.6 200 19 0.928832 0.599232677081 0.500000027264 0.170727669608 0.41175808697
93.7 200 19 0.935889 0.599145190215 0.499999998004 0.175347235969 0.409598502103
93.8 200 19 0.92476 0.599057903571 0.49999997265 0.179939643592 0.407387766984
93.9 200 19 0.920357 0.598970827244 0.499999953045 0.184504332975 0.405126223128
94 200 19 0.919432 0.598883977072 0.499999940654 0.189040775513 0.402814211605
94.1 200 19 0.921314 0.598797358336 0.499999936343 0.193548428197 0.400452088976
94.2 200 19 0.921236 0.598710973845 0.499999940346 0.198026752855 0.398040202297
94.3 200 19 0.925124 0.598624839678 0.499999952256 0.202475229397 0.395578915762
94.4 200 19 0.933077 0.598538952789 0.499999971036 0.206893324149 0.393068583369
94.5 200 19 0.947904 0.598453328535 0.499999995053 0.211280517784 0.390509580166
94.6 200 19 0.934956 0.598367964674 0.500000022356 0.215636294544 0.387902268024
94.7 200 19 0.918822 0.598282864213 0.500000050674 0.219960136608 0.385247021328
94.8 200 19 0.922977 0.598198041861 0.500000077633 0.224251536686 0.382544221919
94.9 200 19 0.922174 0.598113485442 0.500000101036 0.228509976055 0.379794246783
95 200 19 0.923983 0.598029201289 0.500000118961 0.232734954277 0.376997480004
95.1 200 19 0.936583 0.597945193441 0.500000129857 0.236925966337 0.374154321635
95.2 200 19 0.944711 0.597861450125 0.500000132805 0.241082515225 0.371265158653
95.3 200 19 0.955379 0.597777973596 0.50000012747 0.245204100645 0.368330393573
95.4 200 19 0.951144 0.597694767588 0.500000114227 0.249290227713 0.365350438045
95.5 200 19 0.939326 0.59761181854 0.500000093986 0.253340407666 0.362325698108
95.6 200 19 0.93161 0.597529122642 0.500000068258 0.257354147777 0.3592565906
95.7 200 19 0.919748 0.597446674101 0.500000038947 0.261330962304 0.356143536622
95.8 200 19 0.919629 0.597364464648 0.500000008273 0.265270366838 0.352986969474
95.9 200 19 0.92936 0.59728248633 0.499999978476 0.269171883602 0.349787320377
96 200 19 0.93192 0.597200733809 0.499999951743 0.273035036077 0.346545033856
96.1 200 19 0.937805 0.597119188638 0.49999992998 0.276859354169 0.34326055396
96.2 200 19 0.944678 0.597037845744 0.499999914729 0.280644372242 0.339934334487
96.3 200 19 0.92602 0.596956691205 0.499999906981 0.284389618576 0.336566838233
96.4 200 19 0.93282 0.596875716429 0.499999907086 0.2880946295 0.333158536971
96.5 200 19 0.930398 0.596794914203 0.499999914861 0.291758959973 0.329709902933
96.6 200 19 0.921021 0.596714263993 0.499999929499 0.295382151955 0.326221417836
96.7 200 19 0.92196 0.596633761055 0.499999949654 0.298963764337 0.322693570785
96.8 200 19 0.929458 0.596553389604 0.499999973584 0.302503358148 0.319126854274
96.9 200 19 0.940708 0.596473147833 0.499999999228 0.306000498505 0.315521777744
97 200 19 0.953828 0.59639301361 0.500000024453 0.309454755254 0.311878846316
97.1 200 19 0.949054 0.596312987251 0.500000047135 0.312865711678 0.308198586909
97.2 200 19 0.946824 0.59623305553 0.500000065437 0.316232954591 0.304481513488
97.3 200 19 0.944188 0.596153207364 0.500000077855 0.319556079878 0.300728159313
97.4 200 19 0.937704 0.596073454953 0.500000083399 0.322834687852 0.296939065049
97.5 200 19 0.943798 0.595993766096 0.500000081632 0.326068390277 0.293114764148
97.6 200 19 0.948434 0.595914157772 0.500000072673 0.329256806388 0.289255807352
97.7 200 19 0.948506 0.595834622039 0.500000057241 0.332399560164 0.285362751309
97.8 200 19 0.944088 0.595755157485 0.500000036587 0.335496290026 0.281436153672
97.9 200 19 0.936092 0.595675757564 0.500000012288 0.338546637746 0.277476575334
98 200 19 0.945312 0.595596434127 0.499999986209 0.341550260648 0.273484585229
98.1 200 19 0.942856 0.595517179315 0.499999960344 0.344506819771 0.269460752564
98.2 200 19 0.941135 0.59543799778 0.499999936624 0.347415983947 0.265405652662
98.3 200 19 0.940593 0.595358902063 0.499999916726 0.35027743928 0.261319867041
98.4 200 19 0.945855 0.595279897983 0.499999902008 0.353090879904 0.257203973039
98.5 200 19 0.949238 0.59520099108 0.499999893382 0.355856006668 0.253058554373
98.6 200 19 0.936979 0.59512220096 0.499999891264 0.358572524381 0.248884200813
98.7 200 19 0.943625 0.595043535121 0.49999989555 0.361240155468 0.244681498086
98.8 200 19 0.942314 0.59496499994 0.499999905586 0.363858642011 0.24045104183
98.9 200 19 0.932468 0.594886622803 0.499999920302 0.366427708137 0.236193419997
99 200 19 0.937026 0.594808404552 0.499999938289 0.368947098739 0.231909216447
99.1 200 19 0.948444 0.594730365711 0.499999957912 0.371416569624 0.22759901641
99.2 200 19 0.944103 0.594652518343 0.49999997746 0.373835887498 0.223263412326
99.3 200 19 0.941082 0.59457489054 0.499999995262 0.376204821715 0.218902996704
99.4 200 19 0.938154 0.594497490574 0.500000009778 0.378523147313 0.214518352252
99.5 200 19 0.93944 0.594420324515 0.500000019856 0.380790655277 0.21011006578
99.6 200 19 0.936477 0.594343426997 0.500000024582 0.383007140055 0.205678731245
99.7 200 19 0.939886 0.594266836557 0.500000023571 0.38517239954 0.201224939662
99.8 200 19 0.937424 0.594190527233 0.500000016993 0.387286243893 0.19674926201
99.9 200 19 0.931186 0.59411453981 0.500000005391 0.38934848683 0.192252290084
100 200 19 0.942977 0.594038892688 0.499999989691 0.391358950459 0.187734608783
