# SIAM excitation B=c_0up^dag|gs> (normalized), method=fbr
# L=100 U=0.1 V=0.1 dt=0.1 tmax=30 max_bond_dim=512 mps_cutoff=1e-06 activity_tol=1e-06
# E_gs=-30.9227535891 gs_n_active=20 gs_bond_dim=24 gs_wall_s=58.27006
# nrm=0.707106780614
# t  n_active  bond_dim  renyi_half  slater_activity  n0up  n0dw  norm  wall_s  ReA  ImA
0 20 24 0.217134176906 2.64056716952e-13 1 0.686975496484 1 0.002201 0 0
0.1 9 5 0.153979744141 1.94033665024e-07 0.99996142792 0.686956669811 0.999997842915 0.057066 0 0
0.2 9 4 0.110524387057 3.35211173078e-10 0.999845851355 0.686900559704 0.999999451506 0.047764 0 0
0.3 8 4 0.110545124233 3.34225108358e-10 0.999653563647 0.686804626153 0.999999883789 0.039837 0 0
0.4 8 4 0.110579944981 4.33667990407e-10 0.999385026579 0.686670098665 0.99999943579 0.039041 0 0
0.5 8 4 0.11062584847 6.05746786064e-10 0.999042035171 0.686497467803 0.999998942257 0.038957 0 0
0.6 8 4 0.11068509388 7.76238850975e-10 0.998625417241 0.686287011549 0.999999917143 0.038889 0 0
0.7 8 4 0.110754252047 9.44625044852e-10 0.998132903141 0.686038938871 0.999999520216 0.038836 0 0
0.8 8 4 0.110814165103 1.1104001052e-09 0.997568205148 0.685753635444 0.999999582418 0.038917 0 0
0.9 8 4 0.110891945764 1.67132707674e-09 0.9969310452 0.685431449302 0.99999937848 0.038971 0 0
1 8 4 0.110981532686 2.51137677321e-09 0.996223993684 0.685072822075 0.999999542456 0.039017 0 0
1.1 8 4 0.11108585213 1.5872634318e-09 0.995445416527 0.684678341236 0.999999232798 0.03917 0 0
1.2 8 4 0.111203046945 1.73790526414e-09 0.994599730626 0.684248584244 0.999999399347 0.039286 0 0
1.3 8 4 0.111296997869 1.88370175014e-09 0.993688536809 0.683783821176 0.999999112952 0.03936 0 0
1.4 8 4 0.111387431129 2.02427619111e-09 0.992713671562 0.683284795678 0.999999373804 0.039253 0 0
1.5 8 4 0.111520318692 2.1592777566e-09 0.991676799914 0.682752161374 0.999999852476 0.039155 0 0
1.6 8 4 0.111608199865 2.28838459293e-09 0.990581221739 0.682186562482 0.999999745589 0.039373 0 0
1.7 8 4 0.111763539809 2.41130360124e-09 0.989430101632 0.681588569527 0.999999914781 0.039234 0 0
1.8 8 4 0.111925106081 2.52776555243e-09 0.988225388547 0.68095895703 0.999999981576 0.039352 0 0
1.9 8 4 0.112091251002 2.6375259754e-09 0.986970166271 0.680298443579 0.99999923333 0.039625 0 0
2 8 4 0.112266126202 2.74036582315e-09 0.985669120205 0.679607717872 0.999999989316 0.03913 0 0
2.1 8 4 0.112423068115 2.83609002949e-09 0.984322263207 0.678887654628 0.999999710617 0.039043 0 0
2.2 8 4 0.112585729949 2.92452950745e-09 0.982934371342 0.678138889479 0.999999728665 0.046759 0 0
2.3 8 4 0.112752303904 3.00553726351e-09 0.981508475246 0.677362326909 0.999999356254 0.046952 0 0
2.4 8 4 0.112924624697 3.0789895078e-09 0.980048608904 0.67655874535 0.999999784222 0.046922 0 0
2.5 8 4 0.113099495207 3.14478498797e-09 0.978556399177 0.675729024385 0.999999620278 0.046798 0 0
2.6 8 4 0.11327789267 3.3704635749e-09 0.977036273973 0.674873935799 0.999999585056 0.046976 0 0
2.7 8 4 0.113459019797 3.67803143497e-09 0.975491219614 0.673994309564 0.999999489408 0.04702 0 0
2.8 8 4 0.113642978698 4.00124378075e-09 0.97392454626 0.673090954715 0.999999581505 0.046749 0 0
2.9 8 4 0.113828726556 4.3410915973e-09 0.972339093864 0.672164705526 0.999999513147 0.046763 0 0
3 8 4 0.114015583082 4.69690752958e-09 0.970738240041 0.671216347692 0.999999720099 0.04675 0 0
3.1 8 4 0.114203499124 5.07019470852e-09 0.9691243927 0.67024675657 0.999999061594 0.046652 0 0
3.2 8 4 0.114394350858 5.45658962459e-09 0.967502516914 0.669256532657 0.999999441054 0.046837 0 0
3.3 8 4 0.11458523173 5.86120896262e-09 0.965873082751 0.668246608096 0.999999095181 0.04693 0 0
3.4 8 4 0.114777390573 6.27967078337e-09 0.964240260883 0.667217635307 0.999998925205 0.046699 0 0
3.5 8 4 0.114971918345 6.71333766356e-09 0.962606522537 0.66617039031 0.999999582366 0.046872 0 0
3.6 8 4 0.115165780491 7.1671359958e-09 0.960972871371 0.665105666588 0.999999557849 0.046701 0 0
3.7 8 4 0.115359277055 7.63671215154e-09 0.959342977406 0.664024098575 0.999999321398 0.046735 0 0
3.8 8 4 0.115553702015 8.11974620873e-09 0.957719263806 0.662926430178 0.999998923905 0.0469 0 0
3.9 8 4 0.115749800635 8.61161186805e-09 0.956104678656 0.661813118978 0.999999057268 0.046783 0 0
4 8 4 0.115947033114 9.1217381426e-09 0.954499965645 0.660684934521 0.999999427732 0.046864 0 0
4.1 8 4 0.116133239123 9.64893254185e-09 0.952906429654 0.659542523319 0.999998562418 0.04669 0 0
4.2 8 4 0.116323389085 1.01824149112e-08 0.951327210092 0.658386687706 0.999999252413 0.046729 0 0
4.3 8 4 0.116509364071 1.07299480412e-08 0.949761640161 0.657218108988 0.999999612411 0.047082 0 0
4.4 8 4 0.116709507872 1.1297338065e-08 0.948212405299 0.656036444371 0.999999592036 0.046784 0 0
4.5 8 4 0.116911230822 1.18760428158e-08 0.946681136735 0.654842548343 0.999999717166 0.046701 0 0
4.6 8 4 0.117112833523 1.24661498901e-08 0.945168257663 0.653637050968 0.999998955792 0.046997 0 0
4.7 8 4 0.11730987823 1.30573803991e-08 0.943676462433 0.652420309604 0.999999334629 0.046791 0 0
4.8 8 4 0.117506946711 1.36557669617e-08 0.94220316778 0.651193538328 0.999999284072 0.046938 0 0
4.9 8 4 0.117716960355 1.42651154222e-08 0.940751633285 0.649955803303 0.999999734928 0.046941 0 0
5 8 4 0.117927833987 1.4885570998e-08 0.939320358865 0.648708210865 0.99999931394 0.046557 0 0
5.1 8 4 0.118142053704 1.55077417574e-08 0.937911064357 0.64745102429 0.999999110467 0.046648 0 0
5.2 8 4 0.118360609126 1.61276860755e-08 0.936523880109 0.646184545145 0.999999506246 0.046753 0 0
5.3 8 4 0.11857284594 1.67546476693e-08 0.935157424225 0.644909213451 0.999999296796 0.046631 0 0
5.4 8 4 0.118787605302 1.7372260519e-08 0.933811651641 0.643625871473 0.999999266196 0.046773 0 0
5.5 8 4 0.119017853158 1.79952874824e-08 0.932487606697 0.642333563684 0.999999797248 0.046763 0 0
5.6 8 4 0.119250449064 1.86212963937e-08 0.93118321982 0.641033235444 0.999999217628 0.04695 0 0
5.7 8 4 0.119489578262 1.9233610038e-08 0.929899660244 0.639724972171 0.999999506484 0.046742 0 0
5.8 8 4 0.119723668555 1.98421752362e-08 0.928634955631 0.638409128174 0.999999115231 0.046883 0 0
5.9 8 4 0.11995108394 2.04264083425e-08 0.927388718995 0.637086452054 0.99999870082 0.046977 0 0
6 8 4 0.120208077543 2.09993356037e-08 0.926161135967 0.635756218132 0.999999679104 0.04677 0 0
6.1 8 4 0.120467848238 2.15753634958e-08 0.924949711473 0.634418711003 0.999998908359 0.046605 0 0
6.2 8 4 0.120737412304 2.21252506316e-08 0.923755617074 0.63307420195 0.999999833534 0.046973 0 0
6.3 8 4 0.120998218173 2.26710371587e-08 0.922574951803 0.631723120251 0.999999174677 0.046758 0 0
6.4 8 4 0.121278899624 2.31848197307e-08 0.921408262664 0.630365844455 0.999998587099 0.047164 0 0
6.5 8 4 0.121570537676 2.36702504264e-08 0.92025621876 0.629001524499 0.999999836022 0.046729 0 0
6.6 8 4 0.121857190005 2.4150444089e-08 0.919113827669 0.627631112312 0.999999342337 0.046687 0 0
6.7 8 4 0.122150709252 2.45932478826e-08 0.917982119131 0.626254764202 0.999999244387 0.046604 0 0
6.8 8 4 0.122464850067 2.50050986583e-08 0.916859944829 0.624872468577 0.999999704997 0.046783 0 0
6.9 8 4 0.122777483114 2.53973431175e-08 0.915746438372 0.623483827671 0.999999379915 0.046889 0 0
7 8 4 0.123103319314 2.57482781763e-08 0.914640060576 0.622089574191 0.999999582887 0.046764 0 0
7.1 8 4 0.123443404746 2.60694907883e-08 0.913539871811 0.620689500359 0.999999841535 0.046612 0 0
7.2 8 4 0.123791931496 2.63606101392e-08 0.912444871685 0.619283656548 0.999999695746 0.046991 0 0
7.3 8 4 0.124140798962 2.66110398162e-08 0.91135419382 0.617872265737 0.999998907795 0.047012 0 0
7.4 8 4 0.12451005361 2.67976072443e-08 0.91026736088 0.616455568244 0.999999611031 0.0467 0 0
7.5 8 4 0.124887131172 2.69623705584e-08 0.90918208987 0.615033406712 0.999999328127 0.047243 0 0
7.6 8 4 0.12526831704 2.7078909115e-08 0.908098299505 0.613605979612 0.99999877802 0.046704 0 0
7.7 8 4 0.12565520017 2.71292257548e-08 0.90701538153 0.612173518627 0.999998546012 0.046665 0 0
7.8 8 4 0.126062759549 2.71261699769e-08 0.905931866552 0.610736181691 0.99999972522 0.047056 0 0
7.9 8 4 0.12647003523 2.71163181909e-08 0.904845613791 0.609293941286 0.999999305086 0.047325 0 0
8 8 4 0.126875741275 2.70280713366e-08 0.903757230158 0.607847402728 0.999999287666 0.0472 0 0
8.1 8 4 0.127299650048 2.69113391571e-08 0.902666280675 0.606395958739 0.999999116724 0.046953 0 0
8.2 8 4 0.12774033222 2.67417145094e-08 0.901572115974 0.604940107683 0.999999044684 0.046777 0 0
8.3 8 4 0.128176646034 2.65044878267e-08 0.900475008799 0.603479818984 0.999999128287 0.046873 0 0
8.4 8 4 0.128640329004 2.62400967621e-08 0.899373308435 0.602015235083 0.999999525977 0.046769 0 0
8.5 8 4 0.129113211019 2.59448471596e-08 0.898267276561 0.600546344461 0.99999949347 0.04688 0 0
8.6 8 4 0.129596810802 2.56023238165e-08 0.897156768354 0.599073461052 0.99999949629 0.04696 0 0
8.7 8 4 0.130088479691 2.52153733449e-08 0.896041641299 0.597596709782 0.999999112644 0.046799 0 0
8.8 8 4 0.130595964403 2.47686036126e-08 0.894922389562 0.596116211973 0.999999567206 0.046723 0 0
8.9 8 4 0.131107763209 2.42973197118e-08 0.893797958542 0.594632079151 0.999999425796 0.046672 0 0
9 8 4 0.13163716383 2.37796780045e-08 0.892668663015 0.593144642025 0.999999799357 0.046653 0 0
9.1 8 4 0.132170123744 2.32395280797e-08 0.891534829334 0.591653785943 0.999999531924 0.046804 0 0
9.2 8 4 0.132715896655 2.26496934541e-08 0.890396659677 0.590159903017 0.999999529204 0.046648 0 0
9.3 8 4 0.133269822707 2.20245695015e-08 0.889254735649 0.588662949453 0.999999597178 0.046702 0 0
9.4 8 4 0.133817799038 2.13679413053e-08 0.888108774425 0.587163250073 0.999998557431 0.046715 0 0
9.5 8 4 0.13438934357 2.06324046736e-08 0.886960058045 0.585661088651 0.99999947145 0.04674 0 0
9.6 8 4 0.134968828409 1.9908979576e-08 0.885807756851 0.584156265195 0.999999532474 0.046977 0 0
9.7 8 4 0.135556143946 1.91621876144e-08 0.884652867836 0.582649067983 0.999999485688 0.046704 0 0
9.8 8 4 0.136154900157 1.86201554175e-08 0.883495927438 0.581139689483 0.999999676754 0.04684 0 0
9.9 8 4 0.136762059624 1.87949055208e-08 0.882337323919 0.579628229995 0.999999644576 0.046749 0 0
10 8 4 0.137376335601 1.89453315258e-08 0.881177876681 0.57811484452 0.999999659883 0.04686 0 0
10.1 8 4 0.137998552165 1.90707835079e-08 0.880017853591 0.576599771756 0.999999703803 0.046794 0 0
10.2 8 4 0.138628099959 1.91707147934e-08 0.87885788248 0.575083114802 0.999999701288 0.046878 0 0
10.3 8 4 0.139264317668 1.92446834024e-08 0.877698630238 0.573565027599 0.999999676646 0.046544 0 0
10.4 8 4 0.139908132784 1.92923518272e-08 0.876540689489 0.572045662295 0.999999707744 0.046818 0 0
10.5 8 4 0.140558858542 1.93134845894e-08 0.875384693468 0.570525137131 0.999999734803 0.046898 0 0
10.6 8 4 0.141216088202 1.9307947241e-08 0.874231211478 0.569003599836 0.999999580879 0.046585 0 0
10.7 8 4 0.141878239044 1.92757065864e-08 0.873081546318 0.567481129971 0.999999297282 0.04676 0 0
10.8 8 4 0.14254717284 1.92168276847e-08 0.871936883521 0.565957879245 0.999999761427 0.046826 0 0
10.9 8 4 0.143220628334 1.91314718512e-08 0.870795436318 0.56443416689 0.999999777472 0.046859 0 0
11 8 4 0.143899571709 1.90198791161e-08 0.869658532213 0.562909978714 0.999999773821 0.046719 0 0
11.1 8 4 0.144582920599 1.88823648939e-08 0.868526758744 0.56138541799 0.999999796122 0.046621 0 0
11.2 8 4 0.145270936796 1.87193254231e-08 0.867400322751 0.559860636649 0.999999812569 0.04691 0 0
11.3 8 4 0.145963270899 1.85312307721e-08 0.866279702137 0.558335728063 0.999999823839 0.046651 0 0
11.4 8 4 0.146659581124 1.8318623507e-08 0.865165267527 0.556810800688 0.999999824168 0.046769 0 0
11.5 8 4 0.147359595965 1.80821162488e-08 0.864057378248 0.555285955907 0.999999828884 0.046802 0 0
11.6 8 4 0.148063108896 1.78223896752e-08 0.862956316008 0.553761296999 0.999999833999 0.046783 0 0
11.7 8 4 0.148769896532 1.75401936309e-08 0.861862343648 0.552236915439 0.999999839632 0.046758 0 0
11.8 8 4 0.149479695171 1.72363450179e-08 0.86077567819 0.550712901562 0.999999844334 0.04669 0 0
11.9 8 4 0.150192276425 1.69117265747e-08 0.859696488602 0.549189342022 0.999999846798 0.046773 0 0
12 8 4 0.150907433324 1.65672912056e-08 0.85862490929 0.547666318076 0.999999848785 0.046744 0 0
12.1 8 4 0.151624964014 1.62040625362e-08 0.857561030491 0.546143907118 0.99999984845 0.046843 0 0
12.2 8 4 0.152344685481 1.58231343583e-08 0.856504907928 0.544622182601 0.999999850956 0.047012 0 0
12.3 8 4 0.153065448628 1.59279982537e-08 0.855456541286 0.54310121549 0.999999374078 0.046812 0 0
12.4 8 4 0.153789254971 1.60510165159e-08 0.854411828095 0.541580928932 0.999999505961 0.046392 0 0
12.5 8 4 0.154514638576 1.61601797499e-08 0.853370937731 0.540061569396 0.999999575995 0.046415 0 0
12.6 8 4 0.155241480043 1.62554990579e-08 0.852335129756 0.538543179454 0.999999602474 0.046481 0 0
12.7 8 4 0.155969647443 1.63369130446e-08 0.851305570869 0.537025805193 0.99999958917 0.046695 0 0
12.8 8 4 0.156699115116 1.64042737172e-08 0.850283360775 0.535509491156 0.999999585353 0.046465 0 0
12.9 8 4 0.15742963434 1.64573423778e-08 0.849269449027 0.533994294602 0.999999522181 0.046576 0 0
13 8 4 0.158161144726 1.64957864035e-08 0.848264830771 0.532480249665 0.999999418691 0.046687 0 0
13.1 8 4 0.158893794628 1.65191816892e-08 0.84727039191 0.530967394343 0.999999391672 0.046362 0 0
13.2 8 4 0.159628296412 1.65270235275e-08 0.846286696668 0.529455801482 0.999999830747 0.046668 0 0
13.3 8 4 0.160362678907 1.65187363788e-08 0.845305303296 0.527945664041 0.999999820545 0.04679 0 0
13.4 8 4 0.161097854951 1.64936959646e-08 0.844326487411 0.526436892491 0.999999824212 0.046716 0 0
13.5 8 4 0.161833689216 1.64512463652e-08 0.843349954928 0.524929536422 0.999999804399 0.046803 0 0
13.6 8 4 0.162570209433 1.63907254436e-08 0.842375484074 0.523423634819 0.99999980366 0.046739 0 0
13.7 8 4 0.163307358611 1.63114901586e-08 0.841402781179 0.521919241095 0.999999805617 0.046778 0 0
13.8 8 4 0.164045085294 1.62129446535e-08 0.840431598554 0.520416403402 0.999999799865 0.046658 0 0
13.9 8 4 0.164783364736 1.60945650141e-08 0.83946173091 0.518915165641 0.999999794851 0.046758 0 0
14 8 4 0.165522317496 1.59559291335e-08 0.838492975328 0.517415577104 0.999999789538 0.046554 0 0
14.1 8 4 0.166261634615 1.57967352532e-08 0.837525179087 0.515917680429 0.999999773472 0.046719 0 0
14.2 8 4 0.167000555618 1.5616828386e-08 0.836558180524 0.514421532761 0.999999437308 0.046755 0 0
14.3 8 4 0.167741490569 1.54162180799e-08 0.835592695613 0.512927082612 0.999999750175 0.046946 0 0
14.4 8 4 0.168482344716 1.51950912963e-08 0.834627324049 0.511434578449 0.999999728037 0.046768 0 0
14.5 8 4 0.16922375217 1.49538266214e-08 0.833662519952 0.509943968837 0.999999746555 0.047006 0 0
14.6 8 4 0.169965496452 1.58447619469e-08 0.83269813216 0.508455321702 0.999999717413 0.046701 0 0
14.7 8 4 0.170707931721 1.75630926469e-08 0.831734241666 0.506968680133 0.999999735804 0.046756 0 0
14.8 8 4 0.171450728855 1.93662865744e-08 0.83077079398 0.505484109874 0.999999662754 0.046706 0 0
14.9 8 4 0.172193856175 2.12476065631e-08 0.829808047383 0.504001638281 0.999999609374 0.046691 0 0
15 8 4 0.172937855933 2.32036785341e-08 0.82884605853 0.502521340712 0.99999956897 0.046709 0 0
15.1 8 4 0.17368232993 2.52340786044e-08 0.827885034398 0.501043261454 0.999999391253 0.046782 0 0
15.2 8 4 0.174425768349 2.7327860197e-08 0.826925493636 0.499567424626 0.999999563603 0.047003 0 0
15.3 8 4 0.175172647449 2.94899931141e-08 0.825966468523 0.498094030206 0.999999727441 0.046932 0 0
15.4 8 4 0.175918667856 3.1735825412e-08 0.825008775834 0.496623083585 0.999999449668 0.046975 0 0
15.5 8 4 0.176664588472 3.40253891729e-08 0.824053143863 0.495154553489 0.999999233866 0.046755 0 0
15.6 8 4 0.177413270844 3.6355664923e-08 0.823099852191 0.493688526693 0.999999612373 0.046833 0 0
15.7 8 4 0.178161114788 3.87612613117e-08 0.822148162225 0.492225217687 0.999999521352 0.047134 0 0
15.8 8 4 0.178911808957 4.12076897049e-08 0.821198959518 0.490764581025 0.999999703524 0.04736 0 0
15.9 8 4 0.179661392673 4.37138201193e-08 0.820252313271 0.489306710219 0.999999479311 0.046809 0 0
16 8 4 0.18041168537 4.6240810514e-08 0.819309015079 0.487851601092 0.999998963427 0.04671 0 0
16.1 8 4 0.181160744056 4.87701701246e-08 0.818370497653 0.486399174434 0.999999386943 0.046688 0 0
16.2 8 4 0.181912347733 5.13360504106e-08 0.817434576298 0.484949950233 0.999999520514 0.047154 0 0
16.3 8 4 0.182665504559 5.39425417667e-08 0.816502797005 0.483503683405 0.999999545006 0.046814 0 0
16.4 8 4 0.183419772089 5.65713568212e-08 0.815575584733 0.482060488272 0.9999995708 0.046918 0 0
16.5 8 4 0.18417586898 5.92139576261e-08 0.814653233337 0.480620423315 0.999999608351 0.046826 0 0
16.6 8 4 0.184927582131 6.18679004694e-08 0.813736184598 0.479183543575 0.999998616044 0.047061 0 0
16.7 8 4 0.185686953579 6.44437809783e-08 0.812826512361 0.477749652309 0.999999548984 0.046495 0 0
16.8 8 4 0.18644069619 6.7081751931e-08 0.811921765529 0.476319321955 0.99999923196 0.046898 0 0
16.9 8 4 0.187200303805 6.96745037221e-08 0.811023347055 0.474892468269 0.999999168588 0.046626 0 0
17 8 4 0.187961477968 7.22602483405e-08 0.810132657792 0.473468786597 0.999999210033 0.04685 0 0
17.1 8 4 0.188723474792 7.48230132297e-08 0.809249311596 0.472048593019 0.99999946749 0.046771 0 0
17.2 8 4 0.189486767501 7.7372925511e-08 0.808372927023 0.470632020383 0.999999392418 0.046866 0 0
17.3 8 4 0.190251001831 7.98855430695e-08 0.807504615158 0.469218999506 0.999998968126 0.046934 0 0
17.4 8 4 0.191019612051 8.23266395056e-08 0.806645508242 0.467809449361 0.999999556175 0.04687 0 0
17.5 8 4 0.191788871776 8.47639123336e-08 0.805793999092 0.466403771254 0.999999568662 0.046732 0 0
17.6 8 4 0.192558752962 8.71539080904e-08 0.804951151641 0.465001804049 0.999999172339 0.04674 0 0
17.7 8 4 0.193332630473 8.94562436349e-08 0.804118086773 0.463603456538 0.999999595382 0.046956 0 0
17.8 8 4 0.194106139756 9.17258152766e-08 0.803293582827 0.462209055827 0.999999516717 0.046768 0 0
17.9 8 4 0.19487264952 9.39181835635e-08 0.802478352248 0.460818493961 0.999998918391 0.046897 0 0
18 8 4 0.195653563963 9.59595854999e-08 0.801672499946 0.459431853234 0.999999366052 0.046746 0 0
18.1 8 4 0.196426688612 9.80030552267e-08 0.800876741576 0.458048995018 0.999999102571 0.047067 0 0
18.2 8 4 0.197209596759 9.98985631995e-08 0.800090136049 0.456670163182 0.999999546622 0.047176 0 0
18.3 8 4 0.197991939516 1.01762185789e-07 0.799313438077 0.455295332128 0.999998769263 0.046886 0 0
18.4 8 4 0.198776957201 1.03461305079e-07 0.798548205673 0.453924223663 0.99999926802 0.047056 0 0
18.5 8 4 0.199564999473 1.05089867253e-07 0.797791786807 0.452557393606 0.999999401935 0.047328 0 0
18.6 8 4 0.200358427747 1.06631104391e-07 0.797045188034 0.451194638757 0.999999682253 0.046908 0 0
18.7 8 4 0.201148586085 1.08096419149e-07 0.796308329083 0.449836016235 0.999999371184 0.046899 0 0
18.8 8 4 0.201941529782 1.09403475834e-07 0.795581080168 0.44848148603 0.999999231274 0.04681 0 0
18.9 8 4 0.202735512819 1.10579565282e-07 0.794863716494 0.447131046855 0.99999848982 0.046874 0 0
19 8 4 0.203537237147 1.11566401895e-07 0.794157446699 0.445784487328 0.999999459686 0.047268 0 0
19.1 8 4 0.204337644439 1.12507047678e-07 0.79345914604 0.444442429784 0.999998758867 0.046959 0 0
19.2 8 4 0.20514328334 1.13254524758e-07 0.792771302741 0.443104311677 0.999998755406 0.047099 0 0
19.3 8 4 0.205952014665 1.13863242723e-07 0.792092907277 0.441770369751 0.999999365685 0.047054 0 0
19.4 8 4 0.206761237547 1.14387826544e-07 0.791422055311 0.440440909764 0.999999025671 0.046922 0 0
19.5 8 4 0.207575861422 1.14745820179e-07 0.790760321688 0.439115568607 0.999999164912 0.046974 0 0
19.6 8 4 0.208391844807 1.14973895404e-07 0.790106944644 0.437794498685 0.999999362236 0.047246 0 0
19.7 8 4 0.209211195599 1.15071899343e-07 0.789460851118 0.436477805923 0.99999934395 0.046858 0 0
19.8 8 4 0.210033909288 1.15028409686e-07 0.788822546122 0.435165376727 0.999999255698 0.047173 0 0
19.9 8 4 0.210859372008 1.14829081799e-07 0.788191851306 0.433857196852 0.999999089751 0.047106 0 0
20 8 4 0.211680711807 1.14467419321e-07 0.78756851156 0.432553270959 0.999998901568 0.046824 0 0
20.1 8 4 0.212514650434 1.13918337319e-07 0.786951083877 0.43125368317 0.999999458756 0.046648 0 0
20.2 8 4 0.213348067887 1.13300782201e-07 0.786340336564 0.429958535481 0.999998452868 0.04719 0 0
20.3 8 4 0.214187364277 1.12431853827e-07 0.785737596988 0.4286673399 0.999999007232 0.046891 0 0
20.4 8 4 0.215030444544 1.11470836783e-07 0.785139734085 0.427380739076 0.999999413944 0.047194 0 0
20.5 8 4 0.215875859528 1.10407868847e-07 0.784546783014 0.426098648429 0.999999281964 0.047037 0 0
20.6 8 4 0.216721564291 1.09188209696e-07 0.783959310223 0.424820888638 0.999999076076 0.047006 0 0
20.7 8 4 0.217573896435 1.07800057547e-07 0.783376593969 0.423547515498 0.99999916233 0.047078 0 0
20.8 8 4 0.218431915938 1.06295360069e-07 0.782798803934 0.422278523142 0.999999520522 0.046869 0 0
20.9 8 4 0.219289197422 1.04697978509e-07 0.782224991394 0.421014071234 0.999998909453 0.047125 0 0
21 8 4 0.220153057795 1.02905530208e-07 0.781656067056 0.419753843719 0.999999382001 0.047048 0 0
21.1 8 4 0.221017872306 1.01033106326e-07 0.781090297041 0.41849824969 0.999998509063 0.046971 0 0
21.2 8 4 0.221889810943 9.8960983741e-08 0.780529966782 0.417246767 0.99999941646 0.047155 0 0
21.3 8 4 0.222762361721 9.68485889263e-08 0.779971421357 0.416000132963 0.999999355567 0.047428 0 0
21.4 8 4 0.223639839558 9.46228382315e-08 0.779415990801 0.414757999821 0.999999424202 0.047082 0 0
21.5 8 4 0.224518206067 9.23026293176e-08 0.778863615454 0.413520388843 0.999999265777 0.047057 0 0
21.6 8 4 0.225402530381 8.98604970434e-08 0.778313857056 0.412287374107 0.999999295829 0.047109 0 0
21.7 8 4 0.226290230203 8.73450878291e-08 0.777767170201 0.411058790825 0.999999428425 0.047034 0 0
21.8 8 4 0.227180061516 8.47513573765e-08 0.777222715605 0.409834831839 0.999999185335 0.046812 0 0
21.9 8 4 0.228075157925 8.31337262364e-08 0.776681106398 0.408615368983 0.999999460931 0.047601 0 0
22 8 4 0.228972550238 8.35872072669e-08 0.77614150623 0.407400626517 0.999999399805 0.04736 0 0
22.1 8 4 0.229872875452 8.3947239049e-08 0.775604242977 0.40619048361 0.999999308033 0.047402 0 0
22.2 8 4 0.230775288953 8.42126192113e-08 0.775069383337 0.404984945653 0.999998637144 0.047904 0 0
22.3 8 4 0.23168275844 8.43824089491e-08 0.77453831581 0.40378378548 0.999999187354 0.046986 0 0
22.4 8 4 0.232593671803 8.445591404e-08 0.774008507847 0.402587539617 0.999999335998 0.047088 0 0
22.5 8 4 0.23350770844 8.44327053828e-08 0.7734809646 0.401396035726 0.999999444718 0.047157 0 0
22.6 8 4 0.234424206986 8.43126586325e-08 0.77295545408 0.400209290431 0.999999320154 0.047216 0 0
22.7 8 4 0.235344556118 8.40959406556e-08 0.772432448568 0.399027223969 0.999999423583 0.047212 0 0
22.8 8 4 0.236267943071 8.37829929878e-08 0.771911620481 0.397849944059 0.999999399505 0.047196 0 0
22.9 8 4 0.237193134846 8.33745249507e-08 0.771393280719 0.396677412676 0.999999270029 0.046892 0 0
23 8 4 0.238122316499 8.28715162049e-08 0.770877518767 0.395509624321 0.999999433386 0.047482 0 0
23.1 8 4 0.239053521952 8.22751989871e-08 0.770364045059 0.394346684899 0.999999257169 0.047268 0 0
23.2 8 4 0.239988377191 8.15870522253e-08 0.769853589743 0.393188480824 0.999999455821 0.047048 0 0
23.3 8 4 0.240925345883 8.08088013171e-08 0.76934545364 0.392035183878 0.999999402225 0.04703 0 0
23.4 8 4 0.24186521324 7.99424068054e-08 0.768840183378 0.390886699376 0.999999444429 0.046879 0 0
23.5 8 4 0.242807560694 7.89900562737e-08 0.768337681221 0.389743082037 0.999999457821 0.04672 0 0
23.6 8 4 0.24375234399 7.7954155242e-08 0.767838048725 0.388604329962 0.999999439238 0.047141 0 0
23.7 8 4 0.244699611639 7.68373181748e-08 0.767341453512 0.38747044002 0.999999450585 0.046862 0 0
23.8 8 4 0.245649193214 7.56423601533e-08 0.766847929801 0.386341436888 0.999999451557 0.046824 0 0
23.9 8 4 0.246601044729 7.43722904373e-08 0.766357578374 0.385217323046 0.999999453689 0.046843 0 0
24 8 4 0.247555113751 7.30303058027e-08 0.76587047615 0.384098107281 0.999999454888 0.047067 0 0
24.1 8 4 0.248511282358 7.20112287578e-08 0.765386707123 0.382983796018 0.999999449157 0.046969 0 0
24.2 8 4 0.249469522993 7.25769676579e-08 0.764906354907 0.381874392018 0.99999945202 0.046976 0 0
24.3 8 4 0.250429612407 7.30750144839e-08 0.76442946964 0.380769904206 0.999999421088 0.046944 0 0
24.4 8 4 0.251391773563 7.35045446731e-08 0.76395617967 0.379670322918 0.999999445968 0.047126 0 0
24.5 8 4 0.252355693139 7.38648291421e-08 0.763486443648 0.378575672686 0.999999441366 0.047064 0 0
24.6 8 4 0.253321360538 7.41552225181e-08 0.763020334482 0.377485944244 0.99999943767 0.046926 0 0
24.7 8 4 0.25428870112 7.43751487065e-08 0.762557878409 0.376401138969 0.999999433824 0.047178 0 0
24.8 8 4 0.255257627897 7.4524089011e-08 0.762099093728 0.375321257054 0.999999428514 0.047527 0 0
24.9 8 4 0.256228071515 7.46015751396e-08 0.761643987752 0.374246297162 0.999999423614 0.047301 0 0
25 8 4 0.257199951532 7.46071830982e-08 0.76119255595 0.373176258083 0.999999418374 0.047198 0 0
25.1 8 4 0.258173188283 7.4540531525e-08 0.76074478222 0.372111137406 0.999999412351 0.047103 0 0
25.2 8 4 0.259147462664 7.44012818021e-08 0.760300640416 0.371050931842 0.999999291981 0.046691 0 0
25.3 8 4 0.260122197135 7.41891479361e-08 0.759860393122 0.369995587043 0.999998810875 0.047079 0 0
25.4 8 4 0.261099564676 7.39039032194e-08 0.759419908805 0.368944936039 0.999999078603 0.046933 0 0
25.5 8 4 0.262077558181 7.35453943301e-08 0.75897952372 0.367899309942 0.999999133781 0.046872 0 0
25.6 8 4 0.263056407313 7.31135627596e-08 0.758540979365 0.36685860894 0.999999134054 0.047037 0 0
25.7 8 4 0.264036036849 7.26084604663e-08 0.758105721771 0.365822803196 0.9999990833 0.046891 0 0
25.8 8 4 0.2650164304 7.2030275855e-08 0.757675148868 0.364791864075 0.999999013751 0.04682 0 0
25.9 8 4 0.265997498145 7.13793540941e-08 0.757250490352 0.363765776967 0.999998919658 0.046824 0 0
26 8 4 0.266979459108 7.06562260921e-08 0.756832945584 0.362744524385 0.999998945088 0.046694 0 0
26.1 8 4 0.267961620942 6.98616308137e-08 0.756423259849 0.361728153757 0.999998788499 0.046677 0 0
26.2 8 4 0.268945626227 6.89965430345e-08 0.756022734648 0.360716575892 0.999999286724 0.046826 0 0
26.3 8 4 0.26992909807 6.80621931037e-08 0.755621568318 0.359710081069 0.999999312122 0.046857 0 0
26.4 8 4 0.270912836203 6.7060092479e-08 0.755219789063 0.358708447317 0.99999930133 0.047014 0 0
26.5 8 4 0.271896772952 6.77207685484e-08 0.754817434473 0.357711650898 0.999999259887 0.04714 0 0
26.6 8 4 0.272880991432 6.84891463543e-08 0.754414513647 0.356719671205 0.999999269537 0.047061 0 0
26.7 8 4 0.273865284301 6.91903446759e-08 0.754010857902 0.355732524265 0.999999264961 0.047102 0 0
26.8 8 4 0.274849574636 6.98188755699e-08 0.753606420875 0.354750197699 0.999999246064 0.047113 0 0
26.9 8 4 0.275833774128 7.03695034465e-08 0.753201193936 0.353772678645 0.999999218759 0.047169 0 0
27 8 4 0.276817821176 7.08373286695e-08 0.752795187292 0.352799957307 0.999999180115 0.047267 0 0
27.1 8 4 0.277801619122 7.12178637174e-08 0.752388456171 0.351832023413 0.9999991429 0.047062 0 0
27.2 8 4 0.278785362136 7.1507105126e-08 0.751981043386 0.350868872068 0.999999197658 0.046866 0 0
27.3 8 4 0.27976851298 7.17015882223e-08 0.751572843584 0.349910540801 0.999999149767 0.046969 0 0
27.4 8 4 0.28075133832 7.17984386389e-08 0.751164082614 0.348956978297 0.9999991713 0.046909 0 0
27.5 8 4 0.281733497678 7.17954113938e-08 0.750754728239 0.348008212496 0.999999136342 0.047116 0 0
27.6 8 4 0.28271446169 7.16909260845e-08 0.750344985274 0.347064214336 0.999998862137 0.047448 0 0
27.7 8 4 0.283700160648 7.14840880933e-08 0.74993209472 0.346124978954 0.999999128577 0.047027 0 0
27.8 8 4 0.284684626331 7.11747094595e-08 0.749510946392 0.345190654587 0.999999118011 0.047077 0 0
27.9 8 4 0.285668058376 7.07633157626e-08 0.749082103792 0.344261107944 0.999999082517 0.047227 0 0
28 8 4 0.286650675863 7.0251153117e-08 0.748645764159 0.343336328591 0.999999068874 0.046925 0 0
28.1 8 4 0.287632946936 6.96401811773e-08 0.748202190222 0.342416323983 0.999999109763 0.047067 0 0
28.2 8 4 0.28861352129 6.89330634795e-08 0.747751694148 0.341501110624 0.999999042622 0.04704 0 0
28.3 8 4 0.289592984244 6.81331505659e-08 0.747294601774 0.34059064736 0.999999015278 0.060544 0 0
28.4 8 4 0.290594445385 6.72444500083e-08 0.746831321127 0.339684946517 0.99999975833 0.053234 0 0
28.5 8 4 0.291593277752 6.62715944344e-08 0.746362269274 0.338785011061 0.999999751727 0.047169 0 0
28.6 8 4 0.292590788692 6.6435658086e-08 0.745887936956 0.337889866501 0.99999973069 0.047022 0 0
28.7 8 4 0.293587503409 6.67634997287e-08 0.745408865167 0.336999494104 0.999999767877 0.047059 0 0
28.8 8 4 0.294581736131 6.69844817391e-08 0.744925592788 0.33611390816 0.999999654637 0.04709 0 0
28.9 8 4 0.295575495467 6.70968555161e-08 0.744438705673 0.335233070877 0.999999719024 0.047235 0 0
29 8 4 0.296567109001 6.70988007379e-08 0.743948819428 0.334357029361 0.999999653518 0.046892 0 0
29.1 8 4 0.297556351411 6.69886142113e-08 0.743456586643 0.333485741691 0.999999541283 0.047042 0 0
29.2 8 4 0.298537422698 6.67648948349e-08 0.742962690311 0.332619182088 0.999998675866 0.047057 0 0
29.3 8 4 0.299523827029 6.64267485462e-08 0.742468165679 0.331756781049 0.999999628512 0.047191 0 0
29.4 8 4 0.30050876469 6.59740075903e-08 0.74197299008 0.33089976684 0.999999552006 0.047132 0 0
29.5 8 4 0.301492647266 6.54074455708e-08 0.741478274033 0.330047474482 0.999999617129 0.047432 0 0
29.6 8 4 0.302473710257 6.47290130384e-08 0.740984612798 0.3291999649 0.999999502911 0.047177 0 0
29.7 8 4 0.303453302998 6.39420491e-08 0.740492838482 0.328357164206 0.999999498013 0.047128 0 0
29.8 8 4 0.304432232721 6.3051509458e-08 0.74000368244 0.327519097346 0.999999610309 0.047082 0 0
29.9 8 4 0.30540988128 6.20641583682e-08 0.739517800254 0.32668579292 0.999999692823 0.047113 0 0
30 8 4 0.30638589533 6.09887564895e-08 0.739035913832 0.325857222557 0.999999725141 0.046823 0 0
