# SIAM excitation B=c_0up^dag|gs> (normalized), method=fbr
# L=100 U=0.1 V=0.1 dt=0.1 tmax=30 max_bond_dim=512 mps_cutoff=1e-09 activity_tol=1e-06
# E_gs=-30.9227535891 gs_n_active=20 gs_bond_dim=24 gs_wall_s=64.009932
# nrm=0.70710678201
# t  n_active  bond_dim  renyi_half  slater_activity  n0up  n0dw  norm  wall_s  ReA  ImA
0 20 24 0.177226399408 2.67674771237e-13 1 0.686975496861 1 0.002309 0 0
0.1 11 11 0.116000754843 9.92859461132e-07 0.999961337248 0.686956187282 0.999999986467 0.086371 0 0
0.2 11 11 0.115997528941 9.86005601527e-07 0.999845453059 0.686898290665 0.999999997946 0.054546 0 0
0.3 11 10 0.11596085415 9.84530540186e-07 0.999652628796 0.686801882099 0.999999997865 0.055277 0 0
0.4 11 10 0.115998755813 9.854827215e-07 0.999383351925 0.68666709884 0.999999998055 0.054118 0 0
0.5 11 10 0.116044518881 9.81041795079e-07 0.999038300953 0.686494139913 0.999999997599 0.061318 0 0
0.6 11 10 0.116109800406 9.8470756877e-07 0.998618338071 0.686283233284 0.999999997995 0.044003 0 0
0.7 11 10 0.116176719796 9.77603961067e-07 0.998124511822 0.686034691184 0.99999999788 0.05413 0 0
0.8 11 10 0.116268891209 9.84083030553e-07 0.997558052166 0.685748833841 0.999999997932 0.055353 0 0
0.9 11 10 0.116357299078 9.74451986327e-07 0.996920361215 0.685426083464 0.999999998948 0.055115 0 0
1 11 10 0.116476032278 9.84129631321e-07 0.996213008571 0.685066843952 0.999999998776 0.055451 0 0
1.1 11 10 0.116583597527 9.71721932545e-07 0.995437723958 0.684671640662 0.999999998669 0.055151 0 0
1.2 11 10 0.116726673251 9.84386557556e-07 0.994596389524 0.684240952799 0.999999998457 0.054998 0 0
1.3 11 10 0.116851901741 9.68926320338e-07 0.99369103125 0.683775399948 0.999999998288 0.055402 0 0
1.4 11 10 0.11701790912 9.84647666914e-07 0.992723809858 0.683275526704 0.999999998014 0.055061 0 0
1.5 11 10 0.117159265572 9.6601768302e-07 0.991697011156 0.682742037341 0.999999997772 0.057103 0 0
1.6 11 10 0.117346852696 9.84839921677e-07 0.990613035788 0.682175530805 0.999999997476 0.055235 0 0
1.7 11 10 0.117503046085 9.63040863755e-07 0.98947439036 0.681576785085 0.999999997784 0.045043 0 0
1.8 11 10 0.117710755316 9.85040037456e-07 0.988283670653 0.68094644152 0.999999997463 0.044946 0 0
1.9 11 10 0.117881879166 9.59907637239e-07 0.987043557294 0.68028534011 0.999999997146 0.045125 0 0
2 11 10 0.118108737478 9.84656694274e-07 0.985756798533 0.679594153384 0.999999996926 0.045959 0 0
2.1 11 10 0.227895499716 9.56238768488e-07 0.984426204186 0.678873770714 0.9999999961 0.04577 0 0
2.2 11 10 0.227797032423 9.8302109523e-07 0.983054628427 0.678124886192 0.999999996911 0.044905 0 0
2.3 11 10 0.227660653642 9.52236275249e-07 0.981644961431 0.677348422368 0.999999996977 0.045562 0 0
2.4 11 10 0.227499880909 9.83178424538e-07 0.980200117196 0.676545078515 0.999999996526 0.045011 0 0
2.5 11 10 0.22732472905 9.49951397687e-07 0.978723019759 0.675715805103 0.999999996958 0.049088 0 0
2.6 11 10 0.227144959463 9.83335341284e-07 0.977216589618 0.67486129665 0.99999999723 0.045915 0 0
2.7 11 10 0.226975591921 9.47989486619e-07 0.975683736782 0.673982514188 0.999999997599 0.045911 0 0
2.8 11 10 0.226814673469 9.8338222338e-07 0.974127346394 0.673080140224 0.999999997595 0.046066 0 0
2.9 11 10 0.226666760428 9.46388861807e-07 0.972550265415 0.672155133853 0.999999997217 0.0464 0 0
3 11 10 0.226537307378 9.83262784425e-07 0.970955294367 0.671208156694 0.999999996754 0.047335 0 0
3.1 11 10 0.226426943267 9.45146310743e-07 0.969345180364 0.670240154861 0.999999996266 0.04565 0 0
3.2 11 10 0.226334093513 9.82914761014e-07 0.967722603955 0.669251761114 0.999999995709 0.045313 0 0
3.3 11 10 0.226267284616 9.442981254e-07 0.966090168625 0.668243896208 0.999999996682 0.046518 0 0
3.4 11 10 0.226220381038 9.82345172803e-07 0.964450390092 0.667217158329 0.999999996006 0.055792 0 0
3.5 11 10 0.226195534861 9.43917569081e-07 0.962805700402 0.666172436253 0.99999999661 0.046177 0 0
3.6 11 10 0.226192357431 9.81668966772e-07 0.961158426362 0.665110290098 0.999999996172 0.045927 0 0
3.7 11 10 0.226211419604 9.43620735728e-07 0.959510790618 0.664031564648 0.999999996142 0.045723 0 0
3.8 11 10 0.226252543315 9.8050378744e-07 0.957864901818 0.66293677872 0.999999995734 0.046073 0 0
3.9 11 10 0.226315876271 9.43637060643e-07 0.956222750834 0.661826727992 0.999999995691 0.04619 0 0
4 11 10 0.226401220825 9.79120442862e-07 0.954586205602 0.660701887866 0.99999999528 0.045814 0 0
4.1 11 10 0.226508661182 9.43864179354e-07 0.952957007501 0.659562999307 0.99999999524 0.046058 0 0
4.2 11 10 0.226638198687 9.77137144237e-07 0.951336767708 0.6584104939 0.999999995301 0.046273 0 0
4.3 11 11 0.22684616452 9.44428247697e-07 0.949726966058 0.657245054006 0.999999995578 0.046807 0 0
4.4 11 11 0.227022352797 9.75562031046e-07 0.948128945933 0.656067066762 0.999999995642 0.048332 0 0
4.5 11 11 0.227220639937 9.45113383438e-07 0.946543919229 0.654877155265 0.999999994981 0.055971 0 0
4.6 11 10 0.227363637571 9.73966685111e-07 0.9449729625 0.653675663597 0.999999995622 0.056722 0 0
4.7 11 10 0.227598799756 9.45811141657e-07 0.943417015697 0.652463153721 0.999999994753 0.056993 0 0
4.8 11 10 0.227848890102 9.7248418196e-07 0.941876889336 0.651239928201 0.999999996422 0.046585 0 0
4.9 11 10 0.228122827955 9.45523524669e-07 0.940353253509 0.650006491055 0.999999996936 0.056016 0 0
5 11 9 0.127691349953 9.71120478759e-07 0.938846659774 0.648763103562 0.999999996472 0.056359 0 0
5.1 11 9 0.128131614092 9.45818112936e-07 0.937357530893 0.647510216009 0.999999996745 0.055753 0 0
5.2 11 9 0.128594372711 9.70037988315e-07 0.935886169558 0.646248049956 0.999999996865 0.056384 0 0
5.3 11 9 0.129053701775 9.45968118938e-07 0.934432761701 0.644977006058 0.999999996917 0.056319 0 0
5.4 11 9 0.129527353153 9.69365027245e-07 0.932997381222 0.643697268464 0.99999999695 0.056079 0 0
5.5 11 9 0.13000396436 9.4587456412e-07 0.931579995779 0.642409194344 0.999999996944 0.057262 0 0
5.6 11 9 0.130488885171 9.69120746998e-07 0.930180472495 0.641112932159 0.999999996944 0.057387 0 0
5.7 11 9 0.130980639367 9.45466986092e-07 0.928798584139 0.639808802597 0.999999996909 0.056026 0 0
5.8 11 9 0.131477466881 9.69329159646e-07 0.927434015877 0.638496920026 0.999999996906 0.056733 0 0
5.9 11 9 0.131982052404 9.44705720696e-07 0.926086372175 0.63717757665 0.999999996851 0.055683 0 0
6 11 9 0.132491611898 9.70024948726e-07 0.924755183501 0.635850854295 0.999999997154 0.056743 0 0
6.1 11 9 0.133006557297 9.43579727983e-07 0.923439913928 0.634517024565 0.999999997066 0.056218 0 0
6.2 11 9 0.133529754361 9.71218841904e-07 0.922139968594 0.633176138608 0.999999997002 0.056341 0 0
6.3 11 9 0.134052532416 9.42072819889e-07 0.920854700935 0.631828456232 0.999999996891 0.055949 0 0
6.4 11 9 0.134590448451 9.72874436434e-07 0.919583420415 0.630473998983 0.999999996807 0.056099 0 0
6.5 11 9 0.135118631828 9.40177143355e-07 0.918325399905 0.629113022894 0.999999996671 0.059421 0 0
6.6 11 9 0.135672404355 9.74967978906e-07 0.917079883217 0.627745521396 0.999999996567 0.057407 0 0
6.7 11 9 0.13620369811 9.37907653829e-07 0.91584609233 0.626371754664 0.999999996405 0.059134 0 0
6.8 11 9 0.136774496844 9.77468417772e-07 0.91462323467 0.624991689219 0.99999999628 0.057566 0 0
6.9 11 9 0.137306926802 9.35312717176e-07 0.913410512796 0.623605596355 0.999999996085 0.057757 0 0
7 11 9 0.137896040853 9.80401401041e-07 0.91220711941 0.622213416577 0.99999999595 0.056433 0 0
7.1 11 9 0.138427626668 9.32459331057e-07 0.911012261086 0.620815440199 0.9999999959 0.056662 0 0
7.2 11 9 0.139036094068 9.83691478253e-07 0.909825154394 0.619411582897 0.999999995821 0.056964 0 0
7.3 11 9 0.13956523472 9.29330710713e-07 0.908645033238 0.618002158615 0.999999995649 0.056851 0 0
7.4 11 9 0.140194375534 9.87298598381e-07 0.907471154328 0.616587058491 0.9999999968 0.055975 0 0
7.5 11 9 0.140719974282 9.26012926393e-07 0.906302801754 0.615166625245 0.99999999685 0.056656 0 0
7.6 11 9 0.14137067566 9.91284525662e-07 0.905139293598 0.613740726159 0.999999996917 0.056795 0 0
7.7 11 9 0.141891472254 9.22561734089e-07 0.903979983367 0.612309737832 0.999999996858 0.056515 0 0
7.8 11 9 0.142564684159 9.95533230787e-07 0.902824265423 0.610873503006 0.999999996839 0.05709 0 0
7.9 11 9 0.143079893396 9.18954436807e-07 0.901671577486 0.609432435019 0.999999996727 0.057226 0 0
8 11 9 0.143776497034 9.99994966604e-07 0.90052140414 0.607986352001 0.999999996673 0.057011 0 0
8.1 11 9 0.144285634693 9.15225653372e-07 0.89937327832 0.60653570648 0.999999996529 0.056693 0 0
8.2 12 9 0.145006499072 7.0447461827e-07 0.89822678415 0.60508029135 0.99999999736 0.065494 0 0
8.3 12 9 0.14590618728 5.03530084635e-07 0.897081556895 0.603620241057 0.999999996837 0.071027 0 0
8.4 12 9 0.146928726579 5.06850176142e-07 0.895937285067 0.602155688844 0.999999997154 0.058864 0 0
8.5 12 9 0.148028865114 5.1051412598e-07 0.894793710671 0.600686771472 0.999999997012 0.059859 0 0
8.6 12 9 0.149179239502 5.14466575066e-07 0.893650628885 0.599213632102 0.999999996934 0.059737 0 0
8.7 12 9 0.150365245353 5.18642659193e-07 0.892507887659 0.597736418703 0.999999997151 0.058431 0 0
8.8 12 9 0.15157764162 5.22970814319e-07 0.891365387006 0.596255283577 0.999999996928 0.059171 0 0
8.9 12 9 0.152809862668 5.27375306968e-07 0.89022307773 0.594770384248 0.999999996885 0.058525 0 0
9 12 9 0.154058539151 5.31778437762e-07 0.889080959587 0.593281882043 0.999999996648 0.059071 0 0
9.1 12 9 0.155319746329 5.36102399199e-07 0.887939079249 0.591789942555 0.999999996488 0.058994 0 0
9.2 12 9 0.156592314156 5.4027079139e-07 0.886797528123 0.5902947347 0.999999996469 0.058998 0 0
9.3 12 9 0.157872438006 5.44209819652e-07 0.885656439904 0.588796429657 0.99999999599 0.05905 0 0
9.4 12 9 0.159163125637 5.45574688724e-07 0.884515985755 0.587295200475 0.999999996117 0.059521 0 0
9.5 12 9 0.160458640226 5.44636226452e-07 0.883376378439 0.585791227567 0.999999996182 0.05955 0 0
9.6 12 9 0.16175832239 5.44820464914e-07 0.882237859056 0.584284689446 0.99999999581 0.059251 0 0
9.7 12 10 0.259105656984 5.45036613507e-07 0.881100692724 0.582775767639 0.999999995233 0.049553 0 0
9.8 12 10 0.259926430375 5.4516773409e-07 0.879965178942 0.581264644236 0.9999999949 0.04989 0 0
9.9 12 10 0.260743621502 5.45133138904e-07 0.878831637757 0.579751500773 0.999999993855 0.049493 0 0
10 12 10 0.261558517687 5.44915458175e-07 0.877700408002 0.578236518786 0.999999992563 0.052857 0 0
10.1 12 10 0.262372050171 5.44493493761e-07 0.87657184467 0.576719878966 0.999999993783 0.050657 0 0
10.2 12 10 0.263188816789 5.43794810157e-07 0.875446309062 0.575201757815 0.999999993257 0.061823 0 0
10.3 12 10 0.264010281292 5.42833529013e-07 0.874324174369 0.573682332637 0.999999993821 0.06029 0 0
10.4 12 10 0.264845568451 5.41596736155e-07 0.873205814882 0.572161778836 0.999999994877 0.060604 0 0
10.5 12 10 0.265691466579 5.40076613696e-07 0.872091605336 0.570640266604 0.999999995312 0.060477 0 0
10.6 12 10 0.266541361939 5.3826510728e-07 0.870981919946 0.569117963715 0.999999995178 0.06115 0 0
10.7 12 10 0.267395640699 5.36154739255e-07 0.869877125391 0.56759503328 0.999999994995 0.060781 0 0
10.8 12 10 0.268254749772 5.33739031082e-07 0.868777577624 0.566071634107 0.999999994809 0.06069 0 0
10.9 12 10 0.269119142813 5.31012713657e-07 0.867683619623 0.564547920163 0.999999994623 0.060754 0 0
11 12 10 0.269989281321 5.2797179522e-07 0.866595578629 0.563024040251 0.99999999444 0.060852 0 0
11.1 12 10 0.270865622266 5.24613564898e-07 0.865513763572 0.561500137735 0.999999994259 0.060615 0 0
11.2 12 10 0.271748623039 5.20936560215e-07 0.864438462707 0.559976350227 0.999999994083 0.060188 0 0
11.3 12 10 0.272638738471 5.16940519435e-07 0.863369941546 0.558452809455 0.999999994003 0.060363 0 0
11.4 12 10 0.273536449267 5.12626322239e-07 0.862308440817 0.55692964086 0.999999994064 0.060542 0 0
11.5 12 10 0.274442122114 5.07995924627e-07 0.861254175313 0.555406964114 0.999999993919 0.060986 0 0
11.6 12 10 0.275356171567 5.03052293312e-07 0.860207332572 0.553884892451 0.999999993781 0.06081 0 0
11.7 12 10 0.276279027126 4.97799339104e-07 0.85916807158 0.552363532926 0.999999993647 0.063189 0 0
11.8 12 10 0.277211040287 4.92241851716e-07 0.858136522002 0.550842986167 0.999999993519 0.061005 0 0
11.9 12 10 0.278152551042 4.86385433963e-07 0.857112784068 0.549323346762 0.999999993317 0.061073 0 0
12 12 10 0.279103949435 4.80236439795e-07 0.856096928359 0.547804703426 0.999999993195 0.061087 0 0
12.1 12 10 0.280065435768 4.73801914498e-07 0.855088995501 0.5462871385 0.999999993082 0.059989 0 0
12.2 12 10 0.281037258888 4.72958528123e-07 0.854088996823 0.544770728818 0.99999999297 0.060467 0 0
12.3 12 10 0.282019628432 4.79409384215e-07 0.85309691509 0.543255545683 0.999999992855 0.060372 0 0
12.4 12 10 0.283012575033 4.85562354261e-07 0.852112705205 0.54174165512 0.999999992771 0.060657 0 0
12.5 12 11 0.284100115394 4.91419612938e-07 0.851136291703 0.540229118208 0.999999993637 0.06119 0 0
12.6 12 10 0.285075817956 4.96983010447e-07 0.850167585005 0.538717991052 0.999999994992 0.061283 0 0
12.7 12 11 0.286185370002 5.02254049358e-07 0.849206444505 0.537208325889 0.999999993912 0.0701 0 0
12.8 12 10 0.287187502178 5.07233871692e-07 0.848252748891 0.535700170964 0.999999994787 0.06031 0 0
12.9 12 11 0.288318528295 5.11923253095e-07 0.84730631191 0.534193570329 0.999999993472 0.070103 0 0
13 12 10 0.289347717255 5.16322601628e-07 0.846366972819 0.532688565651 0.999999994003 0.061146 0 0
13.1 12 11 0.29050152697 5.20431959656e-07 0.845434513197 0.531185194811 0.999999993768 0.061741 0 0
13.2 12 10 0.291556466997 5.24251007845e-07 0.844508738907 0.529683493876 0.999999994502 0.061731 0 0
13.3 12 11 0.292733167806 5.27779070497e-07 0.84358940402 0.52818349631 0.999999993489 0.073228 0 0
13.4 12 11 0.293862359717 5.31015122111e-07 0.842676283028 0.526685234343 0.999999993569 0.061224 0 0
13.5 12 11 0.295009134737 5.33957795025e-07 0.841769127183 0.525188738536 0.999999993149 0.06121 0 0
13.6 12 11 0.296174329136 5.36605388347e-07 0.84086769428 0.523694038992 0.999999992729 0.060977 0 0
13.7 12 12 0.297448877343 5.38955878519e-07 0.839971722505 0.52220116491 0.999999992534 0.060954 0 0
13.8 12 11 0.29863584211 5.41006931827e-07 0.839080963711 0.520710145531 0.999999993395 0.061335 0 0
13.9 12 11 0.299753096248 5.42755919345e-07 0.838195215333 0.519221009252 0.99999999227 0.061249 0 0
14 12 11 0.300889407389 5.44199934519e-07 0.837314181424 0.517733786862 0.99999999246 0.061242 0 0
14.1 12 12 0.302143122894 5.45335813935e-07 0.836437644503 0.516248507212 0.999999992585 0.061379 0 0
14.2 12 12 0.30341796272 5.46160161376e-07 0.835565369345 0.514765202439 0.999999991853 0.061793 0 0
14.3 12 11 0.304535016541 5.46669375379e-07 0.834697146382 0.513283905076 0.999999991696 0.06127 0 0
14.4 12 11 0.305738371433 5.468596804e-07 0.833832713334 0.511804648464 0.999999992378 0.061841 0 0
14.5 12 10 0.306937992841 5.46727161513e-07 0.832971877259 0.510327468176 0.999999991771 0.062506 0 0
14.6 12 11 0.308226847023 5.4626780253e-07 0.832114489276 0.508852401688 0.999999991826 0.061685 0 0
14.7 12 11 0.309473685809 5.45477527236e-07 0.831260384725 0.507379487986 0.999999991792 0.061783 0 0
14.8 12 11 0.31072638944 5.44352243416e-07 0.830409415006 0.505908767806 0.999999991846 0.062084 0 0
14.9 12 11 0.311984474058 5.42887889201e-07 0.829561449975 0.504440284012 0.999999992144 0.065674 0 0
15 12 11 0.313273256084 5.41080481298e-07 0.828716369601 0.502974085114 0.99999999263 0.052029 0 0
15.1 12 11 0.314574003539 5.3892616446e-07 0.827874084203 0.501510212441 0.999999992441 0.061559 0 0
15.2 12 11 0.315876193616 5.36421230623e-07 0.827034514464 0.500048721099 0.999999993373 0.051635 0 0
15.3 12 11 0.317181749281 5.33562238441e-07 0.826197612761 0.498589655477 0.999999992158 0.071181 0 0
15.4 12 12 0.318541916765 5.30345989304e-07 0.825363363437 0.49713307514 0.999999992548 0.051557 0 0
15.5 12 11 0.319796668852 5.26769651094e-07 0.824531731082 0.495679028066 0.999999992679 0.061691 0 0
15.6 12 11 0.321106095487 5.22830725925e-07 0.823702720036 0.494227576899 0.999999992141 0.062714 0 0
15.7 12 11 0.322427523412 5.18527174886e-07 0.822876360903 0.492778772732 0.999999992597 0.063245 0 0
15.8 12 11 0.323749821849 5.1385737673e-07 0.822052684136 0.491332680176 0.999999993414 0.053545 0 0
15.9 12 11 0.325082816617 5.08820249758e-07 0.821231751144 0.489889353227 0.999999992845 0.07253 0 0
16 12 11 0.326417190424 5.03415200458e-07 0.820413631647 0.488448859156 0.999999993881 0.052747 0 0
16.1 12 11 0.327752223283 4.97642242336e-07 0.819598416863 0.4870112532 0.999999992629 0.071424 0 0
16.2 12 11 0.329088054713 4.9150193335e-07 0.818786215322 0.485576604442 0.999999992615 0.051662 0 0
16.3 12 11 0.330424506836 4.84995491225e-07 0.817977137923 0.484144968501 0.999999992567 0.062846 0 0
16.4 12 11 0.331761363317 4.87175654992e-07 0.817171308477 0.482716414041 0.999999992486 0.0514 0 0
16.5 12 11 0.333098409276 4.91239557061e-07 0.816368862163 0.481290997051 0.999999992492 0.061378 0 0
16.6 12 11 0.334435466099 4.95107104427e-07 0.815569940962 0.479868785652 0.999999992398 0.056031 0 0
16.7 12 11 0.33577241209 4.98764863937e-07 0.814774693021 0.478449835248 0.999999992265 0.052163 0 0
16.8 12 11 0.337109123619 5.02199323304e-07 0.813983271032 0.477034210395 0.999999992221 0.052045 0 0
16.9 12 11 0.338445577717 5.05396983434e-07 0.813195831168 0.475621966691 0.999999992186 0.051586 0 0
17 12 11 0.339784097241 5.08344453472e-07 0.812412530732 0.474213165953 0.999999992619 0.051556 0 0
17.1 12 11 0.3411220797 5.11028550314e-07 0.811633527293 0.472807860834 0.999999992734 0.051499 0 0
17.2 12 11 0.342459466983 5.13436387233e-07 0.810858976274 0.471406110538 0.999999993651 0.051994 0 0
17.3 12 11 0.34379638028 5.15555474007e-07 0.810089029347 0.470007963739 0.999999992757 0.061132 0 0
17.4 12 11 0.345132709742 5.1737380127e-07 0.809323837686 0.468613477103 0.999999992741 0.051269 0 0
17.5 12 11 0.346468538104 5.18879932397e-07 0.808563542648 0.467222694655 0.999999992717 0.052057 0 0
17.6 12 11 0.347803956646 5.20063080565e-07 0.807808279521 0.465835667063 0.999999992711 0.051942 0 0
17.7 12 11 0.349139075277 5.20913180418e-07 0.807058175417 0.464452435617 0.999999992675 0.051364 0 0
17.8 12 11 0.350474006752 5.2142094779e-07 0.806313347968 0.463073046228 0.999999992663 0.051304 0 0
17.9 12 11 0.351808872324 5.21577928308e-07 0.805573904525 0.461697535293 0.999999993261 0.051115 0 0
18 12 11 0.353143840602 5.21376535574e-07 0.804839940092 0.46032594237 0.99999999327 0.061886 0 0
18.1 12 11 0.354479075125 5.20810069238e-07 0.804111539849 0.458958302634 0.999999993276 0.061522 0 0
18.2 12 11 0.355814673441 5.19872723744e-07 0.803388775325 0.457594648535 0.999999993281 0.061736 0 0
18.3 12 11 0.357150780578 5.18559573931e-07 0.802671705123 0.456235010054 0.999999993284 0.061801 0 0
18.4 12 11 0.358487540495 5.16866548758e-07 0.801960374393 0.454879414711 0.999999993285 0.065876 0 0
18.5 12 11 0.359825094153 5.14790382643e-07 0.801254814671 0.453527887622 0.999999993283 0.062743 0 0
18.6 12 11 0.36116357789 5.12328552561e-07 0.80055504379 0.452180451574 0.999999993279 0.0615 0 0
18.7 12 11 0.362503121723 5.09479200196e-07 0.799861065922 0.450837127106 0.999999993272 0.061766 0 0
18.8 12 11 0.363843847695 5.06241037654e-07 0.79917287174 0.449497932613 0.999999993262 0.061649 0 0
18.9 12 11 0.365185868316 5.026132452e-07 0.798490438708 0.448162884463 0.999999993249 0.062147 0 0
19 12 11 0.366529285144 4.98595358022e-07 0.797813731482 0.446831997121 0.999999993233 0.061802 0 0
19.1 12 11 0.367874184876 4.94187149067e-07 0.797142702428 0.445505283289 0.999999993214 0.062349 0 0
19.2 12 11 0.36922064629 4.89388510429e-07 0.796477292266 0.444182754075 0.999999993192 0.061074 0 0
19.3 12 11 0.370568731208 4.84199338568e-07 0.795817430703 0.442864419095 0.999999993167 0.06157 0 0
19.4 12 11 0.371918486616 4.78619425988e-07 0.795163037321 0.441550286682 0.999999993139 0.061759 0 0
19.5 12 11 0.373269944136 4.7264836636e-07 0.794514022428 0.440240364045 0.999999993107 0.061575 0 0
19.6 12 11 0.374623132361 4.66285476151e-07 0.793870288006 0.438934657432 0.999999992764 0.062536 0 0
19.7 12 11 0.375978015627 4.59529737336e-07 0.793231728839 0.437633173679 0.999999992766 0.051242 0 0
19.8 12 11 0.377334515925 4.52379767417e-07 0.792598233416 0.436335914174 0.999999992629 0.051469 0 0
19.9 12 11 0.378692746728 4.4483381808e-07 0.791969684874 0.435042887363 0.99999999264 0.051421 0 0
20 12 11 0.380052669681 4.36889809717e-07 0.791345962472 0.433754093802 0.999999993619 0.05172 0 0
20.1 12 11 0.381414227539 4.28545399972e-07 0.790726944718 0.432469546488 0.999999993939 0.05083 0 0
20.2 12 11 0.382777358098 4.21166560178e-07 0.790112506541 0.431189237329 0.999999994234 0.067342 0 0
20.3 12 11 0.384141535018 4.23412091328e-07 0.789502515906 0.429913180201 0.999999992754 0.061322 0 0
20.4 12 11 0.385507349018 4.2549934027e-07 0.788896854347 0.428641374144 0.999999993336 0.052232 0 0
20.5 12 11 0.386873733808 4.27434524041e-07 0.788295390294 0.427373832899 0.999999993314 0.051625 0 0
20.6 12 11 0.388241379605 4.292222419e-07 0.787698007572 0.426110549539 0.999999993134 0.061868 0 0
20.7 12 11 0.389610279743 4.3086516151e-07 0.787104582533 0.424851544486 0.999999994247 0.051509 0 0
20.8 12 11 0.390979756187 4.32363505093e-07 0.786515008906 0.423596809918 0.999999993468 0.061518 0 0
20.9 12 11 0.392349550727 4.33714902933e-07 0.78592918138 0.422346368512 0.999999993687 0.051135 0 0
21 12 11 0.393719774462 4.34914084693e-07 0.785346994723 0.421100214286 0.999999993422 0.061609 0 0
21.1 12 11 0.395091247347 4.35952767099e-07 0.784768348989 0.419858371752 0.999999994053 0.051607 0 0
21.2 12 11 0.396463200992 4.36819714859e-07 0.78419315978 0.418620836255 0.999999993252 0.061982 0 0
21.3 12 11 0.397835265607 4.37500729036e-07 0.783621353082 0.417387634165 0.999999993687 0.051867 0 0
21.4 12 11 0.399207327605 4.37978788131e-07 0.783052858685 0.41615876275 0.999999993145 0.062415 0 0
21.5 12 11 0.400579489319 4.38234308414e-07 0.782487614916 0.414934250446 0.999999993541 0.052355 0 0
21.6 12 11 0.401951383468 4.38245350363e-07 0.781925573651 0.41371409616 0.999999993194 0.062049 0 0
21.7 12 11 0.403322908643 4.37987923351e-07 0.781366693013 0.412498330344 0.999999992883 0.051243 0 0
21.8 12 11 0.404694044711 4.37436350912e-07 0.780810945659 0.41128695353 0.999999992557 0.06177 0 0
21.9 12 11 0.406065140039 4.36563571632e-07 0.780258313032 0.410079997509 0.999999994303 0.055862 0 0
22 12 11 0.407435297807 4.35341532479e-07 0.77970877882 0.408877464392 0.999999992051 0.073278 0 0
22.1 12 11 0.408804618859 4.33741557807e-07 0.779162345748 0.40767938167 0.999999991799 0.052513 0 0
22.2 12 11 0.410173117109 4.31734687729e-07 0.778619027313 0.406485765486 0.999999992526 0.052461 0 0
22.3 12 11 0.411540752144 4.29292106567e-07 0.778078845197 0.405296634947 0.999999992309 0.051906 0 0
22.4 12 11 0.412906575342 4.26385456993e-07 0.777541813827 0.404112004319 0.999999993571 0.052422 0 0
22.5 12 11 0.414271395259 4.22987267216e-07 0.777007998255 0.402931899053 0.999999992576 0.052253 0 0
22.6 12 11 0.415635787769 4.19071270805e-07 0.776477398464 0.401756331567 0.999999993546 0.052154 0 0
22.7 12 11 0.417000162886 4.14612846557e-07 0.775950081122 0.400585327375 0.99999999248 0.051524 0 0
22.8 12 11 0.41836376656 4.09589342123e-07 0.775426110069 0.399418898016 0.999999992802 0.051766 0 0
22.9 12 11 0.419726417116 4.03980486206e-07 0.774905548427 0.398257069124 0.999999992398 0.052232 0 0
23 12 11 0.421088710331 3.97768774515e-07 0.774388451494 0.397099851962 0.999999991606 0.052278 0 0
23.1 12 11 0.42244873223 3.90939844824e-07 0.773874896952 0.395947264946 0.999999991697 0.051893 0 0
23.2 12 11 0.423809127002 3.83482853735e-07 0.773364940868 0.394799325538 0.999999992049 0.052075 0 0
23.3 12 11 0.425169502213 3.75390909321e-07 0.7728586585 0.393656050512 0.999999991578 0.052407 0 0
23.4 12 11 0.426529704143 3.66661310246e-07 0.772356130447 0.392517454223 0.999999992606 0.05237 0 0
23.5 12 11 0.427890894907 3.57296065267e-07 0.771857442104 0.39138355856 0.999999993064 0.051955 0 0
23.6 12 11 0.429251195001 3.60236922298e-07 0.771362655218 0.390254365584 0.999999991787 0.052137 0 0
23.7 12 12 0.430654083462 3.64509616037e-07 0.77087184696 0.389129900277 0.999999991953 0.05292 0 0
23.8 12 12 0.43205715022 3.68405975049e-07 0.770385134892 0.388010163197 0.99999999253 0.057376 0 0
23.9 12 11 0.433333315221 3.71881504762e-07 0.769902554257 0.386895177732 0.999999992561 0.051982 0 0
24 12 12 0.434739281989 3.74889564591e-07 0.769424181054 0.385784941196 0.999999991809 0.052034 0 0
24.1 12 12 0.436156721393 3.77388418315e-07 0.768950078154 0.38467947367 0.999999991931 0.052652 0 0
24.2 12 12 0.437468272767 3.79331862377e-07 0.768480312677 0.383578771677 0.999999990775 0.052213 0 0
24.3 12 12 0.438832188602 3.80682578335e-07 0.768014988127 0.38248285066 0.999999991154 0.052559 0 0
24.4 12 12 0.440249987683 3.81400457335e-07 0.767554102142 0.381391707256 0.999999992748 0.052583 0 0
24.5 12 14 0.441771722537 3.81456923196e-07 0.767097717145 0.380305354795 0.999999992986 0.052891 0 0
24.6 12 14 0.443087085225 3.80823693222e-07 0.766645827108 0.379223785764 0.999999993419 0.052902 0 0
24.7 12 13 0.444421319482 3.79486455958e-07 0.766198497868 0.378147011156 0.999999993774 0.053522 0 0
24.8 12 14 0.445819098602 3.77434768089e-07 0.765755814972 0.377075020837 0.999999994193 0.053228 0 0
24.9 12 13 0.447166840641 3.74674725242e-07 0.76531767718 0.376007823605 0.999999993992 0.052528 0 0
25 12 14 0.448628967217 3.71218614564e-07 0.764884140506 0.374945406827 0.999999994565 0.053334 0 0
25.1 12 13 0.449991494262 3.67097848469e-07 0.764455199113 0.373887776852 0.999999994953 0.052931 0 0
25.2 12 14 0.451463262484 3.62349670695e-07 0.764030854882 0.372834919399 0.999999994529 0.052117 0 0
25.3 12 14 0.452932857856 3.57031927042e-07 0.763611093898 0.371786838991 0.999999993924 0.053052 0 0
25.4 12 13 0.454240550454 3.51205621351e-07 0.763195874315 0.370743519319 0.999999994079 0.052581 0 0
25.5 12 14 0.455710392077 3.60152050757e-07 0.762785194904 0.369704963683 0.999999994386 0.052685 0 0
25.6 12 13 0.457003216154 3.38340678125e-07 0.762379125647 0.368671154329 0.999999995147 0.052583 0 0
25.7 12 14 0.458410178172 3.31466773827e-07 0.761977503198 0.367642093565 0.999999994954 0.052619 0 0
25.8 12 14 0.459875336512 3.24411283675e-07 0.761580210272 0.366617762044 0.999999994121 0.054953 0 0
25.9 12 13 0.461116790825 3.17253007258e-07 0.761187343499 0.365598161241 0.999999995148 0.049653 0 0
26 12 14 0.462583629383 3.10062464369e-07 0.760798709718 0.364583271469 0.999999994729 0.051725 0 0
26.1 12 14 0.463996932916 3.02897939988e-07 0.760414388707 0.363573093608 0.999999994526 0.049554 0 0
26.2 12 13 0.465296564256 2.95800339682e-07 0.760034153619 0.362567607666 0.999999994771 0.049572 0 0
26.3 12 14 0.466708409263 2.88795752237e-07 0.759658086893 0.361566814318 0.999999994904 0.049923 0 0
26.4 12 13 0.468061643525 2.86617945528e-07 0.759285989592 0.360570693352 0.999999995032 0.049889 0 0
26.5 12 14 0.469524348806 3.14921358686e-07 0.758917838414 0.359579246405 0.999999994632 0.049181 0 0
26.6 12 14 0.470991862535 3.46787219595e-07 0.758553557041 0.35859245247 0.99999999381 0.050131 0 0
26.7 12 14 0.472480804262 3.82373873817e-07 0.758193073545 0.357610314205 0.999999995307 0.050044 0 0
26.8 12 14 0.473915558406 3.48661509361e-07 0.757836382959 0.356632811657 0.99999999524 0.050573 0 0
26.9 12 14 0.475238782211 3.76654302432e-07 0.757483227535 0.355659948081 0.999999995349 0.049116 0 0
27 12 14 0.476500267492 3.5232850828e-07 0.757133695248 0.354691703672 0.999999994214 0.049794 0 0
27.1 12 14 0.477919605873 3.41734899949e-07 0.756787650027 0.353728082716 0.999999994132 0.049395 0 0
27.2 12 14 0.479202492537 3.43949406663e-07 0.756444964804 0.352769066318 0.999999993656 0.049403 0 0
27.3 12 13 0.480518014234 3.34674701332e-07 0.75610564728 0.351814660425 0.999999993803 0.049859 0 0
27.4 12 14 0.481937056368 3.44704424276e-07 0.755769601309 0.350864847056 0.999999994136 0.049806 0 0
27.5 12 14 0.483375196392 3.6848362228e-07 0.755436747382 0.349919633505 0.999999993961 0.049141 0 0
27.6 12 14 0.484824336989 3.3655118608e-07 0.755107117501 0.348979002009 0.999999995023 0.049653 0 0
27.7 12 14 0.486095339063 3.11366913147e-07 0.754780552632 0.348042961644 0.999999993411 0.0495 0 0
27.8 12 13 0.487355288227 2.89824446045e-07 0.754457047742 0.347111494707 0.999999992443 0.05185 0 0
27.9 12 14 0.4887799075 2.80633610378e-07 0.754136562512 0.346184611684 0.99999999338 0.04948 0 0
28 12 13 0.490071055153 2.9140813527e-07 0.753819014755 0.345262296889 0.999999993601 0.050254 0 0
28.1 12 13 0.491433171974 3.20421978227e-07 0.753504383364 0.344344561742 0.999999993524 0.049379 0 0
28.2 12 13 0.492785617152 3.10336910106e-07 0.753192745833 0.343431389699 0.999999993523 0.049067 0 0
28.3 12 13 0.494133300118 3.18475677143e-07 0.752884004616 0.342522793851 0.999999993297 0.049937 0 0
28.4 12 14 0.495535565608 3.2569077629e-07 0.752578079805 0.341618758198 0.999999994384 0.049862 0 0
28.5 12 13 0.496822764361 3.31998281839e-07 0.752275087517 0.340719296617 0.99999999328 0.050081 0 0
28.6 12 13 0.498170298118 3.37371908139e-07 0.751974908809 0.339824390833 0.999999993577 0.049748 0 0
28.7 12 13 0.499501851926 3.41831287987e-07 0.751677683025 0.338934056381 0.999999992299 0.04976 0 0
28.8 12 13 0.500847794481 3.45285965773e-07 0.751383264608 0.338048275875 0.999999993254 0.049697 0 0
28.9 12 14 0.502226138832 3.47762865449e-07 0.751091822454 0.337167065305 0.99999999429 0.049419 0 0
29 12 14 0.50360350788 3.49176537047e-07 0.750803273382 0.336290409071 0.999999993154 0.050021 0 0
29.1 12 14 0.504994052437 3.49456117629e-07 0.750517639125 0.335418320409 0.999999993855 0.049403 0 0
29.2 12 14 0.506232292357 3.48591628608e-07 0.750234844563 0.334550782958 0.99999999282 0.049806 0 0
29.3 12 13 0.507446631621 3.46410047736e-07 0.749955108029 0.333687810344 0.999999992549 0.049377 0 0
29.4 12 14 0.508824347975 3.42975702813e-07 0.749678293742 0.332829385124 0.999999993062 0.049019 0 0
29.5 12 13 0.510107565557 3.38042911465e-07 0.749404506826 0.331975520948 0.999999993237 0.049395 0 0
29.6 12 14 0.5114884884 3.31686408956e-07 0.749133767723 0.331126199033 0.999999993261 0.048908 0 0
29.7 12 13 0.512725121884 3.23735196179e-07 0.748866260713 0.330281432726 0.999999992229 0.049149 0 0
29.8 12 14 0.514102216367 3.14180089456e-07 0.748601796494 0.329441201287 0.999999993195 0.056473 0 0
29.9 12 13 0.515382953062 3.88013832694e-07 0.748340479655 0.328605518026 0.999999992955 0.049201 0 0
30 12 14 0.516776025038 4.81530652077e-07 0.748082375687 0.327774360546 0.999999993681 0.04912 0 0
