# SIAM excitation B=c_0up^dag|gs> (normalized), method=star_gs
# L=100 U=0.1 V=0.1 dt=0.1 tmax=50 cutoff=1e-10 max_bond_dim=1024
# E_gs=-30.9227535891 gs_bond_dim=33 gs_wall_s=34.509359
# nrm=1  G00(t) = -i nrm^2 exp(i E_gs t) A(t)
# t  n_active  bond_dim  wall_s  n0up  n0dw  ReA  ImA
0 100 33 0.015829 0.500000000267 0.499999999701 1 0
0.1 100 23 0.541937 0.500000000153 0.499999999634 -0.998784146553 0.0492973056472
0.2 100 23 0.61784 0.500000000255 0.499999999613 0.995139548282 -0.0984747352295
0.3 100 23 0.612889 0.500000000276 0.499999999543 -0.989075067297 0.147412703685
0.4 100 23 0.610567 0.500000000256 0.499999999479 0.980605449833 -0.195992208275
0.5 100 23 0.609532 0.500000000235 0.499999999387 -0.969751291447 0.244095118082
0.6 100 23 0.585429 0.500000000209 0.499999999301 0.956538986225 -0.29160446113
0.7 100 23 0.570491 0.500000000182 0.49999999918 -0.941000662567 0.338404708819
0.8 100 23 0.456616 0.500000000152 0.499999999071 0.923174105055 -0.384382056862
0.9 100 23 0.48086 0.500000000122 0.499999998985 -0.903102662578 0.429424702017
1 100 23 0.510643 0.500000000089 0.499999998917 0.880835142918 -0.473423113961
1.1 100 23 0.44979 0.50000000006 0.499999998805 -0.856425694063 0.516270301638
1.2 100 23 0.483161 0.500000000032 0.499999998736 0.829933672536 -0.557862073425
1.3 100 23 0.462886 0.500000000009 0.499999998651 -0.801423499057 0.5980972905
1.4 100 23 0.523787 0.499999999987 0.499999998619 0.770964501894 -0.636878112775
1.5 100 23 0.607734 0.499999999973 0.499999998595 -0.738630748271 0.674110236822
1.6 100 23 0.55024 0.499999999964 0.499999998591 0.704500864266 -0.709703125183
1.7 100 23 0.545684 0.499999999964 0.499999998578 -0.66865784361 0.743570226537
1.8 100 23 0.445742 0.499999999971 0.499999998573 0.631188845873 -0.775629186162
1.9 100 23 0.557871 0.499999999989 0.499999998593 -0.592184984518 0.805802046199
2 100 23 0.598101 0.500000000016 0.499999998632 0.551741105341 -0.834015435225
2.1 100 23 0.620861 0.500000000054 0.499999998701 -0.509955555831 0.860200746664
2.2 100 23 0.463938 0.500000000102 0.499999998716 0.466929946022 -0.884294305626
2.3 100 23 0.441632 0.500000000158 0.499999998794 -0.422768901407 0.906237523738
2.4 100 23 0.459623 0.500000000224 0.499999998842 0.377579808515 -0.925977041617
2.5 100 23 0.569782 0.500000000296 0.4999999989 -0.331472553787 0.943464858626
2.6 100 23 0.440695 0.500000000373 0.499999999014 0.284559256357 -0.958658449592
2.7 100 23 0.438201 0.500000000457 0.499999999104 -0.236953995418 0.97152086822
2.8 100 23 0.439028 0.500000000547 0.499999999165 0.18877253281 -0.982020836932
2.9 100 23 0.438466 0.500000000639 0.499999999244 -0.140132031526 0.990132822926
3 100 23 0.438169 0.500000000729 0.499999999331 0.0911507708046 -0.995837100264
3.1 100 23 0.438127 0.500000000818 0.499999999398 -0.0419478585086 0.999119797839
3.2 100 23 0.438033 0.500000000902 0.499999999475 -0.00735705850745 -0.999972933107
3.3 100 23 0.439754 0.500000000981 0.499999999524 0.0566440853441 0.998394431496
3.4 100 23 0.437557 0.500000001048 0.499999999594 -0.105793370605 -0.994388131454
3.5 100 23 0.439449 0.500000001108 0.499999999643 0.154685397842 0.98796377511
3.6 100 23 0.439647 0.500000001158 0.499999999625 -0.203201276179 -0.979136984589
3.7 100 23 0.438725 0.500000001189 0.499999999681 0.251223029426 0.967929224021
3.8 100 23 0.442013 0.500000001209 0.499999999671 -0.298633882954 -0.954367747348
3.9 100 23 0.439217 0.500000001208 0.499999999692 0.345318547664 0.938485532049
4 100 23 0.437839 0.500000001197 0.499999999647 -0.39116350033 -0.92032119895
4.1 100 23 0.438413 0.500000001167 0.499999999583 0.436057259658 0.899918918307
4.2 100 23 0.437774 0.500000001123 0.499999999523 -0.479890657372 -0.877328302403
4.3 100 23 0.440413 0.50000000106 0.499999999449 0.522557103679 0.852604284898
4.4 100 23 0.438627 0.500000000979 0.499999999378 -0.563952846468 -0.825806987253
4.5 100 23 0.438111 0.500000000886 0.499999999263 0.603977223599 0.797001572527
4.6 100 23 0.452754 0.500000000781 0.499999999116 -0.642532907686 -0.766258086927
4.7 100 23 0.441365 0.500000000662 0.499999999013 0.679526142768 0.733651289468
4.8 100 23 0.441825 0.500000000538 0.49999999888 -0.714866972294 -0.699260470188
4.9 100 23 0.439921 0.500000000405 0.499999998773 0.748469457875 0.663169257335
5 100 23 0.438868 0.500000000267 0.499999998684 -0.780251888255 -0.625465414009
5.1 100 23 0.436991 0.500000000135 0.499999998562 0.810136978013 0.586240624747
5.2 100 23 0.433261 0.499999999999 0.499999998481 -0.838052055495 -0.545590272575
5.3 100 23 0.434299 0.499999999874 0.499999998348 0.863929239531 0.503613207065
5.4 100 23 0.437363 0.499999999757 0.4999999983 -0.887705604504 -0.46041150396
5.5 100 23 0.435534 0.499999999654 0.499999998258 0.909323333362 0.416090216958
5.6 100 23 0.4383 0.499999999569 0.499999998182 -0.928729858216 -0.370757122253
5.7 100 23 0.437811 0.499999999502 0.499999998152 0.945877988166 0.324522456453
5.8 100 23 0.438301 0.499999999455 0.499999998165 -0.96072602406 -0.277498648519
5.9 100 23 0.44214 0.499999999437 0.499999998133 0.973237859887 0.229800046374
6 100 23 0.444885 0.499999999447 0.499999998154 -0.983383070584 -0.181542638835
6.1 100 23 0.442588 0.499999999483 0.499999998254 0.991136986014 0.132843773573
6.2 100 23 0.440068 0.499999999553 0.499999998354 -0.99648075096 -0.0838218717477
6.3 100 23 0.440101 0.499999999655 0.499999998485 0.999401370974 0.0345961400514
6.4 100 23 0.439333 0.499999999793 0.499999998573 -0.999891743977 0.0147137191714
6.5 100 23 0.439409 0.499999999963 0.499999998688 0.997950677528 -0.0639877990031
6.6 100 23 0.437971 0.50000000016 0.499999998904 -0.993582891723 0.113106279531
6.7 100 23 0.439012 0.500000000396 0.499999999054 0.986799007719 -0.161949719213
6.8 100 23 0.438874 0.500000000657 0.499999999262 -0.977615521905 0.210399345325
6.9 100 23 0.439756 0.500000000939 0.499999999511 0.966054765789 -0.258337342781
7 100 23 0.517916 0.500000001251 0.499999999861 -0.952144851691 0.305647140623
7.1 100 23 0.478516 0.50000000159 0.500000000119 0.935919604389 -0.352213695488
7.2 100 23 0.439597 0.500000001942 0.500000000461 -0.91741847886 0.397923771359
7.3 100 23 0.436613 0.500000002312 0.500000000773 0.896686464339 -0.442666214921
7.4 100 23 0.436565 0.500000002688 0.500000001107 -0.873773974925 0.486332225854
7.5 100 23 0.435776 0.50000000307 0.500000001456 0.848736726977 -0.5288156214
7.6 100 23 0.433686 0.500000003446 0.500000001872 -0.821635603641 0.570013094573
7.7 100 23 0.439849 0.500000003822 0.500000002219 0.79253650679 -0.609824465366
7.8 100 23 0.440492 0.50000000419 0.500000002491 -0.761510196778 0.648152924361
7.9 100 23 0.439845 0.500000004538 0.500000002768 0.728632120365 -0.684905268141
8 100 23 0.443124 0.50000000486 0.500000003058 -0.693982227259 0.719992125932
8.1 100 23 0.438949 0.500000005159 0.500000003287 0.657644775698 -0.753328176929
8.2 100 23 0.437354 0.500000005425 0.500000003491 -0.619708127561 0.784832357764
8.3 100 23 0.436498 0.500000005653 0.500000003649 0.580264533498 -0.814428059638
8.4 100 23 0.43777 0.500000005834 0.500000003815 -0.539409908604 0.842043314602
8.5 100 23 0.440362 0.50000000597 0.500000003893 0.497243599178 -0.867610970565
8.6 100 23 0.441808 0.500000006055 0.500000003922 -0.45386814115 0.891068854591
8.7 100 23 0.522928 0.500000006082 0.500000003953 0.409389010738 -0.912359924078
8.8 100 23 0.624473 0.500000006053 0.500000003921 -0.363914367964 0.931432405476
8.9 100 23 0.607565 0.500000005964 0.50000000383 0.317554793639 -0.94823992018
9 100 23 0.443421 0.500000005809 0.500000003729 -0.270423020465 0.962741597312
9.1 100 23 0.489079 0.500000005593 0.500000003562 0.222633658901 -0.974902173103
9.2 100 23 0.454424 0.500000005314 0.500000003335 -0.174302918468 0.984692076649
9.3 100 23 0.443135 0.500000004973 0.500000003072 0.125548325158 -0.992087501815
9.4 100 23 0.435754 0.500000004569 0.50000000279 -0.0764884356458 0.997070465125
9.5 100 23 0.4319 0.5000000041 0.500000002498 0.0272425489981 -0.999628849495
9.6 100 23 0.425706 0.500000003577 0.500000002112 0.0220695834299 0.999756433693
9.7 100 23 0.425905 0.500000002999 0.500000001656 -0.0713280491926 -0.997452907473
9.8 100 23 0.442997 0.500000002371 0.500000001243 0.120413066346 0.992723872326
9.9 100 23 0.425864 0.500000001697 0.500000000755 -0.169205274721 -0.985580827859
10 100 23 0.42635 0.500000000968 0.500000000347 0.217586026173 0.976041143833
10.1 100 23 0.429439 0.500000000212 0.499999999836 -0.265437673098 -0.964128017924
10.2 100 23 0.447329 0.499999999419 0.4999999993 0.312643854518 0.949870419311
10.3 100 23 0.447758 0.499999998603 0.499999998723 -0.359089779033 -0.933303018235
10.4 100 23 0.438528 0.499999997764 0.499999998124 0.404662503963 0.914466101692
10.5 100 23 0.427856 0.499999996913 0.49999999751 -0.44925120999 -0.89340547546
10.6 100 23 0.430548 0.49999999605 0.499999996953 0.492747470638 0.870172352723
10.7 100 23 0.430151 0.499999995189 0.499999996362 -0.535045515932 -0.844823229526
10.8 100 23 0.424461 0.499999994332 0.499999995806 0.576042489601 0.817419747403
10.9 100 23 0.426259 0.499999993489 0.499999995204 -0.615638699193 -0.788028543473
11 100 23 0.425393 0.499999992663 0.499999994629 0.653737858499 0.756721088407
11.1 100 23 0.42484 0.49999999186 0.49999999405 -0.690247321691 -0.723573512628
11.2 100 23 0.424874 0.499999991088 0.499999993498 0.725078308607 0.688666421185
11.3 100 23 0.425736 0.499999990355 0.499999992929 -0.758146120644 -0.652084697747
11.4 100 23 0.428869 0.499999989661 0.499999992432 0.789370346713 0.613917298189
11.5 100 23 0.440477 0.499999989012 0.49999999193 -0.81867505878 -0.574257034281
11.6 100 23 0.433796 0.499999988417 0.499999991441 0.845988996497 0.533200347992
11.7 100 23 0.426845 0.499999987878 0.499999990975 -0.871245740488 -0.490847076977
11.8 100 23 0.439658 0.499999987392 0.499999990553 0.894383873861 0.447300211801
11.9 100 23 0.428168 0.499999986969 0.49999999012 -0.915347131553 -0.402665645492
12 100 23 0.427083 0.499999986614 0.499999989685 0.934084537156 0.357051916046
12.1 100 23 0.427204 0.499999986328 0.499999989308 -0.950550526823 -0.310569942479
12.2 100 23 0.442341 0.499999986101 0.499999988956 0.964705060258 0.263332755145
12.3 100 23 0.445925 0.49999998594 0.499999988632 -0.976513717792 -0.215455220839
12.4 100 23 0.435003 0.499999985846 0.499999988324 0.985947784282 0.167053763491
12.5 100 23 0.42224 0.499999985817 0.499999988042 -0.992984318883 -0.118246081055
12.6 100 23 0.47348 0.499999985853 0.499999987776 0.997606210834 0.0691508593038
12.7 100 23 0.53588 0.499999985951 0.49999998752 -0.999802221068 -0.0198874832215
12.8 100 23 0.504478 0.499999986109 0.499999987265 0.999567009541 -0.0294242533076
12.9 100 23 0.433339 0.499999986324 0.499999987057 -0.996901148218 0.0786644388005
13 100 23 0.436868 0.499999986595 0.499999986859 0.99181111968 -0.127713335765
13.1 100 23 0.476941 0.499999986914 0.499999986683 -0.984309301365 0.176451671867
13.2 100 23 0.434838 0.499999987281 0.499999986549 0.974413935463 -0.224760929962
13.3 100 23 0.464115 0.499999987692 0.499999986422 -0.962149084564 0.272523636296
13.4 100 23 0.595844 0.499999988144 0.499999986292 0.947544573136 -0.319623646169
13.5 100 23 0.60012 0.499999988633 0.499999986162 -0.930635915012 0.365946426358
13.6 100 23 0.442646 0.499999989153 0.499999986071 0.91146422702 -0.411379333635
13.7 100 23 0.432034 0.499999989703 0.499999985995 -0.890076129005 0.455811888675
13.8 100 23 0.433941 0.49999999028 0.499999985931 0.866523630463 -0.499136044715
13.9 100 23 0.56288 0.499999990876 0.499999985911 -0.840864004069 0.541246450287
14 100 23 0.590904 0.499999991491 0.49999998586 0.813159646405 -0.582040705405
14.1 100 23 0.594317 0.499999992121 0.499999985848 -0.783477926233 0.621419610568
14.2 100 23 0.534466 0.499999992762 0.499999985904 0.751891020671 -0.659287407985
14.3 100 23 0.595981 0.49999999341 0.499999985968 -0.718475739684 0.695552014433
14.4 100 23 0.592247 0.499999994063 0.499999986113 0.6833133393 -0.730125245168
14.5 100 23 0.592559 0.499999994721 0.499999986276 -0.646489324024 0.762923028373
14.6 100 23 0.541957 0.499999995383 0.4999999864 0.608093238912 -0.79386560959
14.7 100 23 0.44131 0.499999996041 0.4999999866 -0.568218451829 0.822877745659
14.8 100 23 0.441437 0.499999996699 0.499999986824 0.526961926402 -0.849888887693
14.9 100 23 0.443146 0.499999997358 0.499999987127 -0.484423986235 0.874833352622
15 100 23 0.445724 0.499999998009 0.499999987502 0.440708070953 -0.897650482926
15.1 100 23 0.524796 0.499999998658 0.499999987879 -0.395920484665 0.918284794126
15.2 100 23 0.589281 0.499999999301 0.499999988289 0.350170137465 -0.936686109712
15.3 100 23 0.587051 0.49999999994 0.499999988768 -0.303568280597 0.952809683155
15.4 100 23 0.590894 0.500000000575 0.499999989312 0.256228235921 -0.966616306719
15.5 100 23 0.590585 0.500000001207 0.499999989918 -0.208265120353 0.9780724068
15.6 100 23 0.588619 0.500000001837 0.49999999061 0.159795565929 -0.987150125567
15.7 100 23 0.586933 0.500000002467 0.499999991337 -0.110937436196 0.993827388709
15.8 100 23 0.589441 0.500000003091 0.499999992101 0.0618095396008 -0.998087959106
15.9 100 23 0.585647 0.50000000373 0.499999992859 -0.0125313405813 0.999921476317
16 100 23 0.593778 0.50000000436 0.499999993701 -0.0367773309325 -0.999323481775
16.1 100 23 0.586797 0.500000004996 0.499999994577 0.0859965709113 0.996295429624
16.2 100 23 0.589715 0.50000000563 0.499999995528 -0.135006692796 -0.990844683186
16.3 100 23 0.588744 0.500000006271 0.499999996518 0.183688518542 0.982984497057
16.4 100 23 0.59289 0.500000006916 0.499999997605 -0.231923668421 -0.972733984873
16.5 100 23 0.531008 0.500000007564 0.499999998676 0.279594848889 0.960118072831
16.6 100 23 0.443229 0.500000008218 0.499999999825 -0.326586137809 -0.945167439079
16.7 100 23 0.539475 0.500000008881 0.500000000989 0.372783266336 0.927918439113
16.8 100 23 0.596938 0.500000009549 0.50000000217 -0.418073896788 -0.908413017373
16.9 100 23 0.444078 0.500000010227 0.500000003342 0.462347895817 0.886698605246
17 100 23 0.525152 0.500000010911 0.500000004571 -0.505497602219 -0.862828005726
17.1 100 23 0.60111 0.500000011601 0.50000000578 0.547418088738 0.836859265015
17.2 100 23 0.598867 0.500000012298 0.500000006996 -0.588007417212 -0.808855531369
17.3 100 23 0.532097 0.500000012998 0.500000008257 0.627166886463 0.778884901543
17.4 100 23 0.432828 0.500000013699 0.500000009532 -0.664801272303 -0.747020255198
17.5 100 23 0.434985 0.500000014402 0.500000010821 0.700819059094 0.713339077681
17.6 100 23 0.434088 0.500000015108 0.50000001207 -0.735132662287 -0.677923271602
17.7 100 23 0.435909 0.500000015812 0.500000013315 0.767658641365 0.640858957635
17.8 100 23 0.441089 0.500000016511 0.500000014507 -0.798317902852 -0.602236265209
17.9 100 23 0.444072 0.500000017184 0.50000001564 0.827035892584 0.562149113252
18 100 23 0.441338 0.500000017846 0.500000016814 -0.8537427769 -0.520694981776
18.1 100 23 0.452983 0.500000018497 0.500000017931 0.878373612599 0.477974674906
18.2 100 23 0.457135 0.500000019136 0.500000019 -0.90086850481 -0.434092075726
18.3 100 23 0.456199 0.500000019755 0.500000020042 0.921172752642 0.389153893672
18.4 100 23 0.450445 0.500000020357 0.500000021018 -0.939236982202 -0.343269405042
18.5 100 23 0.445556 0.500000020936 0.500000021954 0.955017266654 0.296550187272
18.6 100 23 0.454872 0.500000021488 0.500000022823 -0.968475233036 -0.24910984761
18.7 100 23 0.453599 0.500000022011 0.500000023665 0.979578155577 0.201063746858
18.8 100 23 0.54461 0.500000022505 0.50000002437 -0.988299035268 -0.152528718849
18.9 100 23 0.622781 0.500000022963 0.500000025056 0.994616665524 0.103622786342
19 100 23 0.617584 0.500000023387 0.500000025646 -0.998515683746 -0.0544648740252
19.1 100 23 0.550902 0.500000023771 0.500000026205 0.99998660868 0.00517451932685
19.2 100 23 0.453627 0.500000024117 0.500000026672 -0.999025863475 0.0441284182642
19.3 100 23 0.45272 0.500000024421 0.500000027042 0.995635784376 -0.0933240486613
19.4 100 23 0.453571 0.500000024683 0.500000027343 -0.98982461505 0.142292742717
19.5 100 23 0.598747 0.500000024901 0.500000027589 0.981606486531 -0.190915423126
19.6 100 23 0.640563 0.500000025072 0.500000027764 -0.971001382865 0.239073853984
19.7 100 23 0.631153 0.500000025198 0.500000027831 0.958035092512 -0.286650928305
19.8 100 23 0.635097 0.500000025277 0.500000027841 -0.942739145634 0.333530952788
19.9 100 23 0.630397 0.500000025316 0.500000027684 0.925150737428 -0.379599929152
20 100 23 0.630339 0.500000025307 0.50000002748 -0.905312637672 0.424745831342
20.1 100 23 0.625167 0.500000025251 0.500000027281 0.883273086729 -0.468858877945
20.2 100 23 0.522315 0.500000025151 0.500000026976 -0.859085678233 0.511831799147
20.3 100 23 0.61487 0.50000002501 0.500000026563 0.832809228771 -0.553560097579
20.4 100 23 0.541792 0.500000024825 0.500000026122 -0.804507634856 0.593942302426
20.5 100 23 0.505213 0.500000024595 0.500000025674 0.774249717552 -0.632880216169
20.6 100 23 0.530436 0.500000024333 0.500000024976 -0.742109055117 0.67027915338
20.7 100 23 0.588881 0.500000024027 0.500000024359 0.708163804088 -0.706048170961
20.8 100 23 0.46064 0.500000023684 0.500000023649 -0.672496509222 0.740100289297
20.9 100 23 0.451302 0.500000023303 0.500000022905 0.635193902777 -0.772352703758
21 100 23 0.549061 0.500000022886 0.500000022112 -0.596346693603 0.802726986061
21.1 100 23 0.603179 0.500000022439 0.500000021249 0.556049346563 -0.831149274982
21.2 100 23 0.628308 0.500000021961 0.500000020351 -0.514399852825 0.857550455965
21.3 100 23 0.6253 0.500000021449 0.500000019417 0.471499491574 -0.881866329187
21.4 100 23 0.590877 0.50000002091 0.50000001844 -0.427452583736 0.904037765672
21.5 100 23 0.528967 0.500000020345 0.500000017452 0.382366238296 -0.924010851078
21.6 100 23 0.447688 0.500000019741 0.500000016497 -0.33635009184 0.941737016801
21.7 100 23 0.456009 0.500000019109 0.500000015539 0.289516041958 -0.957173158076
21.8 100 23 0.59763 0.500000018456 0.50000001454 -0.241977975135 0.970281738794
21.9 100 23 0.491363 0.500000017776 0.500000013494 0.193851489815 -0.981030882787
22 100 23 0.590152 0.500000017069 0.500000012467 -0.145253615304 0.98939445133
22.1 100 23 0.430465 0.500000016341 0.500000011467 0.0963025271842 -0.995352106713
22.2 100 23 0.434255 0.500000015591 0.500000010404 -0.0471172599488 0.998889361687
22.3 100 23 0.43349 0.500000014816 0.500000009359 -0.00218258245496 -0.999997614701
22.4 100 23 0.493543 0.500000014021 0.500000008269 0.0514771174671 0.998674170813
22.5 100 23 0.438629 0.500000013201 0.500000007226 -0.100646475434 -0.994922248245
22.6 100 23 0.46241 0.50000001236 0.500000006176 0.149571091094 0.988750970557
22.7 100 23 0.573709 0.500000011501 0.500000005127 -0.198131994328 -0.980175344461
22.8 100 23 0.595859 0.500000010619 0.500000004126 0.246211099456 0.969216223332
22.9 100 23 0.590736 0.500000009717 0.500000003144 -0.293691492388 -0.955900256492
23 100 23 0.442322 0.500000008796 0.500000002181 0.340457714924 0.940259824415
23.1 100 23 0.42462 0.500000007856 0.500000001277 -0.386396045514 -0.922332959982
23.2 100 23 0.424334 0.500000006897 0.500000000388 0.431394775797 0.902163255998
23.3 100 23 0.427823 0.500000005924 0.49999999952 -0.475344482237 -0.879799759185
23.4 100 23 0.434594 0.500000004935 0.499999998706 0.518138292215 0.85529685092
23.5 100 23 0.435604 0.500000003934 0.499999997919 -0.559672143907 -0.828714114991
23.6 100 23 0.432448 0.50000000292 0.499999997156 0.599845039334 0.800116192709
23.7 100 23 0.426532 0.500000001895 0.499999996483 -0.638559289957 -0.769572625719
23.8 100 23 0.425092 0.500000000863 0.499999995864 0.675720754229 0.737157686895
23.9 100 23 0.424566 0.499999999831 0.49999999521 -0.711239066517 -0.702950199732
24 100 23 0.42574 0.499999998794 0.499999994645 0.745027856844 0.667033346668
24.1 100 23 0.423224 0.499999997758 0.499999994123 -0.777004960917 -0.629494466813
24.2 100 23 0.426419 0.499999996726 0.499999993618 0.807092619927 0.590424843562
24.3 100 23 0.424288 0.499999995698 0.499999993205 -0.835217669632 -0.549919482623
24.4 100 23 0.423785 0.499999994678 0.499999992869 0.861311718272 0.508076880993
24.5 100 23 0.422773 0.499999993673 0.499999992552 -0.885311312878 -0.464998787438
24.6 100 23 0.42342 0.499999992685 0.499999992278 0.907158093573 0.420789955076
24.7 100 23 0.427341 0.499999991715 0.499999992058 -0.92679893548 -0.375557886643
24.8 100 23 0.424651 0.499999990767 0.499999991965 0.94418607791 0.329412573082
24.9 100 23 0.427498 0.499999989842 0.4999999919 -0.959277240504 -0.282466226077
25 100 23 0.424683 0.499999988949 0.499999991878 0.97203572604 0.234833005187
25.1 100 23 0.423765 0.499999988088 0.499999991957 -0.982430509673 -0.186628740244
25.2 100 23 0.425585 0.499999987264 0.499999992035 0.990436314382 0.137970649688
25.3 100 23 0.423647 0.499999986478 0.499999992181 -0.996033672428 -0.0889770555308
25.4 100 23 0.442396 0.499999985732 0.499999992344 0.999208972702 0.039767095627
25.5 100 23 0.421614 0.499999985024 0.499999992627 -0.999954493816 0.00953956603089
25.6 100 23 0.424117 0.499999984367 0.499999992952 0.998268422886 -0.0588230303005
25.7 100 23 0.424685 0.499999983762 0.499999993269 -0.994154859934 0.107963454448
25.8 100 23 0.426158 0.499999983206 0.499999993647 0.987623807922 -0.156841343573
25.9 100 23 0.425987 0.499999982705 0.499999994009 -0.978691148428 0.205337841178
26 100 23 0.425718 0.499999982255 0.499999994451 0.967378603024 -0.253335018201
26.1 100 23 0.426218 0.49999998185 0.499999994917 -0.953713680456 0.300716159775
26.2 100 23 0.428482 0.499999981504 0.499999995388 0.937729609753 -0.347366049052
26.3 100 23 0.424446 0.499999981212 0.499999995808 -0.919465259425 0.393171247368
26.4 100 23 0.432751 0.499999980967 0.499999996396 0.89896504294 -0.4380203701
26.5 100 23 0.429982 0.499999980771 0.499999997006 -0.87627881073 0.481804357515
26.6 100 23 0.431939 0.499999980624 0.499999997619 0.851461728968 -0.524416739971
26.7 100 23 0.430326 0.499999980523 0.499999998268 -0.824574145418 0.565753896824
26.8 100 23 0.433619 0.499999980473 0.499999998862 0.79568144269 -0.605715308397
26.9 100 23 0.430457 0.499999980464 0.499999999512 -0.764853879248 0.644203800418
27 100 23 0.431776 0.499999980497 0.500000000094 0.732166418559 -0.681125780317
27.1 100 23 0.431794 0.499999980566 0.500000000669 -0.697698546811 0.716391464815
27.2 100 23 0.430334 0.499999980672 0.500000001219 0.661534079621 -0.749915098252
27.3 100 23 0.42953 0.499999980813 0.500000001719 -0.623760958222 0.781615161117
27.4 100 23 0.424779 0.499999980979 0.500000002254 0.584471035614 -0.811414568283
27.5 100 23 0.446409 0.499999981172 0.50000000272 -0.543759853208 0.83924085645
27.6 100 23 0.42425 0.499999981381 0.500000003163 0.501726408498 -0.865026360358
27.7 100 23 0.425557 0.499999981606 0.500000003636 -0.458472914324 0.888708377328
27.8 100 23 0.424269 0.499999981848 0.500000003992 0.414104550325 -0.910229319734
27.9 100 23 0.42397 0.499999982095 0.500000004402 -0.368729207171 0.929536855043
28 100 23 0.42577 0.499999982349 0.500000004731 0.322457224207 -0.94658403307
28.1 100 23 0.424586 0.49999998261 0.500000005015 -0.27540112114 0.961329400144
28.2 100 23 0.424341 0.499999982868 0.500000005302 0.227675324422 -0.973737099918
28.3 100 23 0.427363 0.499999983125 0.500000005519 -0.179395889001 0.983776960554
28.4 100 23 0.425538 0.499999983377 0.500000005673 0.130680216113 -0.991424568096
28.5 100 23 0.426405 0.499999983625 0.500000005776 -0.0816467677899 0.996661325836
28.6 100 23 0.424942 0.499999983862 0.500000005798 0.0324147788008 -0.999474499536
28.7 100 23 0.423989 0.499999984087 0.500000005838 0.0168960332935 0.999857248393
28.8 100 23 0.428017 0.4999999843 0.500000005781 -0.066165759258 -0.997808641678
28.9 100 23 0.428056 0.499999984499 0.500000005699 0.115274589767 0.993333660992
29 100 23 0.426078 0.499999984687 0.500000005535 -0.164103106744 -0.986443188157
29.1 100 23 0.423141 0.499999984857 0.500000005359 0.212532573753 0.977153978755
29.2 100 23 0.424375 0.499999985006 0.500000005114 -0.260445224727 -0.965488621383
29.3 100 23 0.427632 0.499999985144 0.50000000483 0.307724550345 0.95147548272
29.4 100 23 0.427225 0.499999985266 0.500000004502 -0.354255581342 -0.935148638555
29.5 100 23 0.428423 0.499999985373 0.500000004111 0.399925168084 0.916547790917
29.6 100 23 0.429517 0.499999985467 0.500000003666 -0.444622255713 -0.89571817154
29.7 100 23 0.431388 0.499999985549 0.500000003184 0.488238154202 0.872710431864
29.8 100 23 0.431362 0.499999985621 0.500000002639 -0.530666802651 -0.847580519873
29.9 100 23 0.429816 0.499999985675 0.500000002104 0.571805027202 0.820389544041
30 100 23 0.430407 0.499999985725 0.500000001516 -0.611552791923 -0.791203624737
30.1 100 23 0.431808 0.499999985767 0.500000000861 0.649813442067 0.760093733441
30.2 100 23 0.430005 0.499999985804 0.50000000015 -0.686493939108 -0.72713552016
30.3 100 23 0.43592 0.499999985837 0.499999999401 0.721505086982 0.692409129468
30.4 100 23 0.434177 0.499999985869 0.499999998639 -0.754761748986 -0.655999005626
30.5 100 23 0.432688 0.4999999859 0.499999997841 0.786183054806 0.617993687228
30.6 100 23 0.433726 0.499999985931 0.499999997057 -0.815692597166 -0.578485591911
30.7 100 23 0.435958 0.499999985971 0.499999996205 0.843218617634 0.537570791616
30.8 100 23 0.432123 0.499999986016 0.499999995373 -0.868694181111 -0.495348778974
30.9 100 23 0.42996 0.499999986063 0.499999994545 0.892057338599 0.451922225367
31 100 23 0.434311 0.499999986122 0.49999999367 -0.913251277847 -0.407396731263
31.1 100 23 0.434532 0.49999998619 0.499999992799 0.932224461494 0.361880569426
31.2 100 23 0.434703 0.49999998627 0.499999991912 -0.948930752399 -0.315484421629
31.3 100 23 0.433002 0.499999986365 0.499999990976 0.963329525828 0.268321109512
31.4 100 23 0.435876 0.499999986472 0.499999990066 -0.975385768246 -0.220505320226
31.5 100 23 0.430799 0.499999986591 0.499999989167 0.985070162455 0.172153327557
31.6 100 23 0.432574 0.499999986723 0.499999988293 -0.992359158887 -0.123382709175
31.7 100 23 0.431889 0.499999986869 0.49999998743 0.99723503287 0.0743120607262
31.8 100 23 0.432254 0.499999987029 0.499999986571 -0.999685927728 -0.0250607074377
31.9 100 23 0.431373 0.499999987203 0.499999985694 0.999705883613 -0.024251586041
32 100 23 0.428043 0.499999987387 0.499999984892 -0.997294851998 0.0735049068726
32.1 100 23 0.507287 0.499999987583 0.49999998406 0.992458695796 -0.122579485623
32.2 100 23 0.515309 0.499999987787 0.499999983282 -0.9852091751 0.171355987508
32.3 100 23 0.438748 0.499999987998 0.499999982527 0.97556391859 -0.219715802574
32.4 100 23 0.439493 0.499999988217 0.499999981814 -0.963546380662 0.267541334128
32.5 100 23 0.433272 0.499999988442 0.499999981099 0.949185784396 -0.314716284697
32.6 100 23 0.434992 0.49999998867 0.499999980406 -0.932517050492 0.361125938826
32.7 100 23 0.428351 0.499999988897 0.499999979773 0.913580712356 -0.406657442032
32.8 100 23 0.434116 0.499999989123 0.499999979148 -0.892422817532 0.451200075237
32.9 100 23 0.431958 0.499999989347 0.499999978548 0.869094815731 -0.494645523998
33 100 23 0.435148 0.499999989564 0.499999978014 -0.843653433718 0.536888141902
33.1 100 23 0.429343 0.49999998977 0.49999997757 0.81616053737 -0.577825207459
33.2 100 23 0.428496 0.499999989968 0.499999977107 -0.786682981238 0.617357173897
33.3 100 23 0.43743 0.499999990157 0.499999976691 0.755292445974 -0.655387911227
33.4 100 23 0.431982 0.499999990334 0.499999976285 -0.722065264028 0.691824940001
33.5 100 23 0.43452 0.499999990496 0.499999975945 0.687082234029 -0.726579656199
33.6 100 23 0.431629 0.499999990642 0.499999975606 -0.650428424304 0.759567546682
33.7 100 23 0.43196 0.49999999077 0.499999975307 0.612192966022 -0.79070839471
33.8 100 23 0.434726 0.499999990877 0.499999975061 -0.572468836451 0.819926474997
33.9 100 23 0.431222 0.499999990968 0.499999974837 0.531352632863 -0.847150737859
34 100 23 0.431799 0.499999991033 0.499999974636 -0.488944337642 0.872314981982
34.1 100 23 0.432964 0.499999991076 0.499999974489 0.445347075153 -0.895358015406
34.2 100 23 0.430391 0.499999991094 0.499999974398 -0.400666860979 0.916223804324
34.3 100 23 0.42938 0.49999999109 0.499999974319 0.355012344115 -0.934861609342
34.4 100 23 0.49521 0.499999991064 0.499999974253 -0.308494542776 0.951226108857
34.5 100 23 0.453853 0.499999991018 0.49999997423 0.261226574423 -0.965277509273
34.6 100 23 0.446393 0.499999990944 0.4999999742 -0.213323380702 0.976981641761
34.7 100 23 0.43244 0.499999990848 0.499999974179 0.164901447941 -0.986310045351
34.8 100 23 0.453547 0.499999990735 0.499999974193 -0.116078523883 0.993240036137
34.9 100 23 0.433286 0.499999990601 0.499999974196 0.0669733313641 -0.997754762444
35 100 23 0.434361 0.499999990446 0.499999974215 -0.0177052796146 0.999843245798
35.1 100 23 0.520927 0.499999990274 0.499999974263 -0.0316058261113 -0.99950040763
35.2 100 23 0.601101 0.499999990082 0.499999974299 0.0808400758646 0.996727081619
35.3 100 23 0.626401 0.499999989877 0.499999974357 -0.129877746587 -0.99153001167
35.4 100 23 0.600555 0.499999989657 0.499999974393 0.178599593242 0.983921835512
35.5 100 23 0.527892 0.499999989428 0.499999974436 -0.226887138784 -0.973921053967
35.6 100 23 0.579561 0.499999989189 0.499999974493 0.274622962257 0.961551985963
35.7 100 23 0.438456 0.499999988944 0.499999974517 -0.321690984331 -0.946844709396
35.8 100 23 0.43484 0.499999988689 0.499999974543 0.367976749568 0.929834987991
35.9 100 23 0.434966 0.499999988432 0.499999974599 -0.41336770475 -0.910564184331
36 100 23 0.434583 0.499999988173 0.499999974656 0.457753472567 0.889079159284
36.1 100 23 0.474062 0.499999987921 0.499999974687 -0.501026120027 -0.865432158042
36.2 100 23 0.452829 0.499999987669 0.499999974738 0.543080420917 0.839680683081
36.3 100 23 0.439354 0.49999998743 0.499999974705 -0.58381411168 -0.811887354335
36.4 100 23 0.436828 0.49999998719 0.499999974811 0.62312814009 0.782119756913
36.5 100 23 0.436803 0.499999986963 0.499999974882 -0.660926906118 -0.750450276765
36.6 100 23 0.529896 0.499999986751 0.499999974913 0.697118494402 0.71695592465
36.7 100 23 0.585514 0.499999986547 0.499999974945 -0.731614897759 -0.681718148875
36.8 100 23 0.486299 0.499999986362 0.499999974896 0.764332231191 0.644822637234
36.9 100 23 0.437317 0.499999986188 0.49999997491 -0.795190935871 -0.606359108644
37 100 23 0.439168 0.499999986037 0.499999974928 0.824115972603 0.566421094969
37.1 100 23 0.448928 0.499999985901 0.499999974925 -0.851037004296 -0.525105713587
37.2 100 23 0.514924 0.499999985783 0.499999974936 0.875888567006 0.482513431222
37.3 100 23 0.638767 0.499999985678 0.499999974978 -0.89861022912 -0.438747819641
37.4 100 23 0.472445 0.499999985598 0.499999974918 0.91914673831 0.393915303802
37.5 100 23 0.437193 0.499999985531 0.499999974928 -0.937448155892 -0.348124903055
37.6 100 23 0.438576 0.499999985482 0.499999974921 0.953469978259 0.30148796604
37.7 100 23 0.439796 0.499999985453 0.499999974887 -0.967173245103 -0.254117899924
37.8 100 23 0.435742 0.499999985438 0.499999974862 0.978524634153 0.206129894624
37.9 100 23 0.437627 0.499999985443 0.499999974779 -0.987496542205 -0.157640642703
38 100 23 0.434738 0.499999985456 0.499999974728 0.994067152246 0.108768055605
38.1 100 23 0.432866 0.499999985481 0.499999974691 -0.998220486506 -0.0596309769337
38.2 100 23 0.435776 0.499999985515 0.499999974633 0.999946445312 0.010348893455
38.3 100 23 0.434548 0.499999985566 0.499999974476 -0.999240831644 0.0389583554553
38.4 100 23 0.433228 0.49999998561 0.499999974394 0.996105361345 -0.0881708692268
38.5 100 23 0.43389 0.499999985663 0.499999974278 -0.990547658948 0.137168977657
38.6 100 23 0.434173 0.499999985717 0.499999974114 0.982581239132 -0.185833531913
38.7 100 23 0.437692 0.499999985772 0.499999973922 -0.972225473861 0.234046194267
38.8 100 23 0.441063 0.499999985827 0.49999997369 0.959505545279 -0.281689725858
38.9 100 23 0.457355 0.499999985876 0.499999973443 -0.94445238447 0.328648271781
39 100 23 0.56278 0.499999985916 0.499999973172 0.927102596245 -0.374807642814
39.1 100 23 0.496298 0.499999985947 0.499999972879 -0.907498370132 0.420055593089
39.2 100 23 0.500956 0.49999998596 0.499999972593 0.88568737778 -0.464282093043
39.3 100 23 0.519011 0.499999985957 0.499999972265 -0.861722657038 0.507379596977
39.4 100 23 0.529579 0.499999985934 0.499999971882 0.835662482982 -0.549243304575
39.5 100 23 0.451285 0.499999985889 0.499999971516 -0.807570226208 0.589771415746
39.6 100 23 0.498198 0.499999985825 0.49999997109 0.777514198733 -0.628865378171
39.7 100 23 0.629314 0.499999985734 0.499999970638 -0.745567487879 0.666430126957
39.8 100 23 0.621111 0.499999985619 0.49999997014 0.711807778549 -0.702374315804
39.9 100 23 0.584947 0.499999985474 0.49999996962 -0.67631716432 0.736610539129
40 100 23 0.440994 0.499999985303 0.499999969057 0.639181947815 -0.769055544615
40.1 100 23 0.437026 0.4999999851 0.499999968475 -0.600492430838 0.799630435656
40.2 100 23 0.437185 0.499999984864 0.499999967904 0.560342694795 -0.828260863206
40.3 100 23 0.43742 0.499999984599 0.499999967275 -0.518830371905 0.854877206577
40.4 100 23 0.432926 0.499999984298 0.499999966624 0.476056407797 -0.879414742735
40.5 100 23 0.436983 0.499999983963 0.499999965951 -0.432124816034 0.901813803685
40.6 100 23 0.442453 0.499999983599 0.499999965263 0.387142425188 -0.922019921573
40.7 100 23 0.437815 0.499999983205 0.499999964555 -0.341218619059 0.939983961124
40.8 100 23 0.434573 0.499999982784 0.499999963857 0.294465070692 -0.955662239137
40.9 100 23 0.439288 0.499999982328 0.499999963103 -0.246995470815 0.9690166307
41 100 23 0.436773 0.499999981846 0.499999962317 0.198925251384 -0.980014661902
41.1 100 23 0.442728 0.499999981336 0.499999961521 -0.150371304881 0.988629588802
41.2 100 23 0.439742 0.499999980801 0.499999960746 0.101451700069 -0.994840462458
41.3 100 23 0.441645 0.499999980239 0.499999960016 -0.0522853948841 0.998632179872
41.4 100 23 0.437802 0.499999979658 0.499999959246 0.0029919471626 -0.999995520714
41.5 100 23 0.440737 0.499999979053 0.499999958526 0.046308776085 0.998927169745
41.6 100 23 0.556842 0.499999978436 0.499999957787 -0.0954968901565 -0.995429724877
41.7 100 23 0.473548 0.4999999778 0.499999957036 0.144452784182 0.989511690856
41.8 100 23 0.626658 0.499999977151 0.499999956322 -0.193057411981 -0.981187458581
41.9 100 23 0.59142 0.499999976485 0.499999955635 0.24119258155 0.97047727011
42 100 23 0.437306 0.499999975811 0.499999954969 -0.288741242466 -0.957407169438
42.1 100 23 0.438113 0.499999975135 0.499999954318 0.335587770522 0.942008939164
42.2 100 23 0.438922 0.499999974452 0.499999953746 -0.381618248889 -0.924320023206
42.3 100 23 0.437396 0.499999973766 0.499999953219 0.426720745127 0.904383435749
42.4 100 23 0.435595 0.499999973081 0.499999952703 -0.470785583376 -0.882247656647
42.5 100 23 0.438335 0.499999972397 0.499999952231 0.513705611049 0.857966513533
42.6 100 23 0.434997 0.499999971716 0.499999951846 -0.555376459399 -0.831599050929
42.7 100 23 0.435383 0.499999971046 0.499999951477 0.595696797311 0.803209386666
42.8 100 23 0.434765 0.499999970383 0.499999951168 -0.634568577709 -0.772866555966
42.9 100 23 0.435427 0.499999969727 0.499999950962 0.671897275982 0.740644343574
43 100 23 0.435675 0.499999969087 0.499999950737 -0.707592119832 -0.706621104329
43.1 100 23 0.436511 0.499999968459 0.499999950646 0.741566310012 0.670879572636
43.2 100 23 0.435789 0.499999967849 0.499999950561 -0.77373723139 -0.633506661274
43.3 100 23 0.436238 0.499999967258 0.499999950497 0.804026653852 0.594593250052
43.4 100 23 0.435662 0.499999966684 0.499999950495 -0.832360922526 -0.554233964817
43.5 100 23 0.439518 0.499999966133 0.499999950573 0.858671136895 0.512526947353
43.6 100 23 0.434969 0.499999965605 0.499999950669 -0.882893318339 -0.469573616726
43.7 100 23 0.47072 0.499999965098 0.499999950858 0.904968565715 0.425478422667
43.8 100 23 0.6179 0.499999964616 0.499999951065 -0.924843198584 -0.380348591579
43.9 100 23 0.596798 0.499999964157 0.499999951349 0.942468887748 0.334293865793
44 100 23 0.555627 0.499999963726 0.499999951659 -0.95780277277 -0.287426236711
44.1 100 23 0.49567 0.499999963318 0.499999952034 0.970807566202 0.239859672473
44.2 100 23 0.458107 0.499999962939 0.499999952411 -0.981451644251 -0.191709840822
44.3 100 23 0.579934 0.49999996259 0.499999952823 0.989709123686 0.143093827833
44.4 100 23 0.596101 0.49999996227 0.499999953225 -0.99555992477 -0.0941298531965
44.5 100 23 0.585561 0.499999961977 0.499999953621 0.998989820094 0.0449369827417
44.6 100 23 0.57494 0.49999996171 0.499999954087 -0.999990469174 0.00436516109543
44.7 100 23 0.585323 0.499999961466 0.499999954594 0.998559438729 -0.0536566901587
44.8 100 23 0.581878 0.499999961253 0.499999955107 -0.994700208597 0.102817742104
44.9 100 23 0.58324 0.499999961068 0.499999955624 0.988422163281 -0.151728771868
45 100 23 0.581146 0.49999996091 0.499999956121 -0.979740569119 0.200270842368
45.1 100 23 0.581852 0.499999960777 0.499999956602 0.968676537168 -0.24832591372
45.2 100 23 0.585196 0.499999960669 0.499999957098 -0.955256971863 0.295777130277
45.3 100 23 0.58072 0.499999960579 0.499999957667 0.939514505598 -0.342509104788
45.4 100 23 0.580533 0.499999960519 0.499999958148 -0.92148741937 0.388408198984
45.5 100 23 0.581218 0.499999960474 0.499999958693 0.901219549695 -0.433362799913
45.6 100 23 0.538019 0.499999960453 0.499999959137 -0.878760182004 0.477263591351
45.7 100 23 0.42784 0.499999960451 0.499999959598 0.854163930803 -0.520003819624
45.8 100 23 0.443458 0.499999960468 0.499999960072 -0.827490606863 0.561479553205
45.9 100 23 0.480236 0.499999960502 0.499999960511 0.798805071777 -0.601589935438
46 100 23 0.442544 0.499999960552 0.499999960942 -0.768177080238 0.6402374298
46.1 100 23 0.447249 0.499999960619 0.499999961339 0.735681110417 -0.677328057074
46.2 100 23 0.519516 0.499999960701 0.499999961736 -0.701396182851 0.712771623881
46.3 100 23 0.430714 0.499999960797 0.499999962117 0.665405668291 -0.746481942003
46.4 100 23 0.434006 0.499999960907 0.499999962453 -0.627797084968 0.77837703797
46.5 100 23 0.437157 0.499999961028 0.499999962809 0.588661885776 -0.808379352389
46.6 100 23 0.434685 0.499999961162 0.499999963129 -0.548095235886 0.836415928551
46.7 100 23 0.435675 0.499999961308 0.499999963488 0.506195781329 -0.86241858984
46.8 100 23 0.434093 0.499999961461 0.499999963848 -0.463065409123 0.886324105512
46.9 100 23 0.431122 0.499999961631 0.499999964174 0.418808999509 -0.90807434446
47 100 23 0.430128 0.499999961813 0.499999964471 -0.37353417092 0.927616416571
47.1 100 23 0.431053 0.499999962009 0.499999964803 0.327351018277 -0.944902801333
47.2 100 23 0.428405 0.499999962219 0.499999965073 -0.280371845279 0.9598914634
47.3 100 23 0.427473 0.499999962442 0.499999965393 0.232710891308 -0.972545954801
47.4 100 23 0.434174 0.499999962682 0.499999965669 -0.184484053634 0.982835503574
47.5 100 23 0.427031 0.499999962936 0.499999965995 0.135808605588 -0.990735088597
47.6 100 23 0.430309 0.499999963206 0.499999966312 -0.0868029113886 0.996225500427
47.7 100 23 0.43509 0.499999963492 0.499999966593 0.0375861383158 -0.999293388015
47.8 100 23 0.437725 0.499999963797 0.499999966929 0.011722033071 0.999931291171
47.9 100 23 0.429596 0.499999964124 0.499999967281 -0.061001699958 -0.998137658703
48 100 23 0.428219 0.499999964468 0.499999967666 0.110133028846 0.993916852194
48.1 100 23 0.427575 0.499999964836 0.499999968113 -0.158996546951 -0.987279135388
48.2 100 23 0.423393 0.49999996523 0.499999968522 0.207473432722 0.978240649242
48.3 100 23 0.423559 0.499999965652 0.499999968937 -0.255445804786 -0.966823372664
48.4 100 23 0.425989 0.4999999661 0.499999969384 0.302797008597 0.953055069079
48.5 100 23 0.42203 0.499999966577 0.499999969881 -0.349411900103 -0.936969218906
48.6 100 23 0.416114 0.499999967088 0.49999997038 0.395177125748 0.918604938151
48.7 100 23 0.417769 0.499999967631 0.499999970969 -0.439981398108 -0.898006883286
48.8 100 23 0.421814 0.499999968212 0.499999971565 0.483715766514 0.875225142656
48.9 100 23 0.415464 0.499999968825 0.499999972224 -0.526273881983 -0.850315114681
49 100 23 0.424611 0.499999969476 0.499999972915 0.567552255831 0.823337373143
49.1 100 23 0.414067 0.499999970171 0.499999973659 -0.607450511324 -0.79435751989
49.2 100 23 0.425554 0.499999970908 0.49999997439 0.645871627768 0.76344602531
49.3 100 23 0.411241 0.49999997169 0.499999975177 -0.682722176429 -0.730678056966
49.4 100 23 0.413103 0.499999972521 0.499999975995 0.717912547728 0.696133296816
49.5 100 23 0.413143 0.499999973396 0.499999976867 -0.751357169145 -0.659895747447
49.6 100 23 0.41198 0.499999974316 0.499999977836 0.782974713303 0.622053527805
49.7 100 23 0.415559 0.499999975285 0.499999978844 -0.812688295735 -0.582698658918
49.8 100 23 0.414214 0.499999976305 0.499999979894 0.840425661842 0.541926840128
49.9 100 23 0.410451 0.499999977377 0.499999980958 -0.866119362595 -0.499837216376
50 100 23 0.41546 0.499999978503 0.499999982101 0.889706918554 0.456532137113
