# SIAM excitation B=c_0up^dag|gs> (normalized), method=fbr
# L=200 U=0.2 V=0.1 dt=0.1 tmax=100 cutoff=1e-10 max_bond_dim=1024
# E_gs=-62.7923135246 gs_n_active=24 gs_bond_dim=39 gs_wall_s=426.454922
# nrm=0.707106741362
# t  n_active  bond_dim  wall_s  n0up  n0dw  ReA  ImA
0 24 39 0.039933 1 0.829592739504 0 0
0.1 22 20 0.207199 0.999958495882 0.829560875898 0 0
0.2 21 19 0.187535 0.999834073474 0.829465339801 0 0
0.3 20 19 0.168723 0.99962699756 0.829306264489 0 0
0.4 20 19 0.165702 0.999337710887 0.829083875926 0 0
0.5 19 19 0.16473 0.998966830001 0.828798487428 0 0
0.6 19 18 0.164427 0.998515143558 0.828450499939 0 0
0.7 19 18 0.140177 0.997983608966 0.828040399276 0 0
0.8 19 18 0.140842 0.997373347941 0.827568753753 0 0
0.9 19 18 0.163525 0.996685642581 0.827036212788 0 0
1 19 18 0.139302 0.99592192908 0.826443502538 0 0
1.1 19 18 0.143827 0.995083793404 0.825791424122 0 0
1.2 19 18 0.142252 0.994172962897 0.825080848783 0 0
1.3 19 18 0.162924 0.993191300692 0.824312714843 0 0
1.4 19 18 0.146352 0.992140797414 0.823488023181 0 0
1.5 19 18 0.140158 0.991023563365 0.822607833405 0 0
1.6 19 18 0.143382 0.989841819558 0.82167325873 0 0
1.7 19 19 0.147853 0.988597889836 0.820685462007 0 0
1.8 19 19 0.160344 0.987294190465 0.819645650795 0 0
1.9 19 19 0.163043 0.985933221317 0.818555071988 0 0
2 19 19 0.164719 0.984517555757 0.817415007825 0 0
2.1 19 19 0.141008 0.983049830648 0.816226770408 0 0
2.2 19 19 0.147301 0.981532736232 0.814991696922 0 0
2.3 19 20 0.163705 0.979969005086 0.813711144645 0 0
2.4 20 20 0.142089 0.978361403743 0.812386486322 0 0
2.5 20 20 0.186729 0.976712719574 0.811019105175 0 0
2.6 20 20 0.183609 0.975025753312 0.809610390596 0 0
2.7 20 20 0.169776 0.973303306327 0.808161733519 0 0
2.8 20 20 0.165725 0.971548171794 0.806674521799 0 0
2.9 20 20 0.167584 0.969763124809 0.805150136707 0 0
3 20 20 0.148425 0.967950912669 0.803589948273 0 0
3.1 20 20 0.166458 0.966114245802 0.801995311882 0 0
3.2 20 21 0.188438 0.964255788032 0.800367565337 0 0
3.3 20 20 0.163578 0.9623781485 0.798708024826 0 0
3.4 20 20 0.168372 0.960483873223 0.797017981873 0 0
3.5 20 20 0.167841 0.958575437335 0.795298701076 0 0
3.6 20 19 0.186417 0.956655237677 0.793551417445 0 0
3.7 20 19 0.147881 0.954725587097 0.791777334675 0 0
3.8 20 19 0.144945 0.952788706417 0.789977621357 0 0
3.9 20 19 0.188491 0.950846720388 0.788153411049 0 0
4 20 19 0.185445 0.948901651086 0.78630580061 0 0
4.1 20 19 0.187398 0.946955414734 0.784435848503 0 0
4.2 20 19 0.188012 0.945009817611 0.782544574152 0 0
4.3 20 20 0.147148 0.943066552766 0.780632956926 0 0
4.4 20 20 0.192052 0.941127196392 0.778701936047 0 0
4.5 20 20 0.168019 0.939193207524 0.776752410185 0 0
4.6 20 20 0.191487 0.937265925514 0.774785237632 0 0
4.7 20 21 0.167041 0.935346570027 0.772801235794 0 0
4.8 20 21 0.147074 0.933436240424 0.770801182947 0 0
4.9 20 21 0.152837 0.931535916468 0.768785817888 0 0
5 20 21 0.16743 0.929646459654 0.766755840073 0 0
5.1 20 21 0.189027 0.927768614535 0.764711912395 0 0
5.2 20 21 0.190246 0.925903011603 0.762654660781 0 0
5.3 20 21 0.188804 0.924050168611 0.760584675402 0 0
5.4 20 21 0.154271 0.922210495759 0.758502513365 0 0
5.5 20 21 0.187823 0.920384297415 0.756408697781 0 0
5.6 20 21 0.19202 0.918571778128 0.754303721741 0 0
5.7 20 21 0.170877 0.91677304582 0.752188048236 0 0
5.8 20 22 0.150056 0.914988117643 0.750062112709 0 0
5.9 20 22 0.173011 0.913216924929 0.747926324117 0 0
6 20 22 0.186753 0.911459318201 0.745781067238 0 0
6.1 20 22 0.178034 0.909715073937 0.743626703797 0 0
6.2 20 21 0.189565 0.907983899698 0.741463575067 0 0
6.3 20 21 0.171039 0.906265440656 0.739292003349 0 0
6.4 20 21 0.191401 0.90455928625 0.737112293066 0 0
6.5 20 21 0.170266 0.902864975794 0.734924732874 0 0
6.6 20 21 0.193044 0.901182005761 0.732729598635 0 0
6.7 20 21 0.14741 0.899509834994 0.730527153186 0 0
6.8 20 21 0.149318 0.897847892421 0.728317649367 0 0
6.9 20 21 0.174215 0.896195582584 0.726101329779 0 0
7 20 21 0.190119 0.894552291796 0.723878430465 0 0
7.1 20 21 0.174473 0.892917395199 0.721649180764 0 0
7.2 20 21 0.169651 0.891290261184 0.719413805494 0 0
7.3 20 21 0.191979 0.889670257852 0.717172526109 0 0
7.4 20 21 0.170077 0.888056758958 0.714925561824 0 0
7.5 20 21 0.171621 0.886449147441 0.71267313003 0 0
7.6 20 21 0.173121 0.884846822022 0.71041544791 0 0
7.7 20 21 0.188862 0.88324920044 0.70815273307 0 0
7.8 20 21 0.174188 0.881655724822 0.705885204805 0 0
7.9 20 21 0.171523 0.880065864699 0.703613084115 0 0
8 20 21 0.149835 0.878479120431 0.701336594714 0 0
8.1 20 21 0.176118 0.876895027282 0.699055963251 0 0
8.2 20 21 0.171072 0.875313157087 0.696771419623 0 0
8.3 20 21 0.175156 0.873733121298 0.694483197603 0 0
8.4 20 21 0.175096 0.872154572631 0.692191535185 0 0
8.5 20 21 0.192542 0.870577206537 0.689896673693 0 0
8.6 20 22 0.179169 0.869000762117 0.687598859608 0 0
8.7 20 21 0.174374 0.86742502371 0.68529834189 0 0
8.8 20 21 0.17739 0.865849820597 0.682995374612 0 0
8.9 20 21 0.162729 0.864275027244 0.680690214311 0 0
9 20 21 0.176884 0.86270056308 0.678383121451 0 0
9.1 20 21 0.158816 0.861126391711 0.676074360254 0 0
9.2 20 21 0.177913 0.859552519874 0.673764197614 0 0
9.3 20 21 0.178469 0.85797899679 0.671452902828 0 0
9.4 20 21 0.201228 0.856405911572 0.669140747899 0 0
9.5 20 22 0.156206 0.854833390571 0.666828005776 0 0
9.6 20 22 0.158675 0.853261597978 0.664514950497 0 0
9.7 20 22 0.201429 0.851690732389 0.662201857188 0 0
9.8 20 23 0.199765 0.850121022902 0.659889001113 0 0
9.9 20 23 0.182696 0.848552727931 0.657576656938 0 0
10 20 23 0.17592 0.846986132475 0.655265099048 0 0
10.1 20 23 0.157642 0.845421544101 0.652954599449 0 0
10.2 20 23 0.181429 0.843859291325 0.65064542924 0 0
10.3 20 23 0.179385 0.842299719828 0.648337856781 0 0
10.4 20 23 0.202566 0.840743189469 0.646032147603 0 0
10.5 21 23 0.18276 0.83919007067 0.643728564918 0 0
10.6 20 23 0.184072 0.837640741851 0.641427366759 0 0
10.7 20 24 0.205404 0.836095586763 0.639128808697 0 0
10.8 20 23 0.198659 0.834554990944 0.636833141304 0 0
10.9 20 23 0.207481 0.833019338396 0.634540610076 0 0
11 21 24 0.198511 0.831489009257 0.632251455332 0 0
11.1 21 23 0.185324 0.829964376992 0.629965911962 0 0
11.2 21 24 0.187279 0.828445806281 0.627684209544 0 0
11.3 21 24 0.202058 0.826933650015 0.625406571865 0 0
11.4 21 24 0.209305 0.825428247382 0.623133216366 0 0
11.5 21 24 0.182803 0.823929921439 0.620864354571 0 0
11.6 21 23 0.204372 0.822438978378 0.618600191792 0 0
11.7 21 24 0.185644 0.82095570382 0.616340926631 0 0
11.8 21 23 0.186495 0.819480363896 0.614086751883 0 0
11.9 21 24 0.18855 0.818013201178 0.611837853716 0 0
12 21 23 0.182384 0.816554436371 0.609594412305 0 0
12.1 21 23 0.190546 0.815104265684 0.607356600848 0 0
12.2 21 23 0.18542 0.813662861259 0.605124586849 0 0
12.3 21 24 0.184913 0.812230370436 0.602898531932 0 0
12.4 21 24 0.207281 0.810806915222 0.600678590869 0 0
12.5 21 24 0.186772 0.809392592797 0.598464913831 0 0
12.6 22 24 0.192582 0.807987475456 0.596257644362 0 0
12.7 21 25 0.210813 0.806591611927 0.594056920941 0 0
12.8 21 24 0.190635 0.805205027144 0.591862876748 0 0
12.9 21 25 0.191765 0.803827723384 0.589675639352 0 0
13 21 25 0.168792 0.802459680898 0.587495331865 0 0
13.1 22 26 0.194597 0.801100859599 0.585322073097 0 0
13.2 22 25 0.212678 0.799751200039 0.583155977233 0 0
13.3 21 25 0.178616 0.798410624117 0.580997154035 0 0
13.4 21 25 0.194626 0.797079038235 0.578845709506 0 0
13.5 21 26 0.170973 0.795756333622 0.576701746068 0 0
13.6 21 27 0.177147 0.794442387497 0.574565362611 0 0
13.7 21 27 0.188595 0.793137066423 0.57243665459 0 0
13.8 21 27 0.195203 0.791840226784 0.570315715353 0 0
13.9 21 25 0.192539 0.790551716388 0.568202634836 0 0
14 22 26 0.171881 0.78927137733 0.566097500663 0 0
14.1 22 26 0.202206 0.787999047399 0.564000398834 0 0
14.2 22 26 0.215755 0.786734561014 0.561911412966 0 0
14.3 22 26 0.225713 0.785477752275 0.559830624366 0 0
14.4 22 26 0.217384 0.784228455659 0.557758113441 0 0
14.5 22 25 0.223551 0.782986507955 0.555693958297 0 0
14.6 22 27 0.216783 0.781751749665 0.5536382366 0 0
14.7 22 27 0.184176 0.780524026917 0.551591024533 0 0
14.8 22 27 0.182451 0.779303192252 0.549552396846 0 0
14.9 22 27 0.20099 0.778089106183 0.547522428164 0 0
15 22 27 0.185661 0.776881639169 0.545501192113 0 0
15.1 23 26 0.201792 0.775680670902 0.543488761845 0 0
15.2 24 26 0.232751 0.774486092356 0.541485209307 0 0
15.3 23 26 0.211774 0.773297806914 0.539490606606 0 0
15.4 23 26 0.212092 0.772115730109 0.537505025584 0 0
15.5 24 26 0.235045 0.77093979007 0.535528537033 0 0
15.6 24 26 0.197799 0.769769929476 0.533561212163 0 0
15.7 24 26 0.217541 0.768606104127 0.531603121007 0 0
15.8 23 26 0.215582 0.767448283564 0.529654333715 0 0
15.9 23 26 0.236545 0.766296451578 0.527714920781 0 0
16 23 27 0.233423 0.765150605492 0.525784951325 0 0
16.1 23 27 0.239599 0.764010756312 0.52386449489 0 0
16.2 23 27 0.234123 0.762876927836 0.521953620006 0 0
16.3 23 27 0.242404 0.761749156804 0.520052395303 0 0
16.4 23 26 0.214992 0.760627491684 0.51816088929 0 0
16.5 23 26 0.243924 0.75951199258 0.516279169468 0 0
16.6 23 26 0.23433 0.758402730324 0.514407303037 0 0
16.7 23 27 0.237235 0.757299785879 0.512545356296 0 0
16.8 23 26 0.236115 0.756203248559 0.510693395178 0 0
16.9 23 26 0.239504 0.755113215982 0.508851484758 0 0
17 23 27 0.237491 0.754029792911 0.507019689434 0 0
17.1 23 27 0.238802 0.752953089519 0.505198072446 0 0
17.2 23 27 0.220803 0.751883221427 0.503386696334 0 0
17.3 23 27 0.237812 0.750820307647 0.501585621895 0 0
17.4 23 27 0.242549 0.749764469856 0.499794909982 0 0
17.5 24 27 0.236558 0.748715831676 0.498014619111 0 0
17.6 24 26 0.230044 0.747674516781 0.496244806974 0 0
17.7 24 27 0.222911 0.746640648931 0.494485529427 0 0
17.8 24 27 0.249926 0.745614349158 0.492736840962 0 0
17.9 24 28 0.222959 0.744595737277 0.49099879421 0 0
18 24 27 0.225006 0.743584928785 0.489271440353 0 0
18.1 24 28 0.206966 0.742582034687 0.487554829191 0 0
18.2 24 29 0.223556 0.741587161317 0.485849008289 0 0
18.3 24 28 0.230639 0.740600408875 0.484154023264 0 0
18.4 24 29 0.245729 0.739621870311 0.48246991738 0 0
18.5 24 28 0.254526 0.738651631775 0.480796732281 0 0
18.6 24 28 0.226447 0.737689770778 0.479134507163 0 0
18.7 24 28 0.234428 0.736736357149 0.477483279301 0 0
18.8 24 29 0.230001 0.735791451997 0.475843083236 0 0
18.9 24 29 0.250357 0.734855107139 0.47421395176 0 0
19 24 29 0.229861 0.733927365477 0.472595914958 0 0
19.1 24 29 0.227612 0.733008259499 0.470989000498 0 0
19.2 24 29 0.234988 0.732097813756 0.469393236531 0 0
19.3 24 30 0.20771 0.731196042278 0.467808641965 0 0
19.4 24 29 0.250799 0.730302950036 0.466235236659 0 0
19.5 24 29 0.252436 0.729418532642 0.46467303931 0 0
19.6 24 30 0.250427 0.728542777306 0.463122065727 0 0
19.7 24 29 0.237648 0.727675662782 0.461582327531 0 0
19.8 24 30 0.229292 0.726817158092 0.460053836539 0 0
19.9 24 30 0.236018 0.725967226557 0.45853660114 0 0
20 24 31 0.234422 0.725125822562 0.457030627417 0 0
20.1 24 30 0.255066 0.724292894398 0.455535918479 0 0
20.2 24 30 0.236631 0.723468384245 0.45405247547 0 0
20.3 24 31 0.230524 0.72265222844 0.452580296885 0 0
20.4 24 30 0.239754 0.721844358462 0.451119379362 0 0
20.5 24 29 0.231447 0.721044701145 0.449669717398 0 0
20.6 24 31 0.242947 0.720253180452 0.448231303864 0 0
20.7 24 30 0.249411 0.719469716838 0.44680412892 0 0
20.8 24 30 0.212795 0.718694228655 0.445388181625 0 0
20.9 24 30 0.231802 0.717926632056 0.443983448981 0 0
21 24 31 0.232656 0.717166842883 0.442589915773 0 0
21.1 24 31 0.233945 0.716414776318 0.441207565912 0 0
21.2 24 30 0.235692 0.715670347917 0.439836381216 0 0
21.3 24 31 0.236282 0.714933474068 0.438476342588 0 0
21.4 24 31 0.257485 0.714204073063 0.43712742968 0 0
21.5 24 30 0.236599 0.713482064352 0.435789620921 0 0
21.6 24 31 0.215106 0.712767370446 0.434462893436 0 0
21.7 24 30 0.236889 0.712059916534 0.433147223856 0 0
21.8 24 31 0.238124 0.711359630901 0.431842587665 0 0
21.9 24 30 0.256822 0.710666446147 0.430548959966 0 0
22 24 31 0.215816 0.709980298751 0.429266314946 0 0
22.1 24 30 0.257302 0.709301128954 0.427994626374 0 0
22.2 24 31 0.258358 0.708628881828 0.426733867762 0 0
22.3 24 31 0.239724 0.707963507294 0.425484011528 0 0
22.4 24 31 0.237648 0.707304959833 0.424245030902 0 0
22.5 24 30 0.257528 0.706653198317 0.423016898238 0 0
22.6 24 30 0.238256 0.706008186988 0.421799585875 0 0
22.7 24 30 0.239233 0.705369894961 0.420593064537 0 0
22.8 24 31 0.237066 0.704738295389 0.419397306844 0 0
22.9 24 31 0.257272 0.704113366657 0.418212285708 0 0
23 24 30 0.259168 0.70349509111 0.417037972495 0 0
23.1 24 31 0.261517 0.702883455916 0.415874339948 0 0
23.2 24 30 0.259361 0.702278451454 0.414721360106 0 0
23.3 24 31 0.241035 0.701680072246 0.413579006081 0 0
23.4 24 32 0.261863 0.701088316092 0.412447250803 0 0
23.5 24 32 0.220221 0.700503183379 0.411326067529 0 0
23.6 24 33 0.242522 0.699924677972 0.41021542962 0 0
23.7 24 32 0.263471 0.699352805842 0.409115309405 0 0
23.8 24 32 0.261214 0.698787575116 0.40802568052 0 0
23.9 24 32 0.262693 0.698228994705 0.406946515954 0 0
24 24 32 0.264862 0.69767707548 0.405877789267 0 0
24.1 24 32 0.253254 0.697131828912 0.404819472923 0 0
24.2 24 32 0.272177 0.696593266567 0.403771540215 0 0
24.3 24 32 0.255887 0.696061400462 0.402733962964 0 0
24.4 24 32 0.276817 0.695536241906 0.401706713542 0 0
24.5 24 32 0.25498 0.695017801563 0.400689763813 0 0
24.6 24 33 0.250573 0.69450608916 0.399683084901 0 0
24.7 24 34 0.246776 0.694001112874 0.398686647525 0 0
24.8 24 33 0.269056 0.693502879301 0.397700421011 0 0
24.9 24 32 0.245995 0.693011392956 0.396724375051 0 0
25 24 33 0.246839 0.692526656118 0.39575847775 0 0
25.1 24 34 0.247005 0.692048668692 0.394802696806 0 0
25.2 24 33 0.269378 0.691577427371 0.393856998697 0 0
25.3 24 35 0.247112 0.691112926741 0.392921348642 0 0
25.4 24 35 0.266771 0.690655157543 0.391995711146 0 0
25.5 24 34 0.248364 0.690204108155 0.39108004945 0 0
25.6 24 34 0.27157 0.689759763514 0.390174325073 0 0
25.7 24 35 0.225405 0.689322104568 0.38927849897 0 0
25.8 24 34 0.246041 0.688891109878 0.388392530029 0 0
25.9 24 35 0.246566 0.688466754242 0.387516376356 0 0
26 24 35 0.248515 0.688049009486 0.386649994658 0 0
26.1 24 35 0.251466 0.687637843594 0.385793339645 0 0
26.2 24 35 0.272648 0.687233222641 0.384946365295 0 0
26.3 24 34 0.250131 0.686835108429 0.384109024054 0 0
26.4 24 35 0.252048 0.686443460432 0.383281266825 0 0
26.5 24 36 0.272881 0.686058235717 0.382463043132 0 0
26.6 24 36 0.275363 0.685679389367 0.381654301326 0 0
26.7 24 35 0.278138 0.685306873034 0.380854988212 0 0
26.8 24 35 0.277667 0.684940636879 0.380065049747 0 0
26.9 24 35 0.256346 0.684580628557 0.379284429555 0 0
27 24 36 0.258097 0.684226793894 0.378513071694 0 0
27.1 24 35 0.25505 0.683879077038 0.377750918162 0 0
27.2 24 36 0.277256 0.683537422053 0.376997910025 0 0
27.3 24 36 0.259624 0.68320177149 0.376253987176 0 0
27.4 24 36 0.276428 0.682872066052 0.375519089188 0 0
27.5 24 36 0.27379 0.682548246502 0.374793154384 0 0
27.6 24 36 0.231635 0.682230253385 0.374076120937 0 0
27.7 24 36 0.232633 0.681918026934 0.373367925691 0 0
27.8 24 37 0.27493 0.681611507409 0.372668505968 0 0
27.9 24 36 0.253774 0.681310635912 0.371977797196 0 0
28 24 36 0.254085 0.681015353078 0.371295735926 0 0
28.1 24 36 0.254991 0.680725601577 0.37062225718 0 0
28.2 24 35 0.254853 0.680441324158 0.369957296875 0 0
28.3 24 36 0.279252 0.680162464668 0.36930079059 0 0
28.4 24 36 0.256831 0.679888968078 0.368652673483 0 0
28.5 24 36 0.235654 0.679620781253 0.368012880598 0 0
28.6 24 36 0.276903 0.679357851394 0.367381347937 0 0
28.7 24 36 0.276881 0.679100128495 0.36675801134 0 0
28.8 24 36 0.279087 0.678847562942 0.366142806727 0 0
28.9 24 36 0.258098 0.67860010684 0.365535670722 0 0
29 24 37 0.257132 0.67835771456 0.36493653991 0 0
29.1 24 36 0.282075 0.678120341709 0.364345351928 0 0
29.2 24 37 0.25952 0.67788794542 0.36376204412 0 0
29.3 24 36 0.282991 0.677660485072 0.3631865546 0 0
29.4 24 36 0.282732 0.677437920788 0.362618822403 0 0
29.5 24 37 0.269792 0.677220213211 0.36205878682 0 0
29.6 24 37 0.267044 0.677007326072 0.361506387881 0 0
29.7 24 37 0.241812 0.676799223571 0.360961565148 0 0
29.8 24 36 0.289589 0.676595872054 0.360424259171 0 0
29.9 24 37 0.269111 0.676397239302 0.359894411617 0 0
30 24 37 0.274864 0.676203293965 0.359371964231 0 0
30.1 24 37 0.266745 0.676014005854 0.358856859463 0 0
30.2 24 36 0.297125 0.675829344898 0.358349039738 0 0
30.3 24 36 0.272417 0.675649282674 0.357848448515 0 0
30.4 24 37 0.272777 0.675473791622 0.357355029021 0 0
30.5 24 37 0.2738 0.675302843732 0.356868724946 0 0
30.6 24 37 0.272616 0.675136412019 0.356389480728 0 0
30.7 24 37 0.297608 0.67497446955 0.355917240545 0 0
30.8 24 37 0.291301 0.674816989508 0.355451949029 0 0
30.9 24 37 0.299873 0.674663944842 0.354993550434 0 0
31 24 39 0.294371 0.674515308338 0.354541989641 0 0
31.1 24 37 0.302029 0.67437105265 0.35409721177 0 0
31.2 24 36 0.295325 0.674231150495 0.353659161127 0 0
31.3 24 37 0.28013 0.674095573212 0.353227782495 0 0
31.4 24 36 0.297608 0.67396429217 0.352803020614 0 0
31.5 24 37 0.2554 0.673837278011 0.352384820287 0 0
31.6 24 38 0.275568 0.673714499905 0.351973125801 0 0
31.7 24 38 0.254392 0.673595927029 0.351567881186 0 0
31.8 24 38 0.286368 0.67348152739 0.351169029987 0 0
31.9 24 39 0.253851 0.67337126807 0.350776515838 0 0
32 24 37 0.303631 0.673265115062 0.350390281709 0 0
32.1 24 38 0.256543 0.673163033342 0.350010270529 0 0
32.2 24 37 0.299787 0.673064986613 0.349636424628 0 0
32.3 24 37 0.307307 0.672970938159 0.34926868621 0 0
32.4 24 38 0.257712 0.672880850162 0.348906996945 0 0
32.5 24 39 0.282255 0.672794683175 0.348551298164 0 0
32.6 24 38 0.302966 0.6727123969 0.348201530947 0 0
32.7 24 38 0.309269 0.672633950703 0.347857635796 0 0
32.8 24 40 0.304012 0.672559302887 0.347519552277 0 0
32.9 24 38 0.291422 0.672488410884 0.347187220612 0 0
33 24 38 0.258186 0.672421231175 0.346860580219 0 0
33.1 24 38 0.287808 0.672357720248 0.34653956996 0 0
33.2 24 39 0.289079 0.672297833732 0.346224128851 0 0
33.3 24 40 0.287714 0.672241526584 0.34591419514 0 0
33.4 24 39 0.284927 0.672188753777 0.345609707157 0 0
33.5 24 40 0.312626 0.672139469546 0.345310602639 0 0
33.6 24 40 0.262803 0.672093628303 0.345016819992 0 0
33.7 24 41 0.282191 0.672051184711 0.344728297201 0 0
33.8 24 39 0.287508 0.672012092619 0.344444971113 0 0
33.9 24 39 0.311477 0.671976306877 0.344166779724 0 0
34 24 40 0.288735 0.671943781116 0.343893660252 0 0
34.1 24 41 0.286578 0.671914470781 0.343625550539 0 0
34.2 24 41 0.269535 0.671888330611 0.343362388162 0 0
34.3 24 41 0.290499 0.671865316549 0.343104110881 0 0
34.4 24 41 0.289132 0.671845384267 0.342850656619 0 0
34.5 24 40 0.292122 0.671828490602 0.342601963582 0 0
34.6 24 40 0.308717 0.6718145927 0.342357969955 0 0
34.7 24 41 0.265871 0.671803648339 0.342118614644 0 0
34.8 24 39 0.284704 0.671795616633 0.341883836146 0 0
34.9 24 41 0.289653 0.671790456655 0.341653573975 0 0
35 24 39 0.287305 0.671788128631 0.341427767457 0 0
35.1 24 39 0.291512 0.671788593369 0.341206356572 0 0
35.2 24 41 0.290414 0.671791813039 0.340989281722 0 0
35.3 25 40 0.294916 0.671797750215 0.34077648292 0 0
35.4 25 40 0.30096 0.671806368115 0.3405679014 0 0
35.5 25 41 0.302909 0.671817630882 0.340363479233 0 0
35.6 25 40 0.281618 0.671831503205 0.34016315812 0 0
35.7 25 40 0.331546 0.671847950547 0.339966879951 0 0
35.8 25 40 0.286019 0.671866939416 0.339774587919 0 0
35.9 25 40 0.304406 0.671888436123 0.339586225053 0 0
36 25 39 0.308995 0.671912408233 0.339401735079 0 0
36.1 25 41 0.282843 0.671938823673 0.339221062044 0 0
36.2 25 40 0.310234 0.671967650667 0.339044150715 0 0
36.3 25 41 0.325843 0.671998858131 0.338870945811 0 0
36.4 25 41 0.301309 0.672032415008 0.338701393044 0 0
36.5 25 41 0.328409 0.672068291154 0.338535437581 0 0
36.6 25 41 0.306525 0.672106456243 0.338373025566 0 0
36.7 25 40 0.308212 0.672146880099 0.338214103886 0 0
36.8 25 40 0.285257 0.672189533078 0.338058618826 0 0
36.9 25 42 0.337684 0.672234385021 0.337906517563 0 0
37 25 41 0.305044 0.672281406573 0.337757747788 0 0
37.1 25 40 0.301975 0.672330567621 0.337612256796 0 0
37.2 25 40 0.307586 0.672381838715 0.337469992567 0 0
37.3 25 40 0.336971 0.672435189353 0.337330903725 0 0
37.4 25 40 0.334403 0.672490589968 0.337194938389 0 0
37.5 25 41 0.314224 0.672548010627 0.337062045055 0 0
37.6 25 42 0.287748 0.672607420467 0.336932172513 0 0
37.7 25 41 0.336185 0.672668788704 0.336805270298 0 0
37.8 25 41 0.319967 0.672732085005 0.336681287181 0 0
37.9 25 41 0.337016 0.672797278198 0.336560172718 0 0
38 25 41 0.3208 0.67286433722 0.336441876267 0 0
38.1 25 40 0.322101 0.672933230563 0.336326347799 0 0
38.2 25 41 0.321117 0.673003926619 0.336213536618 0 0
38.3 25 41 0.345663 0.673076393356 0.336103393604 0 0
38.4 25 40 0.310058 0.673150598985 0.335995868571 0 0
38.5 25 40 0.336344 0.673226510863 0.335890912273 0 0
38.6 25 41 0.309404 0.673304097129 0.335788474877 0 0
38.7 25 42 0.310286 0.673383325149 0.33568850762 0 0
38.8 25 41 0.334411 0.673464162908 0.335590961432 0 0
38.9 25 41 0.339829 0.673546577414 0.335495787405 0 0
39 25 42 0.290146 0.673630536689 0.335402936847 0 0
39.1 25 41 0.340252 0.673716008063 0.335312361736 0 0
39.2 25 41 0.3411 0.67380296012 0.335224014011 0 0
39.3 25 41 0.335784 0.673891360371 0.335137846025 0 0
39.4 25 41 0.308137 0.673981177005 0.335053809672 0 0
39.5 25 42 0.317592 0.674072378497 0.334971858192 0 0
39.6 25 40 0.338007 0.674164933556 0.334891944528 0 0
39.7 25 42 0.31567 0.674258811719 0.33481402209 0 0
39.8 25 42 0.323964 0.674353982321 0.334738044957 0 0
39.9 25 41 0.347583 0.674450415184 0.334663967928 0 0
40 25 41 0.323828 0.674548080934 0.334591744894 0 0
40.1 25 43 0.349426 0.674646950243 0.334521331635 0 0
40.2 25 42 0.329355 0.674746994584 0.334452683332 0 0
40.3 25 42 0.331886 0.674848185937 0.334385755836 0 0
40.4 25 43 0.329902 0.674950496592 0.33432050612 0 0
40.5 25 42 0.307165 0.675053900503 0.334256890694 0 0
40.6 25 42 0.358707 0.675158370693 0.334194867855 0 0
40.7 25 43 0.308599 0.675263881208 0.334134395219 0 0
40.8 25 43 0.327162 0.67537040774 0.334075431258 0 0
40.9 25 41 0.327737 0.675477925206 0.33401793482 0 0
41 25 42 0.354136 0.675586409806 0.33396186565 0 0
41.1 25 42 0.353437 0.675695838003 0.33390718382 0 0
41.2 25 43 0.327766 0.675806187137 0.333853849985 0 0
41.3 25 42 0.328009 0.67591743474 0.333801825071 0 0
41.4 25 43 0.327179 0.676029558813 0.333751070248 0 0
41.5 25 43 0.34892 0.676142538182 0.333701547695 0 0
41.6 25 43 0.321045 0.676256351224 0.333653219672 0 0
41.7 25 43 0.325685 0.676370977421 0.333606049009 0 0
41.8 25 43 0.328036 0.6764863962 0.333559999307 0 0
41.9 25 43 0.326038 0.676602587996 0.33351503452 0 0
42 25 43 0.35298 0.676719532054 0.333471118825 0 0
42.1 25 42 0.332913 0.676837208822 0.333428216806 0 0
42.2 25 42 0.334528 0.676955598422 0.333386293601 0 0
42.3 25 42 0.337359 0.677074681254 0.33334531427 0 0
42.4 25 42 0.33445 0.677194437649 0.333305244635 0 0
42.5 25 43 0.341608 0.677314847864 0.333266050693 0 0
42.6 25 43 0.36365 0.677435892037 0.333227698831 0 0
42.7 25 44 0.35626 0.677557550671 0.333190155297 0 0
42.8 25 43 0.37249 0.677679803362 0.333153387539 0 0
42.9 25 43 0.354961 0.677802630096 0.333117362338 0 0
43 25 43 0.32935 0.677926010084 0.333082047299 0 0
43.1 25 43 0.333787 0.678049922688 0.333047409407 0 0
43.2 25 43 0.35867 0.678174346895 0.333013416858 0 0
43.3 25 44 0.338884 0.678299261375 0.332980037095 0 0
43.4 25 43 0.361305 0.67842464449 0.332947238479 0 0
43.5 25 44 0.36703 0.678550474622 0.332914989188 0 0
43.6 25 44 0.315057 0.678676729095 0.332883257942 0 0
43.7 25 45 0.366553 0.678803385682 0.332852013344 0 0
43.8 25 44 0.311173 0.678930421773 0.332821224076 0 0
43.9 25 44 0.339571 0.679057814468 0.332790859738 0 0
44 25 45 0.312293 0.679185540393 0.332760888853 0 0
44.1 25 45 0.366173 0.679313575994 0.33273128131 0 0
44.2 25 44 0.337761 0.679441897807 0.332702006632 0 0
44.3 25 44 0.368863 0.679570482139 0.332673034775 0 0
44.4 25 44 0.342353 0.679699304913 0.332644335765 0 0
44.5 25 45 0.369203 0.679828342934 0.332615880072 0 0
44.6 25 45 0.377608 0.679957571798 0.332587638085 0 0
44.7 25 44 0.374835 0.680086968184 0.332559580451 0 0
44.8 25 44 0.374728 0.680216508267 0.332531678692 0 0
44.9 25 46 0.352512 0.680346168713 0.332503904199 0 0
45 25 46 0.331431 0.680475925834 0.332476228678 0 0
45.1 25 46 0.330836 0.680605757179 0.332448624231 0 0
45.2 25 46 0.357521 0.680735639659 0.332421063598 0 0
45.3 25 45 0.35392 0.680865551255 0.332393519694 0 0
45.4 25 46 0.390158 0.680995470302 0.332365965853 0 0
45.5 25 45 0.376904 0.681125375761 0.332338375594 0 0
45.6 25 45 0.358889 0.681255247197 0.332310723611 0 0
45.7 25 46 0.355503 0.681385064488 0.332282984313 0 0
45.8 25 45 0.3865 0.681514808735 0.332255132601 0 0
45.9 25 46 0.382515 0.681644460974 0.332227144389 0 0
46 25 46 0.355019 0.681774004091 0.332198995736 0 0
46.1 25 46 0.355427 0.681903420804 0.332170663816 0 0
46.2 25 46 0.359169 0.682032695143 0.332142125521 0 0
46.3 25 46 0.362599 0.682161812367 0.332113358436 0 0
46.4 25 47 0.357525 0.682290757769 0.332084341373 0 0
46.5 25 47 0.367355 0.682419518503 0.332055052575 0 0
46.6 25 46 0.384916 0.682548082021 0.332025471195 0 0
46.7 25 46 0.388187 0.682676436589 0.331995577291 0 0
46.8 25 46 0.365048 0.682804572043 0.331965351166 0 0
46.9 25 47 0.388801 0.682932478775 0.331934774082 0 0
47 25 46 0.38854 0.683060147782 0.331903826922 0 0
47.1 25 46 0.385034 0.683187571425 0.331872491554 0 0
47.2 25 47 0.366393 0.683314742822 0.331840750321 0 0
47.3 25 47 0.354706 0.683441655194 0.33180858627 0 0
47.4 25 46 0.395355 0.68356830343 0.331775982364 0 0
47.5 25 47 0.389277 0.683694682849 0.331742922114 0 0
47.6 25 47 0.392271 0.683820789219 0.331709389509 0 0
47.7 25 46 0.395448 0.683946619286 0.331675369159 0 0
47.8 25 46 0.392017 0.684072170174 0.331640845758 0 0
47.9 25 47 0.397472 0.684197439138 0.331605804278 0 0
48 25 47 0.391697 0.68432242445 0.331570230153 0 0
48.1 25 47 0.377224 0.684447124574 0.331534109239 0 0
48.2 25 47 0.370624 0.684571537512 0.331497427691 0 0
48.3 25 47 0.378909 0.684695662224 0.331460171841 0 0
48.4 26 47 0.351046 0.684819497816 0.331422328376 0 0
48.5 26 49 0.418378 0.684943043252 0.331383883906 0 0
48.6 26 48 0.417183 0.685066297516 0.331344825267 0 0
48.7 25 48 0.403096 0.685189259456 0.331305139563 0 0
48.8 26 48 0.364199 0.685311927657 0.331264814479 0 0
48.9 26 48 0.421458 0.685434301057 0.331223836877 0 0
49 26 49 0.397531 0.685556377727 0.331182194735 0 0
49.1 26 48 0.421668 0.68567815582 0.331139876074 0 0
49.2 26 48 0.401737 0.685799632441 0.331096868474 0 0
49.3 26 48 0.420794 0.685920805073 0.331053160112 0 0
49.4 26 49 0.403621 0.686041670546 0.331008739014 0 0
49.5 26 48 0.423185 0.686162225087 0.330963593514 0 0
49.6 26 48 0.426086 0.686282464424 0.330917711737 0 0
49.7 26 48 0.422043 0.686402383523 0.330871082456 0 0
49.8 26 51 0.400037 0.686521977377 0.330823694381 0 0
49.9 26 49 0.395137 0.686641239594 0.330775536127 0 0
50 26 48 0.40386 0.686760163605 0.330726596923 0 0
50.1 26 50 0.397606 0.686878742158 0.330676865542 0 0
50.2 26 48 0.43354 0.686996967617 0.330626331594 0 0
50.3 26 48 0.424011 0.687114831776 0.330574984529 0 0
50.4 26 50 0.439003 0.687232325547 0.330522814342 0 0
50.5 26 48 0.430112 0.687349440025 0.330469811104 0 0
50.6 26 48 0.408655 0.687466164994 0.330415965082 0 0
50.7 26 48 0.404321 0.687582490665 0.330361266625 0 0
50.8 26 48 0.404516 0.68769840629 0.330305706889 0 0
50.9 26 48 0.4281 0.687813901465 0.330249276753 0 0
51 26 49 0.409107 0.687928964527 0.33019196809 0 0
51.1 26 49 0.400553 0.688043584381 0.330133772549 0 0
51.2 26 48 0.407842 0.688157749443 0.330074682669 0 0
51.3 26 47 0.427972 0.688271448268 0.330014690758 0 0
51.4 26 49 0.409551 0.68838466947 0.329953789621 0 0
51.5 26 49 0.402333 0.688497401907 0.329891972812 0 0
51.6 26 48 0.407473 0.68860963401 0.329829234258 0 0
51.7 26 51 0.431893 0.688721354944 0.329765568044 0 0
51.8 26 50 0.403686 0.688832554164 0.329700969021 0 0
51.9 26 49 0.383684 0.688943220962 0.329635431591 0 0
52 26 50 0.430014 0.689053346048 0.329568952225 0 0
52.1 26 49 0.440692 0.689162919748 0.329501526462 0 0
52.2 26 49 0.435115 0.68927193299 0.329433151264 0 0
52.3 26 48 0.427156 0.68938037786 0.329363822925 0 0
52.4 26 51 0.413743 0.689488247333 0.3292935392 0 0
52.5 26 50 0.419503 0.689595534688 0.329222297059 0 0
52.6 26 50 0.416997 0.689702233457 0.329150095243 0 0
52.7 26 50 0.418943 0.689808339396 0.329076931351 0 0
52.8 27 49 0.451328 0.689913847275 0.329002805255 0 0
52.9 27 47 0.423623 0.690018754432 0.328927715584 0 0
53 27 51 0.454451 0.69012305816 0.328851661446 0 0
53.1 27 52 0.427132 0.690226757734 0.328774642776 0 0
53.2 27 50 0.405163 0.690329851554 0.32869665998 0 0
53.3 27 49 0.430286 0.690432340844 0.328617713298 0 0
53.4 27 50 0.436529 0.690534226816 0.328537803124 0 0
53.5 27 51 0.435139 0.690635511359 0.328456930334 0 0
53.6 27 50 0.42139 0.690736197236 0.328375096203 0 0
53.7 27 49 0.458752 0.690836288483 0.328292301268 0 0
53.8 27 50 0.474008 0.690935789833 0.328208547101 0 0
53.9 27 49 0.473667 0.691034707022 0.328123834843 0 0
54 27 50 0.451497 0.691133045376 0.328038166603 0 0
54.1 27 52 0.448918 0.691230812085 0.327951543593 0 0
54.2 27 50 0.488281 0.691328014836 0.327863967315 0 0
54.3 27 50 0.460469 0.691424660516 0.327775439427 0 0
54.4 27 49 0.451311 0.691520758278 0.327685962063 0 0
54.5 27 50 0.424896 0.691616315988 0.327595536823 0 0
54.6 27 49 0.453032 0.691711343109 0.327504165414 0 0
54.7 27 50 0.428987 0.691805848291 0.327411849486 0 0
54.8 27 50 0.457188 0.691899840937 0.327318590227 0 0
54.9 27 52 0.46059 0.691993330587 0.327224389505 0 0
55 27 50 0.458624 0.69208632673 0.327129248333 0 0
55.1 27 50 0.457042 0.692178838182 0.327033168646 0 0
55.2 27 50 0.455117 0.692270874224 0.326936151473 0 0
55.3 27 50 0.488341 0.692362443562 0.326838198427 0 0
55.4 27 52 0.453464 0.692453554603 0.326739310499 0 0
55.5 27 50 0.460885 0.692544215483 0.326639488422 0 0
55.6 27 51 0.433891 0.692634433819 0.326538733872 0 0
55.7 27 51 0.472594 0.692724217058 0.326437047338 0 0
55.8 27 52 0.493533 0.692813571453 0.326334430815 0 0
55.9 27 50 0.465202 0.692902502915 0.326230885281 0 0
56 27 51 0.439183 0.692991017104 0.326126411824 0 0
56.1 27 52 0.488512 0.693079118431 0.32602101137 0 0
56.2 27 50 0.465321 0.693166811412 0.325914685788 0 0
56.3 27 51 0.491359 0.693254098439 0.325807436532 0 0
56.4 27 50 0.467713 0.693340982488 0.325699264927 0 0
56.5 27 52 0.491074 0.693427465733 0.325590172315 0 0
56.6 27 50 0.4695 0.693513549167 0.325480161154 0 0
56.7 27 52 0.486903 0.693599233344 0.325369233071 0 0
56.8 27 49 0.499922 0.693684517989 0.325257390388 0 0
56.9 27 51 0.46847 0.693769401986 0.325144635734 0 0
57 27 52 0.492074 0.693853884061 0.325030971393 0 0
57.1 27 50 0.506569 0.693937961819 0.324916400495 0 0
57.2 27 52 0.518288 0.694021633226 0.324800926333 0 0
57.3 28 51 0.520005 0.694104894832 0.324684552116 0 0
57.4 28 51 0.492904 0.694187743587 0.324567281785 0 0
57.5 28 51 0.495168 0.694270174846 0.324449119406 0 0
57.6 28 50 0.52086 0.694352185282 0.324330069281 0 0
57.7 28 50 0.526878 0.694433770811 0.324210135781 0 0
57.8 28 51 0.489229 0.694514926483 0.324089324927 0 0
57.9 28 50 0.493369 0.694595648378 0.32396764181 0 0
58 28 52 0.495779 0.694675932138 0.323845091854 0 0
58.1 28 51 0.501966 0.694755773198 0.323721681919 0 0
58.2 28 52 0.49716 0.694835167164 0.323597418754 0 0
58.3 28 52 0.493013 0.694914110333 0.323472308949 0 0
58.4 28 51 0.53714 0.694992599013 0.323346359682 0 0
58.5 28 50 0.510475 0.695070630262 0.323219578663 0 0
58.6 28 51 0.528367 0.695148201628 0.323091973681 0 0
58.7 28 51 0.508308 0.695225310359 0.322963553426 0 0
58.8 28 52 0.538337 0.695301955081 0.322834326061 0 0
58.9 28 53 0.510615 0.695378134783 0.322704300504 0 0
59 28 52 0.54532 0.69545384877 0.322573486091 0 0
59.1 28 52 0.501578 0.695529097829 0.322441892085 0 0
59.2 28 51 0.50586 0.695603882674 0.32230952798 0 0
59.3 28 52 0.530351 0.695678205059 0.322176403362 0 0
59.4 28 52 0.498644 0.695752067775 0.322042528202 0 0
59.5 28 52 0.501095 0.69582547427 0.321907912654 0 0
59.6 28 53 0.537828 0.695898428462 0.321772566868 0 0
59.7 28 52 0.506743 0.695970935715 0.321636501361 0 0
59.8 28 54 0.476374 0.696043001343 0.321499726938 0 0
59.9 28 56 0.505971 0.696114632352 0.321362253429 0 0
60 28 54 0.478597 0.696185835721 0.321224090777 0 0
60.1 28 52 0.543154 0.696256619454 0.32108525006 0 0
60.2 28 53 0.553358 0.696326991931 0.320945741671 0 0
60.3 28 52 0.527499 0.696396962161 0.320805575698 0 0
60.4 28 53 0.547297 0.696466539948 0.320664762448 0 0
60.5 28 52 0.528978 0.696535735382 0.320523311713 0 0
60.6 28 53 0.514387 0.69660455914 0.320381234086 0 0
60.7 28 53 0.515432 0.696673022434 0.320238539033 0 0
60.8 28 52 0.51751 0.696741136226 0.320095236685 0 0
60.9 28 55 0.542713 0.696808912451 0.319951336656 0 0
61 28 53 0.515404 0.69687636311 0.31980684847 0 0
61.1 28 52 0.520647 0.696943500304 0.319661780914 0 0
61.2 28 52 0.539404 0.697010336104 0.319516143458 0 0
61.3 28 53 0.516808 0.697076883154 0.319369944633 0 0
61.4 28 53 0.516093 0.697143153021 0.319223193818 0 0
61.5 28 52 0.517001 0.6972091578 0.319075899123 0 0
61.6 28 52 0.522572 0.697274909153 0.318928068927 0 0
61.7 28 51 0.526855 0.697340418415 0.318779711469 0 0
61.8 28 54 0.556029 0.697405696767 0.318630834726 0 0
61.9 28 52 0.525766 0.697470755557 0.318481446574 0 0
62 28 52 0.495742 0.697535604302 0.31833155474 0 0
62.1 28 52 0.523927 0.697600253415 0.318181166625 0 0
62.2 28 52 0.524674 0.697664712436 0.318030289561 0 0
62.3 28 54 0.523406 0.697728990103 0.317878930607 0 0
62.4 28 52 0.51942 0.697793094338 0.317727097611 0 0
62.5 28 54 0.549169 0.697857033017 0.317574797439 0 0
62.6 28 52 0.552484 0.697920813318 0.317422036688 0 0
62.7 28 52 0.550849 0.697984441676 0.317268822727 0 0
62.8 28 53 0.551434 0.69804792404 0.317115162088 0 0
62.9 28 52 0.506506 0.698111264777 0.316961062068 0 0
63 28 52 0.548785 0.69817446906 0.316806529305 0 0
63.1 28 52 0.532198 0.698237540323 0.316651570854 0 0
63.2 28 52 0.509849 0.698300481769 0.316496193245 0 0
63.3 28 52 0.506988 0.698363296276 0.316340403464 0 0
63.4 28 52 0.533738 0.698425985778 0.316184208673 0 0
63.5 28 52 0.5286 0.698488551717 0.316027615954 0 0
63.6 28 54 0.533632 0.698550995306 0.315870632835 0 0
63.7 28 55 0.499838 0.698613317005 0.315713266232 0 0
63.8 28 53 0.536847 0.698675516985 0.315555523545 0 0
63.9 28 54 0.528811 0.698737594924 0.315397412625 0 0
64 28 53 0.570521 0.69879955043 0.315238940855 0 0
64.1 28 53 0.533671 0.698861383219 0.315080115879 0 0
64.2 28 54 0.539383 0.698923091675 0.314920946028 0 0
64.3 28 54 0.536646 0.698984675214 0.314761438857 0 0
64.4 28 53 0.573959 0.699046132698 0.314601602585 0 0
64.5 28 53 0.571665 0.699107462742 0.31444144582 0 0
64.6 28 54 0.541291 0.699168664436 0.314280976726 0 0
64.7 28 54 0.519625 0.699229736697 0.314120203866 0 0
64.8 28 54 0.516944 0.699290679152 0.313959136079 0 0
64.9 28 53 0.56825 0.699351490707 0.31379778211 0 0
65 28 53 0.548982 0.699412170917 0.313636151147 0 0
65.1 28 54 0.541421 0.699472719837 0.313474251881 0 0
65.2 28 53 0.545585 0.699533138131 0.313312093439 0 0
65.3 28 54 0.567117 0.699593426178 0.313149685009 0 0
65.4 28 54 0.539266 0.699653585278 0.312987036038 0 0
65.5 28 53 0.567385 0.699713617056 0.312824155629 0 0
65.6 28 53 0.54859 0.69977352394 0.312661053154 0 0
65.7 28 53 0.55626 0.699833308243 0.312497738109 0 0
65.8 28 53 0.544669 0.699892973423 0.312334219396 0 0
65.9 28 53 0.526161 0.699952523043 0.312170506914 0 0
66 28 54 0.556515 0.700011961109 0.312006609728 0 0
66.1 28 54 0.557615 0.700071292778 0.311842537158 0 0
66.2 28 54 0.557918 0.700130523626 0.311678298288 0 0
66.3 28 54 0.549675 0.700189659268 0.311513902522 0 0
66.4 28 54 0.577712 0.700248706332 0.311349358939 0 0
66.5 28 53 0.549347 0.700307671396 0.31118467623 0 0
66.6 28 53 0.554288 0.700366561997 0.311019863776 0 0
66.7 28 53 0.516563 0.700425386397 0.310854930073 0 0
66.8 28 54 0.552524 0.700484152409 0.310689883739 0 0
66.9 28 53 0.544977 0.700542868664 0.310524733793 0 0
67 28 55 0.550175 0.700601544046 0.310359488095 0 0
67.1 28 53 0.55067 0.700660187565 0.31019415519 0 0
67.2 28 53 0.561539 0.700718808759 0.31002874353 0 0
67.3 28 54 0.581566 0.700777417738 0.309863260403 0 0
67.4 28 54 0.593171 0.70083602336 0.309697713952 0 0
67.5 28 54 0.563082 0.700894635758 0.309532112292 0 0
67.6 28 54 0.564182 0.700953264714 0.309366462753 0 0
67.7 28 54 0.559788 0.701011919783 0.30920077212 0 0
67.8 28 54 0.576999 0.70107061101 0.309035048439 0 0
67.9 28 54 0.554548 0.701129347153 0.308869298779 0 0
68 28 54 0.554342 0.701188137557 0.30870352933 0 0
68.1 28 54 0.586591 0.701246991549 0.308537747049 0 0
68.2 28 54 0.581536 0.701305917785 0.308371959224 0 0
68.3 28 57 0.527155 0.701364924307 0.30820617188 0 0
68.4 28 56 0.556057 0.701424019899 0.308040391619 0 0
68.5 28 55 0.563734 0.701483211366 0.307874625137 0 0
68.6 28 54 0.557651 0.701542506253 0.307708877754 0 0
68.7 28 57 0.595358 0.701601911 0.307543156865 0 0
68.8 28 54 0.569856 0.701661431807 0.307377467818 0 0
68.9 28 54 0.578823 0.70172107437 0.307211816784 0 0
69 28 54 0.597112 0.70178084344 0.307046210181 0 0
69.1 28 54 0.58969 0.701840743583 0.306880653779 0 0
69.2 28 54 0.563947 0.701900779374 0.306715153497 0 0
69.3 28 55 0.559681 0.701960953792 0.306549715271 0 0
69.4 28 55 0.594308 0.702021269773 0.306384345197 0 0
69.5 28 54 0.56629 0.702081729252 0.306219049223 0 0
69.6 28 54 0.554581 0.702142334818 0.306053833236 0 0
69.7 28 54 0.589346 0.702203087014 0.305888703326 0 0
69.8 28 55 0.568702 0.70226398732 0.305723665336 0 0
69.9 28 55 0.586824 0.70232503571 0.305558725316 0 0
70 28 55 0.598918 0.70238623223 0.305393889729 0 0
70.1 28 55 0.570762 0.702447576708 0.30522916423 0 0
70.2 28 55 0.549628 0.702509067915 0.305064555454 0 0
70.3 28 55 0.599692 0.702570705096 0.304900068798 0 0
70.4 28 55 0.56112 0.702632486636 0.304735711122 0 0
70.5 28 55 0.53813 0.702694411414 0.304571488484 0 0
70.6 28 55 0.571412 0.702756477525 0.304407407167 0 0
70.7 28 56 0.54506 0.702818683461 0.304243473487 0 0
70.8 28 55 0.570188 0.702881028605 0.304079693952 0 0
70.9 28 55 0.57118 0.702943511737 0.303916075082 0 0
71 28 55 0.562308 0.703006131927 0.303752622787 0 0
71.1 28 56 0.602097 0.703068886838 0.303589344032 0 0
71.2 28 56 0.565375 0.703131776389 0.30342624522 0 0
71.3 28 57 0.57788 0.703194800101 0.303263332293 0 0
71.4 28 56 0.587719 0.703257954665 0.303100611889 0 0
71.5 28 56 0.58624 0.703321235565 0.302938090605 0 0
71.6 28 56 0.61627 0.703384641354 0.30277577495 0 0
71.7 28 57 0.606663 0.703448171336 0.30261367067 0 0
71.8 28 57 0.602888 0.703511824455 0.302451784275 0 0
71.9 28 57 0.606195 0.703575600637 0.302290122272 0 0
72 28 57 0.576741 0.703639499754 0.302128690712 0 0
72.1 28 57 0.580064 0.703703522515 0.301967495534 0 0
72.2 28 57 0.618226 0.703767670615 0.301806542738 0 0
72.3 28 57 0.561196 0.703831945548 0.301645837963 0 0
72.4 28 57 0.562086 0.703896349224 0.301485387466 0 0
72.5 28 57 0.590784 0.70396088382 0.301325196358 0 0
72.6 28 58 0.60191 0.704025552551 0.301165270763 0 0
72.7 28 57 0.601789 0.704090359265 0.301005615346 0 0
72.8 28 57 0.630229 0.704155307085 0.30084623686 0 0
72.9 28 57 0.641532 0.704220400728 0.300687139417 0 0
73 28 57 0.635706 0.704285644754 0.300528329056 0 0
73.1 28 60 0.606187 0.704351043855 0.300369810109 0 0
73.2 28 60 0.579424 0.704416603798 0.300211586861 0 0
73.3 28 59 0.609082 0.704482330094 0.300053663965 0 0
73.4 28 60 0.610856 0.704548228422 0.299896046075 0 0
73.5 28 59 0.614707 0.704614304843 0.299738737311 0 0
73.6 28 63 0.633955 0.704680565791 0.299581742282 0 0
73.7 28 61 0.616866 0.704747016913 0.299425065042 0 0
73.8 28 61 0.655297 0.704813665319 0.299268708899 0 0
73.9 28 60 0.615733 0.704880516604 0.299112678056 0 0
74 28 62 0.590495 0.704947577605 0.298956976552 0 0
74.1 28 60 0.65745 0.70501485456 0.298801607152 0 0
74.2 28 62 0.625569 0.70508235275 0.298646574843 0 0
74.3 28 64 0.662485 0.705150078795 0.298491882527 0 0
74.4 28 60 0.653831 0.705218038076 0.298337533461 0 0
74.5 28 63 0.658899 0.705286236083 0.2981835316 0 0
74.6 28 62 0.628662 0.70535467786 0.298029880145 0 0
74.7 28 66 0.604303 0.705423369249 0.297876582169 0 0
74.8 28 64 0.63056 0.705492313498 0.297723640823 0 0
74.9 28 65 0.644863 0.705561514363 0.29757105953 0 0
75 28 66 0.598734 0.705630976498 0.297418841085 0 0
75.1 28 66 0.660463 0.705700703162 0.297266988649 0 0
75.2 28 65 0.66808 0.705770696496 0.29711550566 0 0
75.3 28 66 0.674231 0.705840958395 0.296964395345 0 0
75.4 28 66 0.669329 0.705911491099 0.296813660213 0 0
75.5 28 66 0.654299 0.705982295232 0.296663303381 0 0
75.6 28 65 0.661859 0.706053371323 0.296513327573 0 0
75.7 28 66 0.677472 0.706124719655 0.296363736074 0 0
75.8 28 67 0.678815 0.706196339233 0.29621453179 0 0
75.9 28 67 0.678773 0.706268229597 0.296065716925 0 0
76 28 68 0.613814 0.706340389165 0.295917294417 0 0
76.1 28 67 0.652523 0.706412815168 0.29576926716 0 0
76.2 28 66 0.686347 0.706485505975 0.295621637979 0 0
76.3 28 68 0.636259 0.706558459394 0.295474409597 0 0
76.4 28 69 0.621313 0.706631672956 0.29532758355 0 0
76.5 28 69 0.63703 0.706705143425 0.295181163121 0 0
76.6 28 68 0.671453 0.706778867479 0.295035150815 0 0
76.7 28 68 0.662234 0.706852842021 0.294889548761 0 0
76.8 28 69 0.660218 0.706927063477 0.294744359294 0 0
76.9 28 68 0.666579 0.70700152822 0.294599584074 0 0
77 28 68 0.672353 0.707076232633 0.294455225396 0 0
77.1 28 69 0.699336 0.707151172999 0.294311285644 0 0
77.2 28 69 0.624614 0.707226346254 0.294167766036 0 0
77.3 28 69 0.645533 0.707301748886 0.294024668504 0 0
77.4 28 70 0.672454 0.707377378076 0.293881994716 0 0
77.5 28 70 0.67419 0.70745323085 0.293739746181 0 0
77.6 28 69 0.685982 0.707529304311 0.293597924176 0 0
77.7 28 70 0.682655 0.707605596646 0.293456530198 0 0
77.8 28 70 0.68609 0.707682105678 0.293315565278 0 0
77.9 28 70 0.688712 0.707758829813 0.293175030474 0 0
78 28 71 0.71139 0.707835767558 0.293034927015 0 0
78.1 28 72 0.68844 0.707912918262 0.29289525531 0 0
78.2 28 71 0.688658 0.707990281338 0.292756015941 0 0
78.3 28 72 0.730288 0.708067856634 0.292617209907 0 0
78.4 28 71 0.733073 0.708145644832 0.292478837427 0 0
78.5 28 71 0.730982 0.708223646473 0.292340899167 0 0
78.6 28 73 0.739367 0.708301862773 0.292203395604 0 0
78.7 28 72 0.698285 0.708380295462 0.292066326986 0 0
78.8 28 72 0.7458 0.708458946385 0.291929693174 0 0
78.9 28 72 0.656022 0.708537817885 0.291793494614 0 0
79 28 71 0.699817 0.708616913869 0.291657730746 0 0
79.1 28 72 0.729664 0.708696236655 0.291522402441 0 0
79.2 28 71 0.727717 0.708775789512 0.291387509391 0 0
79.3 28 72 0.706598 0.708855576061 0.291253051238 0 0
79.4 28 73 0.699271 0.708935600649 0.291119027639 0 0
79.5 28 71 0.693559 0.709015867179 0.290985438833 0 0
79.6 28 73 0.736158 0.70909637989 0.290852284621 0 0
79.7 28 72 0.735538 0.709177143186 0.290719564773 0 0
79.8 28 72 0.715146 0.70925816127 0.290587278795 0 0
79.9 28 73 0.718552 0.709339438507 0.290455426502 0 0
80 28 74 0.750267 0.70942097939 0.290324007633 0 0
80.1 28 73 0.697527 0.709502788477 0.290193022119 0 0
80.2 28 72 0.742245 0.709584869579 0.290062469177 0 0
80.3 28 73 0.740178 0.709667226669 0.289932348697 0 0
80.4 28 71 0.696851 0.709749863608 0.289802660173 0 0
80.5 28 72 0.666793 0.709832783546 0.289673403445 0 0
80.6 28 71 0.715333 0.709915990033 0.289544578263 0 0
80.7 28 72 0.718958 0.709999486234 0.289416184271 0 0
80.8 28 73 0.76076 0.710083274391 0.289288221263 0 0
80.9 28 74 0.685921 0.71016735652 0.289160688617 0 0
81 28 72 0.719943 0.710251734707 0.289033585856 0 0
81.1 28 73 0.695288 0.710336410057 0.288906913216 0 0
81.2 28 74 0.748258 0.710421383391 0.288780670109 0 0
81.3 28 75 0.701293 0.710506655172 0.288654856454 0 0
81.4 28 75 0.703596 0.710592225285 0.288529471493 0 0
81.5 28 75 0.709397 0.710678093035 0.288404515603 0 0
81.6 28 74 0.7535 0.710764258149 0.288279987431 0 0
81.7 28 73 0.715686 0.710850718267 0.288155887412 0 0
81.8 28 74 0.715557 0.71093747227 0.288032214905 0 0
81.9 28 73 0.726382 0.711024516877 0.287908969608 0 0
82 28 72 0.7617 0.71111184945 0.287786151031 0 0
82.1 28 73 0.763494 0.711199466933 0.287663758169 0 0
82.2 28 73 0.724367 0.711287365676 0.287541791325 0 0
82.3 28 72 0.725185 0.711375541518 0.287420249555 0 0
82.4 28 73 0.729582 0.711463989832 0.28729913264 0 0
82.5 28 73 0.676843 0.711552705611 0.287178439911 0 0
82.6 28 75 0.688135 0.711641684343 0.287058170417 0 0
82.7 28 72 0.745344 0.711730920758 0.286938323923 0 0
82.8 28 74 0.73131 0.711820409517 0.286818899493 0 0
82.9 28 73 0.747534 0.711910144821 0.286699896019 0 0
83 28 71 0.754544 0.712000121486 0.28658131295 0 0
83.1 28 73 0.703865 0.712090333172 0.286463149483 0 0
83.2 28 72 0.741606 0.712180774016 0.286345404563 0 0
83.3 28 72 0.712669 0.712271438712 0.286228077166 0 0
83.4 28 73 0.716534 0.712362321443 0.286111166237 0 0
83.5 28 71 0.718541 0.712453416345 0.285994671134 0 0
83.6 28 72 0.70135 0.712544717989 0.285878589819 0 0
83.7 28 72 0.733453 0.712636220779 0.285762921615 0 0
83.8 28 72 0.678415 0.712727919934 0.285647665314 0 0
83.9 28 72 0.741234 0.712819810656 0.28553281915 0 0
84 28 72 0.708918 0.712911887806 0.285418382052 0 0
84.1 28 73 0.685066 0.713004147386 0.28530435249 0 0
84.2 28 72 0.725455 0.713096585367 0.285190728824 0 0
84.3 28 74 0.725585 0.713189198122 0.285077509816 0 0
84.4 28 74 0.687652 0.713281981961 0.28496469327 0 0
84.5 28 74 0.72507 0.71337493425 0.284852277435 0 0
84.6 28 77 0.758031 0.713468052177 0.284740261028 0 0
84.7 28 75 0.707158 0.713561333111 0.284628642251 0 0
84.8 28 74 0.747058 0.713654775336 0.284517419712 0 0
84.9 28 74 0.743402 0.71374837717 0.284406591225 0 0
85 28 73 0.716878 0.713842137543 0.28429615484 0 0
85.1 28 74 0.725893 0.713936055661 0.284186109161 0 0
85.2 28 75 0.76115 0.714030130588 0.28407645217 0 0
85.3 28 72 0.714107 0.7141243626 0.283967181661 0 0
85.4 28 72 0.748689 0.714218751348 0.283858296229 0 0
85.5 28 75 0.737384 0.714313297044 0.283749793205 0 0
85.6 28 73 0.747485 0.714408000934 0.283641671001 0 0
85.7 28 76 0.70022 0.714502862772 0.283533928106 0 0
85.8 28 76 0.749763 0.714597884071 0.283426561843 0 0
85.9 28 74 0.751457 0.714693065896 0.283319570002 0 0
86 28 72 0.719696 0.714788409121 0.283212951242 0 0
86.1 28 75 0.755119 0.714883915354 0.283106703321 0 0
86.2 28 72 0.724385 0.714979585748 0.283000824332 0 0
86.3 28 72 0.7656 0.715075421781 0.282895312154 0 0
86.4 28 75 0.726505 0.715171424284 0.28279016473 0 0
86.5 28 79 0.707272 0.715267595414 0.282685379549 0 0
86.6 28 75 0.759369 0.715363935943 0.282580954761 0 0
86.7 28 75 0.761562 0.715460446854 0.282476888478 0 0
86.8 28 76 0.7121 0.715557129195 0.282373178498 0 0
86.9 28 73 0.716894 0.715653983945 0.28226982241 0 0
87 28 75 0.723389 0.715751011086 0.282166818583 0 0
87.1 28 73 0.721696 0.715848211483 0.282064164104 0 0
87.2 28 74 0.766553 0.715945585552 0.281961856807 0 0
87.3 28 74 0.720003 0.716043133067 0.281859894869 0 0
87.4 28 75 0.7727 0.716140853485 0.281758275584 0 0
87.5 28 74 0.767022 0.716238746271 0.281656996486 0 0
87.6 28 73 0.733656 0.716336810583 0.281556055631 0 0
87.7 28 76 0.714172 0.716435045455 0.281455450057 0 0
87.8 28 72 0.775215 0.716533449547 0.281355177457 0 0
87.9 28 71 0.734595 0.716632020973 0.281255235597 0 0
88 28 75 0.727514 0.716730757896 0.281155621798 0 0
88.1 28 73 0.697064 0.716829658403 0.281056333013 0 0
88.2 28 73 0.718126 0.716928719995 0.280957366332 0 0
88.3 28 73 0.775661 0.717027939995 0.280858718731 0 0
88.4 28 73 0.708446 0.717127314745 0.280760387954 0 0
88.5 28 74 0.743157 0.717226841974 0.280662370377 0 0
88.6 28 72 0.746868 0.717326517676 0.280564663013 0 0
88.7 28 74 0.756791 0.717426338695 0.280467262584 0 0
88.8 28 72 0.742814 0.717526301316 0.280370166179 0 0
88.9 28 74 0.772248 0.717626402056 0.280273370124 0 0
89 28 75 0.699983 0.717726636555 0.280176871515 0 0
89.1 28 75 0.770379 0.717827001686 0.280080666881 0 0
89.2 28 73 0.747965 0.71792749267 0.279984752242 0 0
89.3 28 74 0.723669 0.71802810568 0.279889124505 0 0
89.4 28 75 0.7739 0.718128837137 0.279793779625 0 0
89.5 28 73 0.734064 0.718229682771 0.279698714477 0 0
89.6 28 73 0.760715 0.718330638652 0.27960392472 0 0
89.7 28 72 0.715998 0.718431701359 0.27950940703 0 0
89.8 28 73 0.754515 0.718532866924 0.279415157195 0 0
89.9 28 73 0.777308 0.718634131794 0.279321172116 0 0
90 28 73 0.733991 0.718735492843 0.279227447212 0 0
90.1 28 73 0.741889 0.718836946274 0.27913397893 0 0
90.2 28 74 0.75034 0.718938489401 0.2790407633 0 0
90.3 28 75 0.741549 0.719040119717 0.278947796519 0 0
90.4 28 74 0.723628 0.719141834139 0.278855074506 0 0
90.5 28 76 0.706404 0.719243630637 0.278762593375 0 0
90.6 28 77 0.719003 0.71934550683 0.278670349493 0 0
90.7 28 76 0.747773 0.719447460582 0.278578338542 0 0
90.8 28 75 0.797251 0.719549490032 0.278486557141 0 0
90.9 28 75 0.758123 0.719651594135 0.278395001385 0 0
91 28 74 0.807255 0.719753771193 0.278303667784 0 0
91.1 28 74 0.757372 0.719856019816 0.278212552801 0 0
91.2 28 74 0.756218 0.719958339474 0.278121652762 0 0
91.3 28 76 0.748614 0.720060729558 0.278030963658 0 0
91.4 28 74 0.791943 0.720163189972 0.277940482185 0 0
91.5 28 74 0.754529 0.720265720011 0.277850205392 0 0
91.6 28 76 0.792642 0.720368319332 0.277760129931 0 0
91.7 28 76 0.738549 0.720470988456 0.277670252318 0 0
91.8 28 74 0.810675 0.720573727394 0.277580569196 0 0
91.9 28 74 0.771753 0.720676536613 0.277491077578 0 0
92 28 76 0.731288 0.720779416229 0.277401774752 0 0
92.1 28 74 0.806406 0.720882366663 0.277312657683 0 0
92.2 28 75 0.785319 0.720985388317 0.277223723326 0 0
92.3 28 75 0.80469 0.721088481722 0.277134969109 0 0
92.4 28 75 0.748335 0.721191647112 0.277046392066 0 0
92.5 28 74 0.7982 0.721294884585 0.276957990175 0 0
92.6 28 75 0.802517 0.721398194847 0.276869760536 0 0
92.7 28 75 0.804709 0.72150157795 0.276781700762 0 0
92.8 28 76 0.807028 0.721605034548 0.276693808324 0 0
92.9 28 74 0.770645 0.721708564136 0.276606080733 0 0
93 28 73 0.824933 0.721812166794 0.276518515725 0 0
93.1 28 74 0.809704 0.721915842386 0.276431110897 0 0
93.2 28 74 0.779023 0.722019590204 0.276343864354 0 0
93.3 28 75 0.763483 0.72212340976 0.276256773727 0 0
93.4 28 74 0.780019 0.722227300548 0.276169836833 0 0
93.5 28 75 0.721612 0.722331260533 0.276083051753 0 0
93.6 28 75 0.7358 0.722435289353 0.275996415811 0 0
93.7 28 74 0.767472 0.722539385504 0.275909927264 0 0
93.8 28 74 0.803169 0.722643547153 0.275823583733 0 0
93.9 28 74 0.813242 0.722747772329 0.275737383762 0 0
94 28 74 0.810533 0.722852059117 0.275651324483 0 0
94.1 28 76 0.795311 0.722956405117 0.275565404497 0 0
94.2 28 76 0.775646 0.723060807818 0.2754796204 0 0
94.3 28 76 0.719966 0.723165264479 0.275393970637 0 0
94.4 28 75 0.779216 0.723269771801 0.275308452924 0 0
94.5 28 75 0.784807 0.723374327121 0.275223064598 0 0
94.6 28 75 0.763457 0.723478926935 0.275137803668 0 0
94.7 28 75 0.788812 0.723583568287 0.275052667278 0 0
94.8 28 75 0.748053 0.723688247123 0.274967653438 0 0
94.9 28 73 0.83295 0.723792960375 0.274882758872 0 0
95 28 75 0.819607 0.723897703837 0.274797981288 0 0
95.1 28 73 0.797635 0.724002473738 0.274713318337 0 0
95.2 28 75 0.772298 0.724107266527 0.274628767035 0 0
95.3 28 76 0.773218 0.724212078359 0.274544324078 0 0
95.4 28 76 0.769816 0.72431690544 0.274459986907 0 0
95.5 28 76 0.807319 0.724421743617 0.274375753122 0 0
95.6 28 75 0.765763 0.724526589479 0.274291619198 0 0
95.7 28 75 0.785964 0.724631439424 0.274207582485 0 0
95.8 28 74 0.814434 0.724736289818 0.274123639584 0 0
95.9 28 75 0.826802 0.724841136898 0.274039787501 0 0
96 28 76 0.786639 0.724945977727 0.273956023508 0 0
96.1 28 74 0.790803 0.725050809063 0.273872344005 0 0
96.2 28 74 0.800963 0.725155628047 0.273788745894 0 0
96.3 28 74 0.79778 0.725260431911 0.273705225672 0 0
96.4 28 76 0.782671 0.725365217609 0.273621780413 0 0
96.5 28 74 0.791582 0.72546998373 0.273538406602 0 0
96.6 28 73 0.795496 0.725574728143 0.273455101379 0 0
96.7 28 75 0.835357 0.725679448798 0.273371860692 0 0
96.8 28 75 0.818996 0.725784143865 0.273288681778 0 0
96.9 28 75 0.852566 0.725888812432 0.273205561042 0 0
97 28 74 0.836834 0.725993453348 0.273122495423 0 0
97.1 28 74 0.840512 0.726098065805 0.273039481728 0 0
97.2 28 76 0.831496 0.726202649277 0.272956516474 0 0
97.3 28 75 0.799484 0.726307203605 0.272873596562 0 0
97.4 28 75 0.77875 0.726411728628 0.272790718899 0 0
97.5 29 74 0.764504 0.72651622482 0.27270788019 0 0
97.6 29 75 0.779455 0.72662069267 0.272625077011 0 0
97.7 29 75 0.804185 0.726725132953 0.272542305655 0 0
97.8 29 77 0.779539 0.72682954673 0.272459563738 0 0
97.9 29 75 0.796488 0.726933934805 0.27237684843 0 0
98 29 75 0.794965 0.727038298611 0.272294156433 0 0
98.1 29 75 0.78635 0.727142639426 0.272211484831 0 0
98.2 29 76 0.767571 0.727246958641 0.27212883154 0 0
98.3 29 76 0.852257 0.727351258144 0.27204619273 0 0
98.4 29 73 0.819691 0.727455539694 0.271963565782 0 0
98.5 29 76 0.835485 0.7275598045 0.271880948511 0 0
98.6 29 79 0.799562 0.727664054651 0.271798338255 0 0
98.7 29 74 0.862084 0.727768292007 0.271715732272 0 0
98.8 29 76 0.799902 0.727872517679 0.27163312884 0 0
98.9 29 77 0.816128 0.727976734235 0.271550524751 0 0
99 30 78 0.836779 0.728080942934 0.271467917537 0 0
99.1 29 77 0.893719 0.72818514515 0.27138530544 0 0
99.2 30 77 0.825388 0.728289341939 0.27130268613 0 0
99.3 30 77 0.874459 0.728393535665 0.271220056823 0 0
99.4 30 75 0.840578 0.728497726724 0.271137415848 0 0
99.5 30 77 0.89377 0.728601916158 0.271054760885 0 0
99.6 30 76 0.845643 0.728706104497 0.270972089627 0 0
99.7 30 76 0.857303 0.728810292589 0.270889400508 0 0
99.8 30 77 0.850076 0.728914480532 0.270806691005 0 0
99.9 30 75 0.850899 0.729018668396 0.270723959429 0 0
100 30 75 0.848442 0.729122855609 0.27064120335 0 0
