# SIAM excitation B=c_0up^dag|gs> (normalized), method=star
# L=200 U=0.025 V=0.1 dt=0.1 tmax=100 cutoff=1e-10 max_bond_dim=1024
# E_gs=-62.7298692501 gs_bond_dim=39 gs_wall_s=85.575074
# nrm=0.70710678136  G00(t) = -i nrm^2 exp(i E_gs t) A(t)
# t  n_active  bond_dim  wall_s  n0up  n0dw  ReA  ImA
0 200 39 0.010291 1 0.556033591456 1 0
0.1 200 21 1.597672 0.99996157087 0.556028764253 0.999846906394 -0.0151318457263
0.2 200 19 1.539957 0.999846380047 0.556013850024 0.999387900643 -0.0302535630652
0.3 200 19 1.520866 0.99965473178 0.555988868539 0.998623782835 -0.0453550593129
0.4 200 19 1.525188 0.999387134107 0.555953877995 0.997555885797 -0.0604263156225
0.5 200 19 1.51729 0.999044294593 0.555908924578 0.996186066291 -0.0754574231874
0.6 200 19 1.514761 0.998627117028 0.555854070208 0.994516694444 -0.0904386186982
0.7 200 19 1.522622 0.998136697574 0.555789392676 0.992550641016 -0.10536031895
0.8 200 19 1.521662 0.997574320075 0.555714985276 0.9902912621 -0.120213154348
0.9 200 19 1.519198 0.99694144884 0.555630950316 0.987742381014 -0.134988000727
1 200 19 1.525746 0.996239724161 0.555537407484 0.984908268376 -0.149676010175
1.1 200 19 1.525093 0.995470949749 0.555434482884 0.981793618931 -0.164268639209
1.2 200 19 1.523225 0.994637089984 0.555322316895 0.978403527484 -0.178757675833
1.3 200 19 1.52263 0.993740254356 0.555201071591 0.974743462009 -0.193135263834
1.4 200 19 1.520708 0.992782695212 0.555070896971 0.970819235294 -0.207393925038
1.5 200 19 1.500748 0.991766791116 0.554931958069 0.966636975395 -0.221526579145
1.6 200 19 1.517865 0.99069503871 0.55478443276 0.962203094557 -0.235526561237
1.7 200 19 1.535345 0.989570040614 0.55462850674 0.957524256821 -0.249387636452
1.8 200 19 1.489802 0.988394493215 0.554464372002 0.952607345124 -0.263104011907
1.9 200 19 1.481099 0.987171174453 0.55429222721 0.947459427807 -0.276670346047
2 200 19 1.492512 0.985902929888 0.554112272577 0.942087724373 -0.290081755111
2.1 200 19 1.494081 0.984592665664 0.553924708899 0.936499571499 -0.303333817369
2.2 200 19 1.480181 0.983243328091 0.553729758809 0.930702389041 -0.316422573681
2.3 200 19 1.465921 0.981857896208 0.553527637128 0.924703646218 -0.329344526201
2.4 200 19 1.456508 0.980439367623 0.553318560833 0.918510828471 -0.342096634022
2.5 200 19 1.446211 0.978990749141 0.553102764708 0.912131405179 -0.354676306319
2.6 200 19 1.462823 0.977515034249 0.552880444755 0.905572797515 -0.367081393164
2.7 200 19 1.465759 0.976015199552 0.552651818191 0.898842348773 -0.379310173127
2.8 200 19 1.438758 0.974494193534 0.552417111859 0.891947295769 -0.391361340106
2.9 200 19 1.475967 0.97295492121 0.552176542538 0.884894740779 -0.403233986953
3 200 19 1.465965 0.971400232558 0.551930324102 0.877691626213 -0.414927587109
3.1 200 19 1.454184 0.969832913097 0.551678668709 0.870344710659 -0.426441975259
3.2 200 19 1.441581 0.968255672262 0.551421814093 0.86286054919 -0.437777326621
3.3 200 19 1.428087 0.966671138025 0.551159943083 0.855245467948 -0.448934131471
3.4 200 19 1.441578 0.965081846157 0.550893244841 0.847505551508 -0.459913173881
3.5 200 19 1.448495 0.963490224809 0.550621898172 0.83964662657 -0.470715504039
3.6 200 19 1.452184 0.961898597472 0.550346109561 0.831674248288 -0.481342414629
3.7 200 19 1.437119 0.960309169574 0.550066058393 0.82359368966 -0.491795412632
3.8 200 19 1.437214 0.958724027266 0.54978191832 0.815409933467 -0.50207619402
3.9 200 19 1.417633 0.957145128281 0.549493858625 0.807127666637 -0.512186616405
4 200 19 1.449025 0.955574295214 0.549202036504 0.798751276688 -0.522128669689
4.1 200 19 1.435038 0.954013218398 0.548906607855 0.790284849487 -0.531904452335
4.2 200 19 1.457824 0.952463447462 0.54860772272 0.781732177164 -0.541516140975
4.3 200 19 1.437248 0.950926391402 0.548305513134 0.773096743913 -0.550965971684
4.4 200 19 1.429777 0.949403317741 0.548000114446 0.764381747715 -0.56025620862
4.5 200 19 1.442514 0.947895353574 0.54769165047 0.755590101204 -0.569389122627
4.6 200 19 1.451617 0.94640348167 0.547380232451 0.74672444339 -0.57836696567
4.7 200 19 1.327823 0.944928543878 0.547065977374 0.737787148757 -0.587191953005
4.8 200 19 1.231199 0.943471245813 0.546748976317 0.728780339252 -0.595866240193
4.9 200 19 1.049832 0.942032154776 0.546429329429 0.71970589961 -0.604391905921
5 200 19 1.049371 0.940611706276 0.546107126776 0.710565490993 -0.612770934691
5.1 200 19 1.048422 0.939210205841 0.545782450349 0.701360570307 -0.621005200892
5.2 200 19 1.049784 0.937827835624 0.545455365873 0.692092403602 -0.629096456291
5.3 200 19 1.050693 0.936464656895 0.545125958219 0.682762098868 -0.637046316191
5.4 200 19 1.05052 0.935120616519 0.544794294424 0.673370589572 -0.644856254203
5.5 200 19 1.049418 0.933795555986 0.544460436827 0.663918693514 -0.652527591567
5.6 200 19 1.048574 0.932489213611 0.54412444728 0.654407103891 -0.660061490879
5.7 200 19 1.049812 0.931201237458 0.543786373496 0.644836419473 -0.667458945645
5.8 200 19 1.050779 0.929931187962 0.543446264224 0.635207169391 -0.674720787128
5.9 200 19 1.051369 0.928678548546 0.543104161616 0.62551982374 -0.681847678681
6 200 19 1.162714 0.927442728466 0.542760110205 0.615774815689 -0.688840123523
6.1 200 19 1.087176 0.926223075368 0.542414147341 0.605972560015 -0.695698459681
6.2 200 19 1.33278 0.925018890472 0.542066307634 0.596113469028 -0.702422868618
6.3 200 19 1.451141 0.923829411112 0.541716621408 0.586197970299 -0.709013379564
6.4 200 19 1.449908 0.9226538429 0.541365122008 0.576226520985 -0.71546987809
6.5 200 19 1.458877 0.921491360741 0.541011838107 0.566199620668 -0.721792113243
6.6 200 19 1.448448 0.920341116623 0.540656797377 0.556117828598 -0.727979709056
6.7 200 19 1.437938 0.919202248115 0.540300022914 0.545981772969 -0.734032173364
6.8 200 19 1.405906 0.918073881039 0.539941544926 0.535792159461 -0.739948907783
6.9 200 19 1.095936 0.916955143946 0.539581389085 0.525549786129 -0.7457292254
7 200 19 1.400937 0.9158451715 0.539219580705 0.51525554664 -0.751372357724
7.1 200 19 1.402922 0.914743110926 0.538856111996 0.504910439081 -0.756877470908
7.2 200 19 1.398933 0.913648137635 0.538491034124 0.494515570953 -0.762243681794
7.3 200 19 1.397242 0.912559437982 0.538124379854 0.484072159386 -0.76747006731
7.4 200 19 1.398069 0.911476239973 0.5377561711 0.473581538997 -0.772555678904
7.5 200 19 1.40116 0.910397798618 0.537386439629 0.463045157059 -0.777499557761
7.6 200 19 1.397883 0.909323416355 0.537015211975 0.452464575699 -0.782300748193
7.7 200 19 1.39876 0.908252431013 0.536642521644 0.441841469736 -0.786958306641
7.8 200 19 1.40426 0.907184230234 0.53626838916 0.431177630783 -0.791471311804
7.9 200 19 1.40373 0.906118257389 0.535892859002 0.420474944889 -0.795838894301
8 200 19 1.402353 0.905054003909 0.535515963452 0.409735398112 -0.800060229895
8.1 200 19 1.402782 0.90399101948 0.535137737052 0.398961071675 -0.804134555328
8.2 200 19 1.401612 0.902928908616 0.534758216285 0.388154132713 -0.808061175771
8.3 200 19 1.402499 0.901867332225 0.534377437993 0.37731682662 -0.811839474905
8.4 200 19 1.402279 0.90080600939 0.533995430356 0.366451470159 -0.815468916697
8.5 200 19 1.40068 0.899744715809 0.533612241216 0.355560434555 -0.818949066083
8.6 200 19 1.400524 0.898683284399 0.533227915519 0.344646145137 -0.822279581764
8.7 200 19 1.397047 0.897621603238 0.532842495665 0.333711065938 -0.825460223962
8.8 200 19 1.395782 0.896559615105 0.532456024191 0.322757691175 -0.828490856856
8.9 200 19 1.396684 0.895497315272 0.532068544134 0.311788534581 -0.831371450966
9 200 19 1.396188 0.894434749203 0.53168009924 0.300806119259 -0.834102084006
9.1 200 19 1.396539 0.893372009983 0.531290733643 0.289812967502 -0.8366829406
9.2 200 19 1.264447 0.892309235379 0.530900492011 0.278811590949 -0.839114311102
9.3 200 19 1.396062 0.891246621779 0.530509430751 0.267804477763 -0.841396598361
9.4 200 19 1.394249 0.89018436911 0.530117581671 0.256794092619 -0.843530287588
9.5 200 19 1.395621 0.889122729142 0.529724988803 0.245782859775 -0.845515968981
9.6 200 19 1.40418 0.888061985566 0.529331696105 0.234773157211 -0.847354325592
9.7 200 19 1.433724 0.887002445996 0.52893774709 0.223767309563 -0.849046123671
9.8 200 19 1.416887 0.885944442038 0.52854318444 0.212767581747 -0.850592210337
9.9 200 19 1.418377 0.884888323958 0.528148049688 0.201776172637 -0.851993505625
10 200 19 1.16796 0.883834463179 0.527752389876 0.19079520767 -0.85325100036
10.1 200 19 1.024098 0.882783235065 0.527356240669 0.179826739541 -0.854365738103
10.2 200 19 1.022732 0.881735013766 0.526959638326 0.168872745159 -0.855338808182
10.3 200 19 1.018102 0.880690182508 0.52656262118 0.157935118623 -0.856171347102
10.4 200 19 1.039523 0.879649123077 0.526165226939 0.147015671241 -0.856864525564
10.5 200 19 1.043291 0.878612210081 0.525767491408 0.13611612198 -0.857419562072
10.6 200 19 1.046986 0.877579815536 0.525369449685 0.125238110675 -0.8578376758
10.7 200 19 1.038564 0.876552293355 0.524971135481 0.114383208993 -0.858120066022
10.8 200 19 1.03126 0.875529982968 0.524572581207 0.103552900555 -0.858267959644
10.9 200 19 1.028216 0.87451320643 0.524173818529 0.0927485949917 -0.858282583015
11 200 19 1.02939 0.873502260332 0.52377487636 0.0819716221227 -0.858165145669
11.1 200 19 1.032972 0.87249742182 0.523375783566 0.0712232400294 -0.857916838547
11.2 200 19 1.033193 0.871498938084 0.522976567383 0.0605046437746 -0.857538828986
11.3 200 19 1.03149 0.870507030893 0.522577253729 0.0498169667817 -0.857032257153
11.4 200 19 1.030983 0.869521893649 0.522177867214 0.0391612868468 -0.856398230542
11.5 200 19 1.024591 0.868543687244 0.521778431369 0.0285386313513 -0.855637817716
11.6 200 19 1.027608 0.867572542134 0.521378967953 0.0179499838219 -0.85475204745
11.7 200 19 1.026197 0.866608556689 0.520979498469 0.00739629005053 -0.853741905361
11.8 200 19 1.024551 0.865651797099 0.520580042737 -0.00312153547706 -0.852608332351
11.9 200 19 1.030651 0.864702297208 0.520180618457 -0.0136026032519 -0.851352222939
12 200 19 1.026282 0.863760058961 0.519781243382 -0.0240460423054 -0.849974425332
12.1 200 19 1.025693 0.862825052558 0.519381935095 -0.0344509935884 -0.848475741536
12.2 200 19 1.025585 0.861897217816 0.518982707174 -0.0448166017632 -0.846856926736
12.3 200 19 1.030172 0.860976465053 0.51858357614 -0.0551420152685 -0.845118695787
12.4 200 19 1.07875 0.860062676464 0.518184555832 -0.0654263753222 -0.84326172074
12.5 200 19 1.04935 0.859155707813 0.517785659815 -0.0756688119927 -0.841286635115
12.6 200 19 1.05174 0.858255390139 0.517386900776 -0.0858684394506 -0.839194037284
12.7 200 19 1.045771 0.857361531773 0.516988289958 -0.0960243514101 -0.836984494152
12.8 200 19 1.036552 0.856473920191 0.516589840361 -0.106135617479 -0.834658545426
12.9 200 19 1.040629 0.855592324601 0.516191563266 -0.116201279415 -0.832216708109
13 200 19 1.045617 0.854716498104 0.515793470396 -0.126220348354 -0.829659481292
13.1 200 19 1.047562 0.853846180344 0.515395572218 -0.13619180244 -0.826987351339
13.2 200 19 1.052208 0.852981099849 0.514997879587 -0.146114585343 -0.824200796746
13.3 200 19 1.037324 0.852120977269 0.514600400366 -0.155987604528 -0.821300294022
13.4 200 19 1.046208 0.85126552651 0.514203147184 -0.165809731758 -0.818286322646
13.5 200 19 1.041484 0.850414458501 0.513806130682 -0.17557980258 -0.81515937038
13.6 200 19 1.041239 0.849567483585 0.513409361757 -0.185296616856 -0.811919938758
13.7 200 19 1.04714 0.848724313691 0.513012851135 -0.194958940484 -0.808568547859
13.8 200 19 1.058496 0.847884665445 0.512616609708 -0.204565507484 -0.805105742009
13.9 200 19 1.056172 0.847048261515 0.51222064856 -0.214115020727 -0.801532092655
14 200 19 1.046875 0.846214833888 0.511824978404 -0.223606156106 -0.797848204282
14.1 200 19 1.053926 0.845384125885 0.51142961031 -0.2330375663 -0.794054718145
14.2 200 19 1.05242 0.844555892201 0.511034554748 -0.242407882576 -0.790152313489
14.3 200 19 1.059842 0.843729903725 0.510639823362 -0.251715718899 -0.786141714371
14.4 200 19 1.053746 0.842905947084 0.510245427778 -0.260959677394 -0.782023689808
14.5 200 19 1.041129 0.84208382676 0.509851379565 -0.270138352219 -0.777799056335
14.6 200 19 1.042742 0.84126336497 0.509457693686 -0.279250334174 -0.773468680561
14.7 200 19 1.053808 0.840444406772 0.509064377093 -0.2882942152 -0.769033477861
14.8 200 19 1.055699 0.83962681651 0.508671440827 -0.297268593161 -0.764494415224
14.9 200 19 1.049679 0.838810479994 0.508278896955 -0.306172077004 -0.75985251061
15 200 19 1.046685 0.837995305382 0.507886756854 -0.315003290903 -0.755108832488
15.1 200 19 1.045619 0.837181222777 0.507495031989 -0.323760879252 -0.750264498825
15.2 200 19 1.042221 0.836368184536 0.507103734192 -0.332443511006 -0.745320675714
15.3 200 19 1.045807 0.835556165182 0.506712876142 -0.341049885655 -0.74027857465
15.4 200 19 1.035103 0.834745159142 0.50632246824 -0.349578731839 -0.735139450568
15.5 200 19 1.044779 0.833935183726 0.505932523069 -0.358028816301 -0.729904602542
15.6 200 19 1.036154 0.833126275867 0.50554305205 -0.366398945572 -0.724575366039
15.7 200 19 1.036225 0.83231849165 0.505154066866 -0.374687969068 -0.719153111336
15.8 200 19 1.029896 0.83151190369 0.504765579739 -0.382894784137 -0.713639236032
15.9 200 19 1.039642 0.830706604662 0.504377602102 -0.391018330302 -0.708035172535
16 200 19 1.034348 0.829902700551 0.503990145076 -0.399057600098 -0.702342370345
16.1 200 19 1.039049 0.829100307323 0.503603221261 -0.407011635982 -0.696562294283
16.2 200 19 1.036273 0.828299558966 0.503216842011 -0.414879526525 -0.690696434486
16.3 200 19 1.033454 0.827500603928 0.502831019481 -0.422660420859 -0.684746291956
16.4 200 19 1.026689 0.826703595059 0.502445765508 -0.430353516562 -0.678713369224
16.5 200 19 1.03971 0.825908692464 0.502061091464 -0.437958062688 -0.672599171118
16.6 200 19 1.031953 0.825116061817 0.501677008449 -0.445473358597 -0.666405200352
16.7 200 19 1.041418 0.824325872476 0.501293528178 -0.452898752866 -0.660132954373
16.8 200 19 1.039535 0.823538295494 0.500910662022 -0.460233641541 -0.653783920759
16.9 200 19 1.043472 0.822753501886 0.50052842113 -0.467477466127 -0.647359574073
17 200 19 1.042172 0.821971660921 0.500146816841 -0.474629711037 -0.640861372702
17.1 200 19 1.060487 0.821192938371 0.499765860234 -0.481689901033 -0.634290756019
17.2 200 19 1.034399 0.82041749629 0.49938556209 -0.488657596962 -0.627649145727
17.3 200 19 1.040907 0.819645487195 0.499005933667 -0.49553239677 -0.620937931768
17.4 200 19 1.033555 0.818877057024 0.498626985913 -0.502313927639 -0.614158482465
17.5 200 19 1.039939 0.818112341971 0.498248729659 -0.509001844377 -0.607312138892
17.6 200 19 1.031502 0.817351467599 0.497871175509 -0.515595825601 -0.60040021407
17.7 200 19 1.042818 0.816594547529 0.497494334467 -0.522095570242 -0.593423992144
17.8 200 19 1.056048 0.815841682582 0.497118217164 -0.528500793852 -0.586384728314
17.9 200 19 1.046453 0.815092959577 0.496742834582 -0.534811225244 -0.579283648518
18 200 19 1.03715 0.814348451575 0.496368196685 -0.541026602319 -0.572121951207
18.1 200 19 1.026854 0.813608216394 0.495994313375 -0.547146669293 -0.56490080717
18.2 200 19 1.031133 0.812872296371 0.495621194593 -0.553171173147 -0.557621361049
18.3 200 19 1.026813 0.812140720381 0.495248850043 -0.559099862524 -0.550284732731
18.4 200 19 1.029466 0.811413497888 0.494877290497 -0.564932480095 -0.542892020446
18.5 200 19 1.024822 0.81069062138 0.494506525116 -0.570668763899 -0.53544429895
18.6 200 19 1.028111 0.809972070551 0.494136563685 -0.576308447297 -0.527942624305
18.7 200 19 1.022139 0.809257807343 0.493767415616 -0.581851249704 -0.520388036661
18.8 200 19 1.027878 0.808547773048 0.493399089585 -0.587296875888 -0.512781560322
18.9 200 19 1.029652 0.807841910635 0.493031595115 -0.592645027819 -0.505124226087
19 200 19 1.021253 0.807140133716 0.492664940438 -0.5978953856 -0.497417040177
19.1 200 19 1.017478 0.806442357318 0.492299133926 -0.603047624508 -0.489661017798
19.2 200 19 1.020745 0.805748474558 0.491934184659 -0.608101399313 -0.48185716666
19.3 200 19 1.010677 0.805058370565 0.491570101135 -0.613056352526 -0.474006497342
19.4 200 19 1.009738 0.80437192069 0.491206891306 -0.617912113143 -0.466110025372
19.5 200 19 0.999856 0.803688992263 0.490844562629 -0.622668297601 -0.458168774943
19.6 200 19 1.015703 0.803009447383 0.490483125403 -0.627324518183 -0.450183776028
19.7 200 19 1.065989 0.802333132602 0.490122582079 -0.63188035843 -0.442156072265
19.8 200 19 1.079773 0.801659903191 0.489762945305 -0.636335407845 -0.434086736996
19.9 200 19 1.082514 0.800989605386 0.489404219402 -0.64068924665 -0.42597685266
20 200 19 1.079654 0.800322088067 0.489046410729 -0.644941455531 -0.417827523674
20.1 200 19 1.086726 0.799657190792 0.488689528013 -0.649091606456 -0.409639860163
20.2 200 19 1.081526 0.798994755683 0.488333579941 -0.653139268536 -0.401415014395
20.3 200 19 1.080956 0.7983346393 0.487978561369 -0.65708403025 -0.393154160816
20.4 200 19 1.084804 0.797676691054 0.487624481518 -0.660925468529 -0.384858504989
20.5 200 19 1.164804 0.797020766492 0.487271344611 -0.664663177469 -0.376529264559
20.6 200 19 1.314452 0.796366728364 0.486919151963 -0.668296763361 -0.368167687049
20.7 200 19 1.081131 0.795714443521 0.486567909979 -0.671825846525 -0.359775045105
20.8 200 19 1.090942 0.79506379229 0.486217630834 -0.675250066165 -0.351352636785
20.9 200 19 1.085886 0.794414660779 0.485868305317 -0.678569081526 -0.34290178315
21 200 19 1.085738 0.793766946018 0.485519935865 -0.681782575852 -0.334423829004
21.1 200 19 1.130428 0.793120554847 0.485172526071 -0.68489025682 -0.325920139306
21.2 200 19 1.10834 0.792475410387 0.484826083155 -0.687891865557 -0.31739210658
21.3 200 19 1.112105 0.791831438767 0.484480601793 -0.690787164582 -0.308841128378
21.4 200 19 1.094774 0.791188586334 0.4841360876 -0.693575956782 -0.300268632124
21.5 200 19 1.096123 0.790546803871 0.483792538451 -0.69625807016 -0.291676044323
21.6 200 19 1.091366 0.789906057944 0.483449951894 -0.698833372883 -0.283064813185
21.7 200 19 1.184859 0.789266324801 0.483108333498 -0.701301769636 -0.274436373315
21.8 200 19 1.086708 0.788627597576 0.482767681984 -0.703663201661 -0.265792196053
21.9 200 19 1.103634 0.787989880941 0.482427983885 -0.705917649966 -0.257133742837
22 200 19 1.20168 0.787353190823 0.48208925231 -0.708065132018 -0.248462475725
22.1 200 19 1.153702 0.786717554262 0.481751481835 -0.710105704388 -0.239779852903
22.2 200 19 1.191199 0.786083008997 0.481414668756 -0.712039461593 -0.231087327044
22.3 200 19 1.182907 0.785449603595 0.481078804296 -0.713866535577 -0.222386343218
22.4 200 19 1.14199 0.784817396456 0.480743901538 -0.71558709494 -0.213678334774
22.5 200 19 1.125534 0.784186454628 0.480409945838 -0.717201343902 -0.204964721706
22.6 200 19 1.242362 0.783556852696 0.480076936737 -0.718709520448 -0.196246908275
22.7 200 19 1.382511 0.782928677663 0.479744875603 -0.720111900722 -0.187526285919
22.8 200 19 1.437501 0.782302014847 0.479413751087 -0.72140878147 -0.178804234085
22.9 200 19 1.243899 0.781676956585 0.479083570655 -0.722600495993 -0.170082069036
23 200 19 1.329063 0.781053594253 0.478754325672 -0.723687390577 -0.161361113012
23.1 200 19 1.395445 0.780432033049 0.478426015272 -0.724669852098 -0.152642666843
23.2 200 19 1.35546 0.779812375354 0.478098637159 -0.725548282798 -0.143927999281
23.3 200 19 1.178172 0.779194723761 0.47777218261 -0.726323102698 -0.13521835122
23.4 200 19 1.167588 0.778579168999 0.477446657662 -0.726994746922 -0.12651492642
23.5 200 19 1.08641 0.777965823162 0.477122055074 -0.727563673132 -0.117818912653
23.6 200 19 1.092157 0.777354781622 0.476798376083 -0.728030339945 -0.109131461643
23.7 200 19 1.100019 0.776746144606 0.476475619503 -0.728395223389 -0.1004537213
23.8 200 19 1.398715 0.77614000331 0.476153780848 -0.72865880282 -0.0917867956178
23.9 200 19 1.317315 0.775536439972 0.475832848286 -0.72882155475 -0.0831317595505
24 200 19 1.108723 0.774935539557 0.47551283008 -0.728883972515 -0.0744896686859
24.1 200 19 1.242931 0.774337376061 0.475193728341 -0.728846543369 -0.0658615427701
24.2 200 19 1.263373 0.773742015446 0.474875540215 -0.728709749511 -0.057248395494
24.3 200 19 1.282208 0.773149516168 0.474558265324 -0.728474071368 -0.0486512112773
24.4 200 19 1.525847 0.772559928156 0.474241904158 -0.728139984112 -0.0400709549641
24.5 200 19 1.522068 0.771973292517 0.473926457725 -0.72770795633 -0.0315085738428
24.6 200 19 1.139719 0.771389641327 0.47361192647 -0.727178448994 -0.0229649997056
24.7 200 19 1.084471 0.770808997689 0.473298309607 -0.726551914782 -0.014441150531
24.8 200 19 1.088123 0.770231374238 0.472985617136 -0.725828796951 -0.00593793267532
24.9 200 19 1.093837 0.769656780471 0.47267384224 -0.725009531576 0.00254375607738
25 200 19 1.096653 0.769085207712 0.472362990395 -0.72409454175 0.0110030241848
25.1 200 19 1.095503 0.768516640875 0.472053064329 -0.723084242114 0.0194389865151
25.2 200 19 1.092127 0.767951056419 0.47174406997 -0.721979039259 0.0278507602459
25.3 200 19 1.092787 0.76738842258 0.471436003533 -0.720779331364 0.0362374626717
25.4 200 19 1.097917 0.766828695734 0.471128875357 -0.719485507633 0.0445982120996
25.5 200 19 1.085863 0.766271826743 0.470822693346 -0.718097950835 0.0529321220487
25.6 200 19 1.084952 0.76571775944 0.470517452388 -0.716617039228 0.061238307943
25.7 200 19 1.094908 0.765166423412 0.470213168948 -0.715043140065 0.0695158677309
25.8 200 19 1.097889 0.764617747856 0.469909842418 -0.713376623494 0.0777639024661
25.9 200 19 1.085987 0.764071661483 0.469607473918 -0.711617869029 0.0859814898722
26 200 19 1.09269 0.763528078318 0.46930607178 -0.709767241126 0.0941677148688
26.1 200 19 1.093474 0.76298691695 0.469005646996 -0.707825122841 0.102321636914
26.2 200 19 1.095194 0.762448087698 0.468706204416 -0.705791893202 0.110442312415
26.3 200 19 1.163269 0.761911493922 0.468407752603 -0.703667930386 0.118528794008
26.4 200 19 1.081223 0.761377046312 0.468110294956 -0.701453637673 0.126580111224
26.5 200 19 1.07125 0.760844651503 0.467813836867 -0.699149421104 0.134595284796
26.6 200 19 1.064967 0.760314210584 0.467518392483 -0.69675569154 0.142573335665
26.7 200 19 1.094873 0.759785635483 0.467223964367 -0.69427289084 0.150513260008
26.8 200 19 1.075821 0.759258833902 0.466930553179 -0.691701470423 0.158414045671
26.9 200 19 1.065721 0.758733713965 0.466638173426 -0.68904189313 0.166274688978
27 200 19 1.057207 0.758210189614 0.466346830765 -0.686294648662 0.174094168959
27.1 200 19 1.055606 0.757688180096 0.466056527487 -0.683460247236 0.181871460755
27.2 200 19 1.078294 0.757167606058 0.465767276606 -0.680539218259 0.189605537289
27.3 200 19 1.076948 0.756648395607 0.465479074689 -0.677532116487 0.197295367908
27.4 200 19 1.068161 0.756130478818 0.465191934456 -0.674439514796 0.204939923985
27.5 200 19 1.116515 0.755613797544 0.464905859074 -0.671262018859 0.212538176033
27.6 200 19 1.067223 0.755098297697 0.464620851087 -0.668000258438 0.220089097841
27.7 200 19 1.121053 0.754583934297 0.464336915063 -0.664654891815 0.2275916724
27.8 200 19 1.081911 0.75407066753 0.464054055052 -0.661226599437 0.235044888558
27.9 200 19 1.084215 0.753558465479 0.463772273646 -0.657716087682 0.242447744854
28 200 19 1.066675 0.753047302494 0.463491575182 -0.654124084951 0.249799253834
28.1 200 19 1.066333 0.752537163371 0.463211960969 -0.650451350772 0.257098436743
28.2 200 19 1.073928 0.752028041639 0.462933432123 -0.646698668887 0.26434433508
28.3 200 19 1.071898 0.751519934078 0.462655990039 -0.642866839689 0.271536002913
28.4 200 19 1.081765 0.751012851199 0.462379634182 -0.63895669577 0.278672515443
28.5 200 19 1.074072 0.750506802225 0.462104364288 -0.634969076667 0.285752968493
28.6 200 19 1.076055 0.750001808564 0.461830179777 -0.630904847473 0.29277647907
28.7 200 19 1.073758 0.749497897649 0.46155707989 -0.626764891774 0.299742187327
28.8 200 19 1.081278 0.74899510726 0.461285062211 -0.622550115325 0.30664925826
28.9 200 19 1.080921 0.748493474299 0.461014122005 -0.618261431789 0.313496872641
29 200 19 1.081948 0.747993045026 0.460744257223 -0.613899764048 0.320284252248
29.1 200 19 1.077311 0.74749386559 0.460475465297 -0.609466046705 0.327010638369
29.2 200 19 1.078556 0.746995989167 0.460207741096 -0.604961224683 0.333675298364
29.3 200 19 1.077723 0.746499472397 0.459941083989 -0.600386251073 0.340277525383
29.4 200 19 1.083046 0.746004374621 0.459675483919 -0.595742082518 0.346816639337
29.5 200 19 1.076841 0.745510757219 0.45941093881 -0.591029679852 0.353291985669
29.6 200 19 1.08562 0.745018683524 0.459147441182 -0.586250005158 0.359702935935
29.7 200 19 1.079655 0.744528216735 0.458884988285 -0.581404019518 0.366048886456
29.8 200 19 1.088697 0.744039419681 0.4586235736 -0.576492680625 0.372329257814
29.9 200 19 1.086198 0.743552355869 0.458363192303 -0.571516946766 0.378543492659
30 200 19 1.079516 0.743067086994 0.458103833083 -0.566477767701 0.384691057214
30.1 200 19 1.080139 0.74258367301 0.457845494371 -0.56137608959 0.390771437914
30.2 200 19 1.093104 0.742102170288 0.45758816551 -0.556212847905 0.396784140642
30.3 200 19 1.111579 0.741622632 0.457331845863 -0.550988971586 0.402728689364
30.4 200 19 1.137967 0.741145108 0.457076530181 -0.545705380669 0.408604624383
30.5 200 19 1.122652 0.740669644026 0.456822205779 -0.540362985293 0.41441150084
30.6 200 19 1.122675 0.7401962808 0.456568867897 -0.534962685576 0.420148887277
30.7 200 19 1.118571 0.739725053783 0.456316513772 -0.52950537186 0.425816364164
30.8 200 19 1.122702 0.739255993251 0.456065135728 -0.523991923991 0.431413521775
30.9 200 19 1.126473 0.738789123209 0.455814730006 -0.518423211541 0.436939959087
31 200 19 1.157354 0.738324461837 0.45556529477 -0.512800094344 0.442395282089
31.1 200 19 1.105671 0.737862021188 0.455316827189 -0.507123423279 0.44777910213
31.2 200 19 1.091702 0.737401806872 0.455069321632 -0.50139403984 0.453091034731
31.3 200 19 1.088276 0.736943818055 0.454822772105 -0.495612777696 0.458330698181
31.4 200 19 1.096204 0.736488047278 0.454577176867 -0.489780463483 0.463497712362
31.5 200 19 1.095016 0.736034481612 0.454332529078 -0.48389791863 0.468591697175
31.6 200 19 1.335961 0.735583100174 0.454088831582 -0.477965958252 0.473612273379
31.7 200 19 1.095415 0.735133876789 0.453846082106 -0.471985394665 0.478559059921
31.8 200 19 1.10317 0.734686778965 0.453604274743 -0.465957037207 0.483431674036
31.9 200 19 1.131161 0.734241768314 0.453363417098 -0.459881694768 0.488229730794
32 200 19 1.089074 0.733798801106 0.453123501871 -0.453760176311 0.492952842381
32.1 200 19 1.077268 0.733357828888 0.452884533274 -0.447593292965 0.497600619031
32.2 200 19 1.068915 0.732918799716 0.452646507812 -0.441381858855 0.502172668219
32.3 200 19 1.062693 0.732481659536 0.452409428513 -0.435126692666 0.506668595374
32.4 200 19 1.07307 0.732046352787 0.452173297819 -0.428828618745 0.511088004306
32.5 200 19 1.059071 0.731612821386 0.451938114844 -0.422488468372 0.515430497185
32.6 200 19 1.065266 0.731181004638 0.451703879869 -0.416107081194 0.519695675586
32.7 200 19 1.471286 0.730750838876 0.451470593382 -0.409685305952 0.523883140837
32.8 200 19 1.353294 0.730322258994 0.451238257671 -0.403224002169 0.52799249532
32.9 200 19 1.235472 0.72989519943 0.451006875538 -0.396724040909 0.532023343604
33 200 19 1.060621 0.729469592999 0.45077645005 -0.390186303364 0.535975293884
33.1 200 19 1.062429 0.729045375671 0.450546981568 -0.383611683972 0.539847957697
33.2 200 19 1.059559 0.728622483548 0.45031847312 -0.377001091625 0.543640952691
33.3 200 19 1.066663 0.728200854585 0.450090926371 -0.37035545187 0.547353904067
33.4 200 19 1.062813 0.727780429255 0.449864344774 -0.363675701407 0.550986445483
33.5 200 19 1.067858 0.727361150858 0.449638727663 -0.356962790431 0.554538220348
33.6 200 19 1.071936 0.72694296565 0.449414077961 -0.350217683044 0.558008883594
33.7 200 19 1.066405 0.726525823961 0.449190397422 -0.343441356771 0.561398102946
33.8 200 19 1.063565 0.726109680509 0.448967688822 -0.336634802186 0.564705560331
33.9 200 19 1.07026 0.725694494042 0.448745952639 -0.329799021674 0.567930952804
34 200 19 1.07778 0.725280228635 0.448525187589 -0.322935029913 0.57107399433
34.1 200 19 1.078133 0.724866853133 0.448305396354 -0.316043851865 0.574134416986
34.2 200 19 1.077239 0.724454341546 0.448086578689 -0.309126522014 0.577111971485
34.3 200 19 1.094385 0.724042673425 0.447868736458 -0.302184081995 0.580006428058
34.4 200 19 1.481276 0.723631833932 0.447651866518 -0.295217584793 0.582817578039
34.5 200 19 1.47355 0.723221813824 0.44743596895 -0.288228087202 0.585545234197
34.6 200 19 1.471152 0.722812609477 0.447221040543 -0.28121665127 0.588189231281
34.7 200 19 1.096307 0.722404224312 0.447007081546 -0.274184343064 0.590749426302
34.8 200 19 1.276423 0.721996664083 0.446794088747 -0.267132229011 0.593225699353
34.9 200 19 1.474035 0.721589941358 0.44658205975 -0.260061376815 0.595617953301
35 200 19 1.464812 0.721184073829 0.44637099105 -0.25297285325 0.597926113873
35.1 200 19 1.452715 0.720779083755 0.446160880113 -0.245867722251 0.600150129343
35.2 200 19 1.422609 0.720374998244 0.445951723624 -0.238747044672 0.602289970627
35.3 200 19 1.091544 0.719971848401 0.445743517559 -0.231611875865 0.604345630362
35.4 200 19 1.088604 0.719569669157 0.445536259776 -0.224463264938 0.60631712307
35.5 200 19 1.081003 0.719168499037 0.445329943918 -0.217302252607 0.60820448325
35.6 200 19 1.086947 0.718768378944 0.445124565916 -0.210129870259 0.610007765173
35.7 200 19 1.08584 0.718369352039 0.44492012242 -0.202947140255 0.611727042287
35.8 200 19 1.083062 0.717971464668 0.444716608325 -0.195755073164 0.613362405617
35.9 200 19 1.078722 0.717574763474 0.444514017228 -0.188554667295 0.614913962578
36 200 19 1.082374 0.717179298378 0.444312346751 -0.181346911835 0.616381837999
36.1 200 19 1.086101 0.716785116817 0.444111591063 -0.174132778125 0.617766167747
36.2 200 19 1.076999 0.716392267702 0.443911750083 -0.166913224047 0.619067100874
36.3 200 19 1.078969 0.716000798228 0.443712816135 -0.159689197695 0.620284800116
36.4 200 19 1.074949 0.715610755422 0.443514781684 -0.152461630973 0.621419437183
36.5 200 19 1.083975 0.715222187659 0.443317648166 -0.145231441264 0.622471192084
36.6 200 19 1.08246 0.714835134861 0.443121407007 -0.137999533113 0.623440253594
36.7 200 19 1.078552 0.714449640169 0.442926053669 -0.130766797029 0.624326815235
36.8 200 19 1.077223 0.714065738901 0.442731585897 -0.12353411009 0.625131077431
36.9 200 19 1.42658 0.713683465705 0.442538004107 -0.116302336331 0.625853243352
37 200 19 1.288146 0.713302851877 0.442345298115 -0.10907232851 0.626493519019
37.1 200 19 1.088521 0.712923923156 0.442153470913 -0.101844926596 0.62705211113
37.2 200 19 1.096394 0.712546703636 0.441962520486 -0.0946209623573 0.627529229567
37.3 200 19 1.081903 0.712171211876 0.441772449165 -0.0874012567526 0.627925083074
37.4 200 19 1.107534 0.711797461934 0.441583245094 -0.0801866226251 0.628239879559
37.5 200 19 1.090159 0.711425462585 0.441394916719 -0.0729778650359 0.628473826194
37.6 200 19 1.104637 0.711055218223 0.441207457703 -0.0657757828668 0.628627128167
37.7 200 19 1.105218 0.710686727131 0.441020868275 -0.0585811684434 0.628699987584
37.8 200 19 1.111875 0.710319984646 0.440835149994 -0.0513948129345 0.628692607691
37.9 200 19 1.148117 0.709954978688 0.440650309996 -0.0442175016547 0.628605187105
38 200 19 1.203901 0.709591695197 0.440466352041 -0.0370500210792 0.62843792471
38.1 200 19 1.227257 0.709230113476 0.440283261761 -0.0298931549262 0.628191015112
38.2 200 19 1.460651 0.708870209258 0.44010105385 -0.0227476896404 0.627864654909
38.3 200 19 1.484275 0.708511953895 0.439919722325 -0.0156144118876 0.627459038159
38.4 200 19 1.479522 0.708155315167 0.439739272487 -0.00849411183216 0.626974360264
38.5 200 19 1.08711 0.707800255127 0.439559706402 -0.00138757562265 0.626410814464
38.6 200 19 1.103318 0.707446733147 0.439381026934 0.00570439646773 0.625768598139
38.7 200 19 1.128792 0.707094704995 0.43920323519 0.0127810016869 0.625047909469
38.8 200 19 1.200506 0.706744124512 0.439026330793 0.0198414336692 0.624248950175
38.9 200 19 1.185594 0.706394942301 0.438850314226 0.0268848790137 0.623371927505
39 200 19 1.234488 0.706047107629 0.438675194666 0.0339105207368 0.622417053739
39.1 200 19 1.114818 0.705700567317 0.438500968684 0.0409175342717 0.621384546177
39.2 200 19 1.18813 0.705355267534 0.43832764064 0.0479050886767 0.620274631156
39.3 200 19 1.417201 0.705011153476 0.438155215068 0.0548723472027 0.61908754386
39.4 200 19 1.209176 0.704668168996 0.437983689059 0.0618184664972 0.617823529042
39.5 200 19 1.293647 0.704326260584 0.437813068608 0.0687425973836 0.61648284449
39.6 200 19 1.203698 0.703985374271 0.437643354679 0.0756438868394 0.615065757469
39.7 200 19 1.173686 0.70364547085 0.437474539647 0.0825214920717 0.613572556275
39.8 200 19 1.136344 0.703306489731 0.437306638242 0.0893745364696 0.612003530827
39.9 200 19 1.163092 0.702968384383 0.437139646136 0.0962021561052 0.6103589912
40 200 19 1.407258 0.702631105481 0.436973571329 0.103003483276 0.608639263923
40.1 200 19 1.453044 0.702294610182 0.436808404755 0.109777648816 0.606844692413
40.2 200 19 1.391786 0.701958857474 0.436644158611 0.116523783848 0.604975638079
40.3 200 19 1.216874 0.701623806186 0.436480832943 0.123241020038 0.603032481413
40.4 200 19 1.24553 0.701289425915 0.436318426532 0.129928491639 0.601015615871
40.5 200 19 1.119615 0.700955686877 0.436156937299 0.136585335911 0.598925455751
40.6 200 19 1.380759 0.700622563039 0.435996365722 0.143210694891 0.596762433518
40.7 200 19 1.32201 0.700290032865 0.435836707913 0.14980371571 0.594527000606
40.8 200 19 1.244653 0.699958078889 0.435677965842 0.156363553053 0.592219626013
40.9 200 19 1.458772 0.699626688867 0.435520133397 0.162889369147 0.589840797278
41 200 19 1.458275 0.699295853971 0.435363213997 0.169380335954 0.587391019381
41.1 200 19 1.420153 0.698965570709 0.435207200118 0.175835635896 0.584870814013
41.2 200 19 1.296792 0.698635839622 0.435052093887 0.182254462912 0.582280719403
41.3 200 19 1.086204 0.698306666649 0.434897881768 0.18863602358 0.57962128962
41.4 200 19 1.215633 0.697978060605 0.434744571007 0.194979537633 0.576893093713
41.5 200 19 1.166815 0.697650035354 0.434592144606 0.201284239801 0.574096713228
41.6 200 19 1.101228 0.697322603315 0.434440617867 0.207549377892 0.57123274569
41.7 200 19 1.10348 0.696995790763 0.434289963811 0.2137742185 0.568301797326
41.8 200 19 1.092563 0.696669621326 0.434140193806 0.219958042918 0.565304487166
41.9 200 19 1.08837 0.696344122846 0.433991298245 0.226100149263 0.5622414434
42 200 19 1.08976 0.696019326543 0.433843247609 0.232199852674 0.559113302343
42.1 200 19 1.100625 0.695695262922 0.433696060568 0.238256485485 0.5559207088
42.2 200 19 1.092141 0.695371970119 0.433549730065 0.244269396084 0.552664312752
42.3 200 19 1.075711 0.695049482855 0.433404251501 0.25023795141 0.549344770289
42.4 200 19 1.071336 0.694727842567 0.433259626692 0.256161536043 0.545962738769
42.5 200 19 1.062073 0.69440708596 0.433115823861 0.262039548844 0.542518881294
42.6 200 19 1.061018 0.694087253504 0.432972847676 0.267871405773 0.539013861507
42.7 200 19 1.058509 0.693768384957 0.432830674218 0.273656539075 0.535448343585
42.8 200 19 1.040952 0.693450522185 0.432689330837 0.279394396463 0.531822990539
42.9 200 19 1.053023 0.693133701532 0.432548777519 0.285084438927 0.528138466337
43 200 19 1.044932 0.692817966915 0.432409012928 0.29072614111 0.524395431148
43.1 200 19 1.053188 0.692503350123 0.432270035592 0.296318991731 0.520594544196
43.2 200 19 1.064047 0.692189885912 0.432131832583 0.301862491116 0.516736461019
43.3 200 19 1.093747 0.691877607867 0.431994398835 0.307356150388 0.512821833229
43.4 200 19 1.395289 0.691566547012 0.431857721442 0.312799490822 0.508851308047
43.5 200 19 1.39601 0.691256730179 0.431721787319 0.318192043219 0.504825529599
43.6 200 19 1.38873 0.690948183312 0.431586596083 0.323533345915 0.50074513627
43.7 200 19 1.090772 0.690640928827 0.431452137348 0.328822944875 0.496610761509
43.8 200 19 1.066584 0.690334985351 0.431318412341 0.334060391914 0.492423037834
43.9 200 19 1.071055 0.690030368035 0.431185400488 0.33924524368 0.488182589089
44 200 19 1.285173 0.68972708841 0.431053101337 0.34437706192 0.483890038325
44.1 200 19 1.391735 0.689425157791 0.430921501411 0.349455410558 0.479546003507
44.2 200 19 1.395298 0.689124576652 0.430790598119 0.3544798583 0.475151100598
44.3 200 19 1.286479 0.688825345227 0.430660383185 0.359449974801 0.470705943397
44.4 200 19 1.088445 0.688527460229 0.430530850878 0.364365330926 0.466211142979
44.5 200 19 1.085799 0.688230914171 0.430401992416 0.369225498555 0.461667309558
44.6 200 19 1.093242 0.687935696308 0.430273802114 0.374030049628 0.457075053537
44.7 200 19 1.086608 0.687641792099 0.430146270646 0.378778556292 0.452434984658
44.8 200 19 1.083478 0.687349184374 0.430019406102 0.383470590139 0.447747713885
44.9 200 19 1.084966 0.687057850542 0.429893187491 0.388105728875 0.443013849613
45 200 19 1.090802 0.686767768481 0.429767618241 0.392683536493 0.438234014027
45.1 200 19 1.089806 0.686478911244 0.429642690388 0.397203583548 0.43340882739
45.2 200 19 1.095992 0.686191251205 0.42951840053 0.401665439697 0.428538916425
45.3 200 19 1.098862 0.685904757109 0.429394746264 0.406068675099 0.423624911422
45.4 200 19 1.112569 0.685619395341 0.429271726331 0.410412859612 0.41866745007
45.5 200 19 1.097784 0.685335133124 0.429149334454 0.414697563864 0.413667177387
45.6 200 19 1.111245 0.685051934 0.429027573337 0.418922360011 0.40862474478
45.7 200 19 1.099813 0.684769762263 0.428906426912 0.423086822202 0.403540812802
45.8 200 19 1.152315 0.68448858067 0.428785905682 0.427190526324 0.398416050363
45.9 200 19 1.114823 0.684208353024 0.428666003707 0.431233051315 0.393251134689
46 200 19 1.125016 0.683929042262 0.428546730056 0.435213981717 0.388046755235
46.1 200 19 1.114891 0.683650612916 0.428428071329 0.439132905161 0.382803612891
46.2 200 19 1.105465 0.683373025795 0.428310048885 0.442989415002 0.377522413959
46.3 200 19 1.103415 0.683096249644 0.428192641764 0.446783111098 0.372203879747
46.4 200 19 1.262803 0.682820249174 0.428075858589 0.450513600428 0.366848741006
46.5 200 19 1.45213 0.682544991547 0.427959692878 0.454180505335 0.361457738868
46.6 200 19 1.288256 0.682270445975 0.427844165868 0.45778345069 0.356031623222
46.7 200 19 1.104143 0.681996582124 0.427729270935 0.461322073955 0.350571156526
46.8 200 19 1.176746 0.681723370935 0.427614999505 0.464796023869 0.345077112685
46.9 200 19 1.103445 0.681450794891 0.427501386742 0.468204967028 0.339550268427
47 200 19 1.15366 0.681178835315 0.427388403478 0.471548568914 0.333991407879
47.1 200 19 1.217821 0.680907470502 0.427276072692 0.474826520197 0.328401335738
47.2 200 19 1.278824 0.680636681376 0.42716442748 0.478038518073 0.322780847995
47.3 200 19 1.107036 0.680366469848 0.427053402384 0.481184273293 0.317130751943
47.4 200 19 1.101425 0.680096829328 0.426943055069 0.484263519868 0.311451861032
47.5 200 19 1.378727 0.679827757092 0.426833348802 0.487276001082 0.305744994593
47.6 200 19 1.485566 0.679559249973 0.426724303565 0.490221476595 0.300010979227
47.7 200 19 1.154172 0.679291303923 0.426615929298 0.49309971549 0.294250639873
47.8 200 19 1.12129 0.679023930428 0.426508221493 0.495910519219 0.288464805657
47.9 200 19 1.133227 0.678757136077 0.426401199733 0.498653692732 0.282654298423
48 200 19 1.118135 0.678490926891 0.426294871786 0.501329056621 0.276819950519
48.1 200 19 1.121685 0.678225320273 0.426189227095 0.503936456007 0.270962596541
48.2 200 19 1.10717 0.67796033384 0.426084279407 0.506475747013 0.265083059236
48.3 200 19 1.095105 0.677695980838 0.425980036074 0.508946797136 0.259182159769
48.4 200 19 1.090076 0.677432282948 0.425876496113 0.511349491135 0.253260718801
48.5 200 19 1.304954 0.677169251177 0.425773721183 0.513683722952 0.247319548926
48.6 200 19 1.113992 0.676906919596 0.425671623664 0.515949411396 0.241359471795
48.7 200 19 1.107635 0.676645309003 0.425570259331 0.518146477178 0.235381289976
48.8 200 19 1.093579 0.676384449017 0.425469596027 0.520274866994 0.229385806305
48.9 200 19 1.103033 0.676124353454 0.425369683444 0.522334519844 0.223373806335
49 200 19 1.116361 0.67586505742 0.425270589178 0.52432539848 0.217346081506
49.1 200 19 1.12902 0.675606587315 0.425172128712 0.52624747109 0.211303415829
49.2 200 19 1.114622 0.675348974327 0.42507438948 0.528100719888 0.205246575647
49.3 200 19 1.130008 0.675092226076 0.424977459204 0.529885127124 0.19917632719
49.4 200 19 1.143158 0.674836365782 0.42488133971 0.531600689867 0.193093432354
49.5 200 19 1.146059 0.674581419259 0.424785999886 0.533247402689 0.186998639606
49.6 200 19 1.155813 0.674327415101 0.424691408914 0.534825277327 0.180892696752
49.7 200 19 1.181817 0.674074375121 0.424597518968 0.536334323735 0.174776337117
49.8 200 19 1.178328 0.673822308046 0.424504423749 0.53777455762 0.168650290461
49.9 200 19 1.176617 0.673571237784 0.424412091199 0.539146001386 0.162515285424
50 200 19 1.225493 0.67332115816 0.424320632938 0.54044867145 0.156372038351
50.1 200 19 1.178067 0.673072107772 0.424229818763 0.541682596693 0.150221266769
50.2 200 19 1.185401 0.672824077017 0.424139821773 0.54284780317 0.144063674841
50.3 200 19 1.18566 0.672577070381 0.424050629598 0.543944318108 0.137899970412
50.4 200 19 1.186372 0.67233111102 0.423962072878 0.544972174376 0.131730858713
50.5 200 19 1.183542 0.672086190696 0.423874303046 0.545931406379 0.125557042743
50.6 200 19 1.159156 0.67184229976 0.423787296145 0.546822043566 0.119379208333
50.7 200 19 1.139272 0.671599447808 0.423700943262 0.547644119141 0.113198065288
50.8 200 19 1.116397 0.671357614699 0.423615366544 0.548397667332 0.107014301067
50.9 200 19 1.136642 0.671116793629 0.4235305108 0.549082725933 0.100828616663
51 200 19 1.126389 0.670876971061 0.423446388791 0.549699333716 0.0946417117082
51.1 200 19 1.119981 0.670638134005 0.423363004221 0.550247532171 0.0884542871315
51.2 200 19 1.096689 0.670400264023 0.423280284716 0.550727358949 0.0822670361817
51.3 200 19 1.076371 0.67016334722 0.42319824316 0.551138855728 0.0760806745858
51.4 200 19 1.096924 0.669927356494 0.423116866237 0.551482076722 0.0698958962819
51.5 200 19 1.083813 0.669692266533 0.423036212816 0.551757071336 0.0637134263495
51.6 200 19 1.081738 0.669458059589 0.422956204358 0.551963895018 0.0575339766636
51.7 200 19 1.088899 0.669224702806 0.422876874739 0.552102611587 0.0513582622877
51.8 200 19 1.093919 0.668992173931 0.422798160162 0.552173283528 0.0451870036627
51.9 200 19 1.077334 0.668760446478 0.422720080481 0.552175984183 0.0390209428985
52 200 19 1.085501 0.668529492695 0.422642616294 0.552110799388 0.032860805735
52.1 200 19 1.085381 0.668299282546 0.422565758649 0.551977815212 0.0267073222664
52.2 200 19 1.076093 0.668069786373 0.422489484252 0.551777125395 0.0205612433067
52.3 200 19 1.08045 0.667840975704 0.422413821373 0.551508835453 0.0144233148402
52.4 200 19 1.078466 0.66761282867 0.422338667004 0.551173057127 0.00829427969637
52.5 200 19 1.075222 0.667385311272 0.422264063614 0.550769918515 0.00217489468265
52.6 200 19 1.071509 0.667158402067 0.422190026266 0.550299559123 -0.00393407607222
52.7 200 19 1.079297 0.666932078391 0.422116434058 0.549762126981 -0.0100318757727
52.8 200 19 1.071683 0.666706311184 0.422043384558 0.549157789853 -0.0161177550501
52.9 200 19 1.076526 0.666481088422 0.421970869125 0.548486726086 -0.0221909362517
53 200 19 1.063177 0.666256382091 0.421898801216 0.54774910929 -0.028250657742
53.1 200 19 1.070696 0.666032179249 0.421827213905 0.546945154213 -0.034296157833
53.2 200 19 1.070563 0.665808465825 0.421756111679 0.546075084138 -0.040326688249
53.3 200 19 1.072605 0.665585227662 0.421685419972 0.545139111862 -0.0463414724513
53.4 200 19 1.074903 0.66536245978 0.421615243727 0.544137488772 -0.0523397555421
53.5 200 19 1.078887 0.665140149958 0.421545433863 0.543070472924 -0.05832079114
53.6 200 19 1.07813 0.664918291116 0.421476079191 0.541938350086 -0.0642838276313
53.7 200 19 1.074464 0.664696876796 0.421407150535 0.540741392842 -0.070228108458
53.8 200 19 1.089174 0.664475909997 0.421338636977 0.539479913523 -0.0761529102393
53.9 200 19 1.089139 0.664255386368 0.421270548253 0.538154222922 -0.0820574970091
54 200 19 1.0775 0.664035316256 0.421202849953 0.536764655711 -0.0879411413617
54.1 200 19 1.073463 0.663815699596 0.421135543809 0.535311537582 -0.0938031228961
54.2 200 19 1.077794 0.663596554393 0.421068636676 0.533795240975 -0.0996427425975
54.3 200 19 1.084575 0.663377881497 0.42100214676 0.532216122239 -0.105459296025
54.4 200 19 1.085383 0.663159700718 0.420936045176 0.530574554037 -0.111252093451
54.5 200 19 1.083353 0.662942028316 0.420870327007 0.5288709179 -0.117020465129
54.6 200 19 1.081283 0.662724886016 0.420805011816 0.527105612462 -0.122763737562
54.7 200 19 1.091387 0.662508292538 0.420740106683 0.525279034847 -0.128481263064
54.8 200 19 1.096448 0.662292275652 0.420675584691 0.523391598864 -0.134172397548
54.9 200 19 1.109914 0.662076859863 0.420611482002 0.521443730757 -0.139836506678
55 200 19 1.097478 0.661862062584 0.420547779939 0.51943583978 -0.145472974951
55.1 200 19 1.100142 0.661647915861 0.420484479902 0.517368363472 -0.1510811886
55.2 200 19 1.099273 0.661434441765 0.420421596253 0.515241730405 -0.156660549454
55.3 200 19 1.085779 0.661221667954 0.420359141069 0.513056377689 -0.162210477405
55.4 200 19 1.057895 0.661009620289 0.420297118719 0.510812744905 -0.167730399257
55.5 200 19 1.071306 0.66079832437 0.420235536235 0.50851127552 -0.173219747923
55.6 200 19 1.086315 0.660587805669 0.420174399717 0.506152411623 -0.178677974676
55.7 200 19 1.099847 0.660378085502 0.420113721751 0.50373660219 -0.184104538983
55.8 200 19 1.083464 0.660169191709 0.420053496282 0.501264287638 -0.189498906512
55.9 200 19 1.079711 0.659961146779 0.41999374747 0.498735913919 -0.194860553195
56 200 19 1.087811 0.659753974021 0.419934472333 0.496151926072 -0.200188963922
56.1 200 19 1.082455 0.659547691034 0.419875679532 0.49351276556 -0.205483630924
56.2 200 19 1.276231 0.659342315272 0.419817377441 0.490818874613 -0.210744051067
56.3 200 19 1.251715 0.659137863544 0.419759556649 0.488070691461 -0.215969730503
56.4 200 19 1.126071 0.658934356032 0.419702189735 0.485268657975 -0.221160183994
56.5 200 19 1.107034 0.658731790812 0.419645401654 0.482413209357 -0.226314925706
56.6 200 19 1.107626 0.658530186775 0.41958914205 0.479504787905 -0.231433481602
56.7 200 19 1.352406 0.658329548683 0.41953341869 0.476543823159 -0.236515369346
56.8 200 19 1.454406 0.658129879769 0.419478232289 0.473530750676 -0.241560123001
56.9 200 19 1.4518 0.657931178 0.419423608511 0.470465997962 -0.246567262618
57 200 19 1.444452 0.657733446633 0.419369529549 0.467349999587 -0.251536325273
57.1 200 19 1.457662 0.657536685398 0.419315982487 0.464183183679 -0.256466846552
57.2 200 19 1.145056 0.657340880193 0.419262995641 0.46096598174 -0.261358351601
57.3 200 19 1.075261 0.657146019667 0.419210568559 0.457698824855 -0.266210384919
57.4 200 19 1.09263 0.656952103764 0.41915869062 0.454382155055 -0.271022480762
57.5 200 19 1.086636 0.656759111076 0.419107382314 0.451016398742 -0.275794168165
57.6 200 19 1.081478 0.656567022803 0.419056628065 0.447601995679 -0.280524985206
57.7 200 19 1.080604 0.656375820201 0.419006447523 0.444139388086 -0.285214461512
57.8 200 19 1.084078 0.656185489669 0.41895682084 0.4406290241 -0.289862133029
57.9 200 19 1.082838 0.6559960025 0.418907749926 0.437071345205 -0.294467534031
58 200 19 1.078596 0.655807333537 0.418859234893 0.433466805681 -0.299030189255
58.1 200 19 1.173459 0.655619453095 0.418811281966 0.429815854095 -0.303549628185
58.2 200 19 1.473663 0.655432334913 0.418763892119 0.426118958485 -0.308025387808
58.3 200 19 1.435596 0.655245946877 0.41871704329 0.422376596399 -0.312456994395
58.4 200 19 1.115596 0.655060263373 0.418670748268 0.418589246372 -0.316843982033
58.5 200 19 1.103442 0.654875259157 0.41862498477 0.414757394891 -0.321185888653
58.6 200 19 1.194649 0.654690896125 0.418579760094 0.4108815244 -0.325482240907
58.7 200 19 1.233543 0.654507145894 0.418535067321 0.406962145044 -0.329732575161
58.8 200 19 1.122815 0.654323984149 0.418490895767 0.40299977221 -0.333936438127
58.9 200 19 1.454931 0.654141372106 0.418447247444 0.398994918047 -0.338093361119
59 200 19 1.463909 0.653959294373 0.418404106832 0.394948134307 -0.342202898595
59.1 200 19 1.292905 0.653777698711 0.418361472033 0.390859920455 -0.346264597466
59.2 200 19 1.454443 0.653596566677 0.418319335175 0.386730845207 -0.35027801223
59.3 200 19 1.139316 0.653415872803 0.418277693917 0.382561466843 -0.354242702088
59.4 200 19 1.081868 0.65323559075 0.418236522201 0.378352355824 -0.358158240027
59.5 200 19 1.093617 0.653055697299 0.418195834753 0.374104087388 -0.362024192664
59.6 200 19 1.092882 0.652876170734 0.418155617682 0.3698172418 -0.365840145103
59.7 200 19 1.089484 0.652696992725 0.418115863139 0.365492418435 -0.369605686969
59.8 200 19 1.093139 0.65251814534 0.418076560544 0.36113022176 -0.373320419734
59.9 200 19 1.09233 0.652339622023 0.418037699484 0.356731278507 -0.376983951598
60 200 19 1.107088 0.652161399708 0.417999264865 0.352296189298 -0.380595904607
60.1 200 19 1.108608 0.651983469935 0.417961272906 0.347825578877 -0.384155904813
60.2 200 19 1.382379 0.651805817173 0.417923719407 0.343320076039 -0.387663598245
60.3 200 19 1.42151 0.65162844545 0.417886573701 0.33878032459 -0.391118635457
60.4 200 19 1.079645 0.651451348712 0.417849851363 0.334206965648 -0.394520677998
60.5 200 19 1.087496 0.651274529043 0.417813532304 0.329600648674 -0.397869405669
60.6 200 19 1.093001 0.65109798441 0.417777599212 0.324962025786 -0.401164509271
60.7 200 19 1.081671 0.65092172259 0.417742057357 0.3202917511 -0.404405686479
60.8 200 19 1.090878 0.650745755409 0.417706901814 0.315590490127 -0.40759265178
60.9 200 19 1.097328 0.650570083524 0.417672119992 0.31085889947 -0.410725128003
61 200 19 1.108773 0.650394718903 0.417637725079 0.306097637336 -0.413802855286
61.1 200 19 1.097054 0.650219673579 0.417603719196 0.301307361441 -0.416825579955
61.2 200 19 1.089916 0.65004496513 0.41757008566 0.296488736634 -0.41979306548
61.3 200 19 1.090165 0.649870602469 0.41753681948 0.291642413545 -0.422705082099
61.4 200 19 1.091909 0.649696617514 0.417503919507 0.286769070591 -0.425561416044
61.5 200 19 1.087141 0.649523020754 0.417471383188 0.281869358304 -0.428361857646
61.6 200 19 1.081037 0.649349833685 0.417439202212 0.276943928904 -0.431106217989
61.7 200 19 1.084585 0.649177077367 0.417407392434 0.271993441227 -0.433794302218
61.8 200 19 1.086053 0.649004776178 0.417375940477 0.267018538091 -0.436425935701
61.9 200 19 1.079911 0.648832956624 0.417344845683 0.262019867852 -0.439000954927
62 200 19 1.095846 0.648661639729 0.417314104754 0.256998078744 -0.441519197966
62.1 200 19 1.099681 0.648490847324 0.417283720569 0.251953814661 -0.443980510876
62.2 200 19 1.098554 0.64832060195 0.417253687719 0.246887702423 -0.446384749512
62.3 200 19 1.090794 0.648150921902 0.417224012448 0.241800382952 -0.448731773772
62.4 200 19 1.082239 0.647981834372 0.4171946985 0.236692480374 -0.451021450316
62.5 200 19 1.067752 0.647813359284 0.417165720571 0.231564630132 -0.45325366388
62.6 200 19 1.08735 0.647645514535 0.41713711078 0.226417445356 -0.455428276211
62.7 200 19 1.068334 0.647478313816 0.417108857624 0.22125155314 -0.457545175942
62.8 200 20 1.059435 0.647311778283 0.417080956939 0.216067573972 -0.459604251183
62.9 200 20 1.058937 0.647145923183 0.417053401538 0.210866120042 -0.461605390185
63 200 20 1.052644 0.646980756041 0.417026211912 0.205647796523 -0.463548486563
63.1 200 20 1.051249 0.646816289235 0.416999381701 0.200413214313 -0.465433438981
63.2 200 20 1.066884 0.646652530174 0.416972912059 0.195162981969 -0.467260144717
63.3 200 20 1.081034 0.646489486803 0.416946792475 0.189897708455 -0.469028505583
63.4 200 20 1.08021 0.646327163258 0.416921032366 0.184618000715 -0.470738426525
63.5 200 20 1.07892 0.646165562944 0.41689561761 0.179324464823 -0.472389813621
63.6 200 20 1.072391 0.646004685398 0.416870555499 0.174017710321 -0.473982577326
63.7 200 20 1.063477 0.645844527488 0.416845858153 0.168698344072 -0.475516629413
63.8 200 20 1.061341 0.64568508528 0.416821514983 0.163366975863 -0.476991882974
63.9 200 20 1.060351 0.64552635256 0.416797526796 0.15802421662 -0.478408254414
64 200 20 1.056315 0.645368322325 0.416773888052 0.152670686458 -0.479765667676
64.1 200 20 1.059068 0.64521098224 0.416750606037 0.147306994211 -0.481064041275
64.2 200 20 1.057962 0.645054317323 0.416727671574 0.141933755456 -0.482303296898
64.3 200 20 1.05759 0.644898317597 0.41670508855 0.136551596187 -0.48348336903
64.4 200 20 1.057838 0.644742961955 0.416682861671 0.131161139404 -0.484604192565
64.5 200 20 1.055525 0.644588240958 0.41666096969 0.125763015086 -0.485665711637
64.6 200 20 1.075578 0.644434131232 0.416639426514 0.120357854449 -0.486667864426
64.7 200 20 1.07959 0.644280616377 0.41661822138 0.114946294013 -0.487610601098
64.8 200 20 1.078758 0.644127677972 0.41659734845 0.109528973178 -0.488493876218
64.9 200 20 1.071841 0.643975278312 0.41657682985 0.104106535929 -0.48931765529
65 200 20 1.06854 0.643823418216 0.416556635476 0.0986796305473 -0.490081905206
65.1 200 20 1.073989 0.643672060564 0.416536771191 0.0932489062301 -0.490786604767
65.2 200 20 1.066556 0.643521177098 0.416517252373 0.0878150184858 -0.491431739886
65.3 200 20 1.067616 0.643370765029 0.416498039378 0.0823786252128 -0.492017300005
65.4 200 20 1.06368 0.643220795165 0.416479146317 0.0769403881009 -0.492543289639
65.5 200 20 1.062952 0.643071244494 0.416460570651 0.0715009693116 -0.493009721253
65.6 200 20 1.061123 0.642922090893 0.416442313176 0.0660610347939 -0.493416616692
65.7 200 20 1.062699 0.642773309033 0.416424366101 0.0606212513868 -0.493764007698
65.8 200 20 1.048416 0.642624883572 0.41640672385 0.0551822877221 -0.494051935915
65.9 200 20 1.051006 0.64247680914 0.4163893714 0.0497448127495 -0.494280455474
66 200 20 1.053301 0.642329057505 0.416372324178 0.044309496632 -0.494449630824
66.1 200 20 1.073357 0.642181610203 0.416355575543 0.0388770098022 -0.494559537213
66.2 200 20 1.081521 0.642034466024 0.416339110157 0.0334480196441 -0.494610259937
66.3 200 20 1.056093 0.641887610388 0.416322929458 0.0280231924867 -0.494601897253
66.4 200 20 1.063685 0.641741032077 0.416307048789 0.0226031936288 -0.494534555968
66.5 200 20 1.067027 0.641594727661 0.416291465152 0.0171886855865 -0.49440835807
66.6 200 20 1.064404 0.641448688444 0.416276112884 0.0117803152946 -0.494223415993
66.7 200 20 1.065811 0.641302916705 0.416261038552 0.00637875088785 -0.493979893459
66.8 200 20 1.062539 0.641157409158 0.416246224172 0.000984644530807 -0.493677936309
66.9 200 20 1.06175 0.641012177394 0.416231671051 -0.00440136527421 -0.493317704057
67 200 20 1.061381 0.640867203246 0.41621739407 -0.00977863444753 -0.492899375736
67.1 200 20 1.059902 0.6407225114 0.416203384409 -0.0151465217666 -0.492423135055
67.2 200 20 1.078035 0.640578102569 0.416189629204 -0.0205044080517 -0.491889159039
67.3 200 20 1.072899 0.640433983143 0.416176127914 -0.0258516709453 -0.491297646586
67.4 200 20 1.073819 0.640290164253 0.416162895462 -0.031187696394 -0.490648803577
67.5 200 20 1.076095 0.640146649449 0.416149975255 -0.0365118718304 -0.489942854529
67.6 200 20 1.076372 0.640003455642 0.416137326984 -0.0418235974882 -0.48918001196
67.7 200 20 1.080746 0.639860596335 0.416124951483 -0.0471222793161 -0.488360503504
67.8 200 20 1.080721 0.639718082669 0.416112853595 -0.0524073299371 -0.487484558559
67.9 200 20 1.085124 0.639575934517 0.416101030372 -0.057678173427 -0.486552414745
68 200 20 1.079822 0.639434167525 0.416089464209 -0.0629342390344 -0.485564314351
68.1 200 20 1.081787 0.63929280381 0.416078167134 -0.068174959359 -0.484520507129
68.2 200 20 1.079223 0.639151861478 0.416067141998 -0.073399780472 -0.483421236104
68.3 200 20 1.071175 0.639011353227 0.416056379963 -0.0786081514157 -0.482266755987
68.4 200 20 1.070519 0.638871295613 0.416045885012 -0.083799526174 -0.481057324037
68.5 200 20 1.072777 0.638731705242 0.416035676354 -0.0889733685953 -0.479793196327
68.6 200 20 1.071979 0.638592600224 0.416025744965 -0.0941291477784 -0.478474631232
68.7 200 20 1.067106 0.638453996422 0.416016088923 -0.0992663382574 -0.477101891115
68.8 200 20 1.062524 0.638315903091 0.416006725706 -0.1043844166 -0.475675238908
68.9 200 20 1.056257 0.638178338503 0.415997660473 -0.109482868006 -0.474194935642
69 200 20 1.062267 0.638041316856 0.415988876139 -0.114561181012 -0.472661244241
69.1 200 20 1.051797 0.637904848597 0.415980392921 -0.119618844341 -0.471074430452
69.2 200 20 1.047589 0.637768941319 0.415972196243 -0.124655355237 -0.469434756945
69.3 200 20 1.056551 0.637633606711 0.41596431992 -0.129670212316 -0.467742492265
69.4 200 20 1.051986 0.637498849819 0.415956739801 -0.134662914865 -0.465997897589
69.5 200 20 1.050882 0.63736467478 0.415949471253 -0.139632964188 -0.464201244453
69.6 200 20 1.058285 0.637231082349 0.415942510183 -0.144579859756 -0.462352799962
69.7 200 20 1.052236 0.63709807787 0.415935845447 -0.149503110642 -0.46045282609
69.8 200 20 1.056199 0.636965660569 0.415929481787 -0.154402221081 -0.458501596784
69.9 200 20 1.05515 0.63683382448 0.415923436722 -0.159276695926 -0.456499382588
70 200 20 1.040984 0.636702564401 0.415917706123 -0.164126041318 -0.454446456332
70.1 200 20 1.047336 0.636571872829 0.41591228339 -0.168949759796 -0.452343093808
70.2 200 20 1.039773 0.636441739427 0.415907179665 -0.173747356619 -0.45018957237
70.3 200 20 1.046883 0.636312154687 0.415902404439 -0.178518335466 -0.447986178968
70.4 200 20 1.049357 0.6361831051 0.415897950415 -0.1832621968 -0.445733193935
70.5 200 20 1.053921 0.636054575394 0.415893819611 -0.187978442124 -0.443430901075
70.6 200 20 1.055038 0.635926550749 0.415890009418 -0.19266657059 -0.441079599944
70.7 200 20 1.055937 0.635799023344 0.415886509781 -0.197326087813 -0.438679594977
70.8 200 20 1.05785 0.635671966274 0.415883319571 -0.201956485664 -0.436231181685
70.9 200 20 1.067426 0.635545361421 0.415880449869 -0.206557261176 -0.433734674617
71 200 20 1.065345 0.635419185713 0.415877868942 -0.211127913142 -0.431190387275
71.1 200 20 1.06762 0.63529342277 0.415875616041 -0.215667936552 -0.428598645718
71.2 200 20 1.069516 0.63516804632 0.415873656884 -0.220176825553 -0.425959768109
71.3 200 20 1.061214 0.635043042741 0.415871970795 -0.224654079967 -0.423274105264
71.4 200 20 1.06063 0.634918385305 0.415870593953 -0.229099197113 -0.420542003121
71.5 200 20 1.061666 0.634794050273 0.415869503271 -0.233511676513 -0.417763816068
71.6 200 20 1.063661 0.634670011974 0.415868698635 -0.237891015926 -0.41493991892
71.7 200 20 1.061277 0.634546256328 0.415868169967 -0.242236719756 -0.412070673493
71.8 200 20 1.069298 0.634422769199 0.415867957559 -0.246548292718 -0.409156466922
71.9 200 20 1.059917 0.634299520633 0.415868005837 -0.250825243511 -0.406197694965
72 200 21 1.070268 0.6341764959 0.415868329798 -0.255067086676 -0.403194746329
72.1 200 21 1.065488 0.634053655807 0.415868926229 -0.259273336263 -0.400148022069
72.2 200 21 1.063785 0.633930998714 0.415869781086 -0.263443512516 -0.397057955128
72.3 200 21 1.063214 0.633808510643 0.415870894245 -0.267577145549 -0.39392497152
72.4 200 21 1.073189 0.633686167312 0.415872259689 -0.271673754572 -0.3907495135
72.5 200 21 1.069344 0.633563951824 0.415873866777 -0.275732892947 -0.387532019145
72.6 200 21 1.070518 0.633441860222 0.415875725063 -0.279754105054 -0.384272939445
72.7 200 21 1.062302 0.63331990635 0.415877818747 -0.283736945735 -0.380972735374
72.8 200 21 1.065654 0.633198097904 0.41588013786 -0.287680975635 -0.377631875822
72.9 200 21 1.064394 0.633076404974 0.415882687606 -0.291585762231 -0.374250838938
73 200 21 1.059652 0.632954823291 0.415885458753 -0.295450884005 -0.370830108894
73.1 200 21 1.057074 0.632833353225 0.41588844754 -0.299275929039 -0.367370172071
73.2 200 21 1.058498 0.632711998529 0.415891631305 -0.303060491023 -0.363871526359
73.3 200 21 1.067978 0.632590760272 0.415895028578 -0.306804177709 -0.360334673888
73.4 200 21 1.074405 0.632469643766 0.415898622113 -0.310506603873 -0.356760118375
73.5 200 21 1.058181 0.632348657835 0.415902453293 -0.314167390489 -0.353148369476
73.6 200 21 1.057996 0.632227806243 0.415906450761 -0.317786185001 -0.349499938455
73.7 200 21 1.067756 0.632107107194 0.415910654954 -0.321362621183 -0.34581535064
73.8 200 21 1.061717 0.631986574428 0.41591503211 -0.324896359784 -0.342095120128
73.9 200 21 1.062395 0.631866217441 0.415919573839 -0.328387062732 -0.338339761456
74 200 21 1.068194 0.631746051263 0.415924342524 -0.331834403438 -0.334549813197
74.1 200 21 1.061003 0.631626098929 0.415929235393 -0.335238069265 -0.330725794853
74.2 200 21 1.069152 0.631506367663 0.415934320805 -0.338597750211 -0.326868233007
74.3 200 21 1.061119 0.631386879751 0.415939559113 -0.34191314962 -0.322977653095
74.4 200 21 1.055531 0.631267655275 0.415944946251 -0.345183973523 -0.319054581376
74.5 200 21 1.063825 0.631148710793 0.415950513513 -0.348409944933 -0.315099544736
74.6 200 21 1.061637 0.631030069553 0.415956261538 -0.351590785997 -0.311113067908
74.7 200 21 1.064869 0.630911751242 0.415962172731 -0.354726241969 -0.307095668976
74.8 200 21 1.061787 0.630793773174 0.41596825102 -0.357816046377 -0.30304787071
74.9 200 21 1.060134 0.630676157245 0.415974467988 -0.360859946371 -0.298970193599
75 200 21 1.064616 0.630558921975 0.415980857406 -0.363857694213 -0.294863164842
75.1 200 21 1.074212 0.630442083504 0.41598741658 -0.366809047831 -0.290727298107
75.2 200 21 1.070841 0.630325659953 0.415994115442 -0.369713774449 -0.286563113518
75.3 200 21 1.070564 0.630209670255 0.416000982401 -0.372571647411 -0.282371132605
75.4 200 21 1.067093 0.630094128488 0.416008026869 -0.375382444053 -0.278151863503
75.5 200 21 1.073288 0.629979050293 0.416015231411 -0.378145929313 -0.273905818787
75.6 200 21 1.074595 0.629864445692 0.416022585794 -0.380861897492 -0.269633509634
75.7 200 21 1.068535 0.6297503294 0.416030084399 -0.383530135218 -0.265335449452
75.8 200 21 1.059935 0.629636713745 0.416037723124 -0.386150429847 -0.261012146438
75.9 200 21 1.068517 0.629523597491 0.416045555051 -0.38872257744 -0.256664111771
76 200 21 1.067032 0.629410994218 0.416053523835 -0.391246368338 -0.252291851933
76.1 200 21 1.071087 0.629298904689 0.416061634747 -0.393721594205 -0.247895872586
76.2 200 21 1.069115 0.629187330488 0.416069911561 -0.396148067364 -0.243476690451
76.3 200 21 1.076228 0.629076272088 0.416078305917 -0.398525584098 -0.23903481843
76.4 200 21 1.068459 0.628965726621 0.416086865927 -0.400853952685 -0.234570755322
76.5 200 21 1.069745 0.628855690003 0.416095574796 -0.403132980355 -0.230085016102
76.6 200 21 1.070971 0.628746161172 0.416104456938 -0.4053624668 -0.225578121814
76.7 200 21 1.065362 0.628637130896 0.416113473738 -0.407542248103 -0.221050584144
76.8 200 21 1.05702 0.628528588506 0.416122643634 -0.409672117176 -0.216502914927
76.9 200 21 1.059098 0.628420526047 0.416131974004 -0.411751904339 -0.211935644122
77 200 21 1.058712 0.628312922727 0.416141490132 -0.413781429115 -0.207349288331
77.1 200 21 1.063003 0.628205771616 0.416151159971 -0.415760505757 -0.202744382911
77.2 200 21 1.061977 0.628099057747 0.416160974625 -0.417688971565 -0.198121453257
77.3 200 21 1.066775 0.627992762399 0.416170943232 -0.419566653758 -0.193481043985
77.4 200 21 1.069202 0.627886868867 0.416181113937 -0.421393402509 -0.188823691731
77.5 200 21 1.067935 0.627781363173 0.416191408693 -0.423169041151 -0.18414992331
77.6 200 21 1.072188 0.627676227235 0.416201871527 -0.424893428025 -0.179460298262
77.7 200 21 1.078734 0.62757142921 0.416212502284 -0.42656639765 -0.174755380372
77.8 200 21 1.078419 0.627466957561 0.416223333753 -0.428187811858 -0.170035707713
77.9 200 21 1.070431 0.627362797604 0.41623432216 -0.429757535862 -0.165301830357
78 200 21 1.06277 0.6272589241 0.416245508498 -0.431275436772 -0.160554315834
78.1 200 21 1.054874 0.627155306556 0.416256924687 -0.43274139191 -0.155793731502
78.2 200 21 1.064698 0.627051940464 0.416268443349 -0.434155282901 -0.151020651492
78.3 200 21 1.062621 0.626948805863 0.416280158583 -0.435516990762 -0.14623563369
78.4 200 21 1.064823 0.626845881246 0.41629203196 -0.436826419041 -0.141439269044
78.5 200 21 1.062508 0.626743150027 0.416304158283 -0.438083473316 -0.136632118085
78.6 200 21 1.066588 0.626640599403 0.416316409336 -0.439288059839 -0.131814772544
78.7 200 21 1.06477 0.626538213351 0.416328876882 -0.440440093719 -0.126987803041
78.8 200 21 1.05528 0.626435980789 0.416341539821 -0.441539526095 -0.122151805767
78.9 200 21 1.060888 0.626333887704 0.416354420685 -0.442586275997 -0.117307356996
79 200 21 1.067478 0.626231924368 0.416367471462 -0.443580296943 -0.112455046466
79.1 200 21 1.065262 0.626130084077 0.416380751193 -0.444521548548 -0.107595457993
79.2 200 21 1.068336 0.62602835945 0.416394195954 -0.445409990059 -0.102729178392
79.3 200 21 1.071391 0.625926744919 0.416407872098 -0.446245599346 -0.0978567921828
79.4 200 21 1.063866 0.625825242154 0.416421807075 -0.447028359325 -0.0929788817288
79.5 200 21 1.048597 0.625723845503 0.416435882051 -0.447758256786 -0.0880960365089
79.6 200 21 1.061328 0.625622559898 0.416450205537 -0.448435294199 -0.0832088260768
79.7 200 21 1.064464 0.625521381196 0.41646470786 -0.449059476378 -0.0783178368924
79.8 200 21 1.056518 0.625420321497 0.416479380689 -0.449630819339 -0.0734236487397
79.9 200 21 1.060823 0.625319395755 0.416494343583 -0.450149362992 -0.0685268371288
80 200 21 1.063048 0.625218604803 0.416509529388 -0.450615123418 -0.0636279679046
80.1 200 21 1.066537 0.62511794924 0.41652493418 -0.451028137716 -0.0587276097542
80.2 200 21 1.066867 0.625017450791 0.416540537863 -0.451388458595 -0.0538263381928
80.3 200 21 1.062988 0.624917118224 0.416556329755 -0.451696124674 -0.0489247019802
80.4 200 21 1.061873 0.624816966623 0.416572295989 -0.451951212241 -0.0440232686391
80.5 200 21 1.06249 0.624717006934 0.416588481139 -0.452153772571 -0.0391225844816
80.6 200 21 1.05975 0.624617257079 0.41660490608 -0.452303886816 -0.0342232028935
80.7 200 21 1.058166 0.624517734543 0.416621520375 -0.452401618619 -0.0293256705412
80.8 200 21 1.057351 0.624418458945 0.416638376974 -0.452447063037 -0.0244305279387
80.9 200 21 1.05302 0.624319448742 0.416655451734 -0.452440301363 -0.0195383066128
81 200 21 1.057862 0.624220714319 0.4166726991 -0.452381408305 -0.0146495470837
81.1 200 21 1.058373 0.624122279251 0.416690155353 -0.452270485756 -0.0097647850815
81.2 200 21 1.065048 0.624024164146 0.416707857001 -0.452107624444 -0.0048845402452
81.3 200 21 1.059569 0.623926386626 0.416725716931 -0.451892926372 -9.34292203254e-06
81.4 200 21 1.052601 0.623828955135 0.416743819004 -0.451626494455 0.00486029270247
81.5 200 21 1.060141 0.623731883464 0.416762117206 -0.451308431156 0.00972384394377
81.6 200 21 1.049839 0.623635198851 0.416780584508 -0.450938845473 0.0145807933392
81.7 200 21 1.056936 0.623538901303 0.416799268432 -0.450517841178 0.0194306320804
81.8 200 21 1.060953 0.623443017413 0.416818163289 -0.450045541655 0.0242728432671
81.9 200 21 1.058808 0.623347563194 0.416837174402 -0.44952204234 0.0291069197429
82 200 21 1.066671 0.623252525994 0.41685639168 -0.448947472769 0.0339323482062
82.1 200 21 1.060632 0.623157929659 0.416875836406 -0.448321961308 0.0387486241116
82.2 200 21 1.061869 0.623063781783 0.416895444583 -0.44764560466 0.0435552469363
82.3 200 21 1.054427 0.622970079946 0.416915273164 -0.446918534411 0.04835170389
82.4 200 21 1.060134 0.622876834112 0.416935204561 -0.446140875541 0.0531374830053
82.5 200 21 1.067112 0.622784049295 0.416955216496 -0.445312750413 0.0579120776973
82.6 200 21 1.066205 0.622691710569 0.416975533136 -0.444434307922 0.0626749898276
82.7 200 21 1.071746 0.622599837905 0.416995895983 -0.443505669381 0.067425699614
82.8 200 21 1.062676 0.622508408171 0.417016460809 -0.44252697404 0.0721637022448
82.9 200 21 1.064997 0.622417422567 0.41703723046 -0.441498368983 0.0768884934747
83 200 21 1.072268 0.622326866954 0.417058204991 -0.440420000171 0.0815995549606
83.1 200 21 1.06036 0.622236747258 0.417079325504 -0.439292011014 0.0862963845086
83.2 200 21 1.062905 0.622147047767 0.417100569089 -0.438114557624 0.0909784552723
83.3 200 21 1.062829 0.622057754305 0.417121979567 -0.436887799253 0.0956452572105
83.4 200 21 1.050911 0.621968855635 0.417143547723 -0.435611902416 0.100296274846
83.5 200 21 1.056701 0.621880341745 0.417165248787 -0.434287041528 0.104930985064
83.6 200 21 1.053472 0.621792183982 0.417187131459 -0.432913394206 0.109548875812
83.7 200 21 1.063737 0.621704367556 0.417209176467 -0.431491142559 0.114149419901
83.8 200 21 1.062925 0.621616888303 0.417231368655 -0.430020480395 0.118732103907
83.9 200 21 1.06537 0.621529709685 0.417253752962 -0.428501604752 0.123296408863
84 200 21 1.061388 0.621442856278 0.417276139656 -0.426934713446 0.127841809206
84.1 200 21 1.055542 0.621356256373 0.417298772289 -0.425320030417 0.132367787638
84.2 200 21 1.052057 0.62126991756 0.417321536534 -0.423657771613 0.136873822948
84.3 200 21 1.055339 0.621183842249 0.417344343712 -0.4219481626 0.141359394373
84.4 200 21 1.057969 0.621097979956 0.417367331357 -0.42019144775 0.145823994491
84.5 200 21 1.077897 0.621012323402 0.417390431488 -0.418387870454 0.150267101318
84.6 200 21 1.073706 0.620926846697 0.417413696933 -0.416537689474 0.154688199145
84.7 200 21 1.063185 0.620841551848 0.417437044162 -0.414641163972 0.159086776543
84.8 200 21 1.060957 0.620756404593 0.41746053152 -0.412698570209 0.163462328844
84.9 200 21 1.053684 0.620671389033 0.417484144563 -0.410710191467 0.16781434583
85 200 21 1.054426 0.620586515747 0.417507823869 -0.408676301447 0.172142331826
85.1 200 21 1.050462 0.620501744981 0.417531696493 -0.406597213708 0.17644579691
85.2 200 21 1.171913 0.620417095776 0.41755563605 -0.404473222056 0.180724240015
85.3 200 21 1.116437 0.62033253695 0.417579695638 -0.402304648817 0.18497717538
85.4 200 21 1.05339 0.62024806819 0.417603864692 -0.4000918142 0.189204124418
85.5 200 21 1.051911 0.62016368731 0.417628121542 -0.39783503932 0.193404608761
85.6 200 21 1.055714 0.620079379697 0.417652520305 -0.395534675729 0.197578164604
85.7 200 21 1.052132 0.619995147338 0.417677001467 -0.393191048835 0.20172432324
85.8 200 21 1.057083 0.619910997469 0.417701574042 -0.390804507938 0.205842634537
85.9 200 21 1.052945 0.619826937236 0.417726258968 -0.38837541619 0.209932653502
86 200 21 1.057498 0.619742954138 0.41775102343 -0.385904133036 0.213993936196
86.1 200 21 1.058856 0.619659055352 0.417775874499 -0.38339101221 0.218026051258
86.2 200 21 1.05759 0.619575256686 0.417800815899 -0.380836445958 0.222028568834
86.3 200 21 1.063593 0.619491553569 0.417825848498 -0.378240800411 0.226001077405
86.4 200 21 1.060307 0.61940796523 0.417850956182 -0.375604454695 0.229943164374
86.5 200 21 1.05648 0.619324507135 0.417876136991 -0.372927790024 0.233854423941
86.6 200 21 1.056429 0.619241180969 0.417901410645 -0.37021119203 0.237734459266
86.7 200 21 1.054785 0.619158003668 0.417926748543 -0.36745504795 0.241582889716
86.8 200 21 1.060507 0.619074981454 0.417952159842 -0.364659747402 0.245399331309
86.9 200 21 1.030085 0.618992131277 0.417977655678 -0.361825686566 0.249183415359
87 200 21 1.035346 0.618909463003 0.418003204289 -0.358953252128 0.252934774829
87.1 200 21 1.035831 0.618826995382 0.418028815663 -0.356042849833 0.256653047761
87.2 200 21 1.030026 0.618744746856 0.418054494788 -0.353094879894 0.260337888105
87.3 200 21 1.025538 0.618662750071 0.41808022466 -0.350109725171 0.263988936652
87.4 200 21 1.031786 0.618580994135 0.418106022137 -0.347087784526 0.267605867206
87.5 200 21 1.033116 0.618499485918 0.418131937841 -0.344029464054 0.271188352862
87.6 200 21 1.050871 0.618418285513 0.418157836308 -0.340935152801 0.274736044092
87.7 200 21 1.068038 0.618337382733 0.418183797395 -0.337805246172 0.278248624583
87.8 200 21 1.037697 0.618256780175 0.418209825726 -0.334640145808 0.281725779453
87.9 200 21 1.037005 0.618176507307 0.418235918823 -0.331440242648 0.285167189338
88 200 21 1.032713 0.618096587346 0.418262048309 -0.328205935764 0.288572543833
88.1 200 21 1.037079 0.618016994913 0.418288299107 -0.324937627834 0.291941539846
88.2 200 21 1.041342 0.617937779663 0.418314592787 -0.321635705911 0.295273866435
88.3 200 22 1.053263 0.617858944312 0.418340933952 -0.318300565097 0.298569222612
88.4 200 22 1.044368 0.617780482625 0.418367355652 -0.314932608442 0.301827315084
88.5 200 22 1.033074 0.617702415466 0.418393817068 -0.311532233217 0.305047847487
88.6 200 22 1.033589 0.617624746619 0.418420333999 -0.308099832034 0.308230519157
88.7 200 22 1.035492 0.617547491604 0.418446894559 -0.304635804308 0.311375041827
88.8 200 22 1.034683 0.617470625859 0.418473563269 -0.301140549764 0.314481132745
88.9 200 22 1.040763 0.617394170108 0.418500286815 -0.297614473094 0.317548498838
89 200 22 1.054578 0.617318113054 0.418527098642 -0.294057968372 0.320576852996
89.1 200 22 1.057671 0.617242464299 0.418553976433 -0.290471443185 0.323565912935
89.2 200 22 1.057186 0.617167215342 0.418580931335 -0.286855301292 0.326515391805
89.3 200 22 1.058071 0.617092363168 0.418607965287 -0.283209953725 0.329425011832
89.4 200 22 1.058687 0.617017894736 0.418635099832 -0.27953581155 0.332294491273
89.5 200 22 1.051788 0.616943797597 0.418662343066 -0.275833285919 0.3351235502
89.6 200 22 1.064129 0.616870097845 0.418689653772 -0.272102784898 0.3379119126
89.7 200 22 1.059311 0.616796752284 0.418717071467 -0.268344746472 0.340659302166
89.8 200 22 1.05803 0.616723773207 0.418744542889 -0.26455957934 0.343365449862
89.9 200 22 1.076558 0.616651150939 0.41877207384 -0.260747718105 0.34603008671
90 200 22 1.072114 0.61657884076 0.418799766599 -0.256909595693 0.348652941556
90.1 200 22 1.054756 0.616506873431 0.418827465278 -0.25304565065 0.351233749787
90.2 200 22 1.061568 0.616435170553 0.418855418315 -0.249156318644 0.353772250999
90.3 200 22 1.057154 0.616363761999 0.418883459675 -0.245242053866 0.356268187615
90.4 200 22 1.043144 0.616292589077 0.418911745848 -0.241303294479 0.358721299583
90.5 200 22 1.044207 0.616221742407 0.418939969847 -0.237340506587 0.361131342471
90.6 200 22 1.060085 0.616151130732 0.418968281361 -0.233354145151 0.363498070666
90.7 200 22 1.053087 0.616080703423 0.418996881872 -0.229344663201 0.365821235294
90.8 200 22 1.040444 0.616010532993 0.419025443981 -0.225312548973 0.368100610515
90.9 200 22 1.03967 0.615940548163 0.419054231677 -0.221258261828 0.370335948291
91 200 22 1.039154 0.615870809856 0.41908293419 -0.217182283867 0.372527042329
91.1 200 22 1.04618 0.615801207415 0.419111955912 -0.213085090521 0.374673650493
91.2 200 22 1.049931 0.615731824354 0.419140929767 -0.20896718143 0.376775577028
91.3 200 22 1.067093 0.615662535402 0.419170152165 -0.204829028019 0.378832598702
91.4 200 22 1.062615 0.615593402704 0.419199433228 -0.200671135175 0.380844527919
91.5 200 22 1.041889 0.615524425476 0.419228837764 -0.196494001154 0.382811154125
91.6 200 22 1.046189 0.615455576136 0.419258330873 -0.192298116983 0.384732299549
91.7 200 22 1.043748 0.615386850819 0.41928801627 -0.188083989771 0.386607778823
91.8 200 22 1.049529 0.61531821453 0.419317745954 -0.183852116924 0.38843743576
91.9 200 22 1.06534 0.615249720185 0.419347622475 -0.179603013801 0.390221078809
92 200 22 1.076691 0.615181325366 0.419377597791 -0.175337190538 0.391958564273
92.1 200 22 1.084428 0.615113058133 0.419407629447 -0.171055159695 0.393649741628
92.2 200 22 1.063158 0.615044906872 0.419437798035 -0.166757426439 0.39529445317
92.3 200 22 1.061283 0.614976864232 0.419468088961 -0.162444501599 0.396892570479
92.4 200 22 1.045847 0.614908961298 0.419498448707 -0.158116902809 0.398443970645
92.5 200 22 1.04349 0.614841171368 0.419528890777 -0.153775136074 0.399948525819
92.6 200 22 1.052655 0.614773520042 0.419559396369 -0.149419721925 0.40140612142
92.7 200 22 1.067099 0.614706001535 0.41959002766 -0.145051165878 0.402816641509
92.8 200 22 1.068244 0.614638628644 0.419620761701 -0.140669983699 0.404179987382
92.9 200 22 1.047543 0.614571422773 0.419651514281 -0.136276693919 0.405496079278
93 200 22 1.055748 0.614504385345 0.419682380831 -0.131871799545 0.406764817488
93.1 200 22 1.057854 0.614437531125 0.419713273093 -0.127455813845 0.407986110868
93.2 200 22 1.045086 0.614370860036 0.419744259441 -0.123029236013 0.409159888973
93.3 200 22 1.04556 0.614304395692 0.419775307081 -0.118592579123 0.410286086459
93.4 200 22 1.060281 0.614238146184 0.419806338019 -0.114146350872 0.411364629667
93.5 200 22 1.075224 0.614172124293 0.419837404909 -0.109691053994 0.412395466992
93.6 200 22 1.0803 0.614106351574 0.419868509379 -0.105227195814 0.413378534764
93.7 200 22 1.072186 0.61404080875 0.41989980778 -0.100755262259 0.414313775924
93.8 200 22 1.075454 0.613975540761 0.419931063231 -0.0962757614812 0.415201154851
93.9 200 22 1.062058 0.613910552743 0.419962324534 -0.0917892007022 0.416040628463
94 200 22 1.0683 0.613845842579 0.4199936283 -0.0872960666827 0.41683214515
94.1 200 22 1.073238 0.613781432752 0.420025001785 -0.0827968552514 0.417575681803
94.2 200 22 1.074665 0.613717333088 0.420056312796 -0.0782920734143 0.418271207623
94.3 200 22 1.061599 0.613653559461 0.420087668626 -0.0737821994023 0.418918687621
94.4 200 22 1.070758 0.613590115828 0.420119031335 -0.0692677327787 0.41951809837
94.5 200 22 1.074653 0.613527008321 0.420150324321 -0.064749176503 0.420069431614
94.6 200 22 1.072499 0.613464225647 0.420181733804 -0.0602270131032 0.420572639825
94.7 200 22 1.068611 0.613401781741 0.42021325549 -0.0557017371339 0.421027721234
94.8 200 22 1.077883 0.613339693617 0.42024458016 -0.051173858104 0.421434685692
94.9 200 22 1.079607 0.613277954384 0.420275942281 -0.0466438624485 0.421793503328
95 200 22 1.064262 0.613216557733 0.420307313238 -0.0421122385108 0.422104171716
95.1 200 22 1.067558 0.613155517877 0.42033864393 -0.0375794866814 0.422366698983
95.2 200 22 1.058893 0.613094833192 0.420369956727 -0.0330460979332 0.422581083775
95.3 200 22 1.057274 0.613034482281 0.42040121611 -0.0285125818301 0.422747334829
95.4 200 22 1.067236 0.612974448834 0.420432568532 -0.0239794309107 0.422865446288
95.5 200 22 1.066809 0.61291475694 0.420463852607 -0.0194471373182 0.422935450707
95.6 200 22 1.071304 0.612855392003 0.420495142697 -0.01491620126 0.42295735783
95.7 200 22 1.327091 0.612796340147 0.42052636653 -0.0103871339288 0.422931197995
95.8 200 22 1.301038 0.612737583556 0.420557505467 -0.00586043982315 0.422857000147
95.9 200 22 1.064635 0.612679106895 0.420588674961 -0.00133662258655 0.422734784077
96 200 22 1.060926 0.612620918971 0.420619693172 0.00318381330995 0.422564610096
96.1 200 22 1.058366 0.612562985776 0.42065094467 0.00770036070033 0.422346487035
96.2 200 22 1.068212 0.612505297086 0.420682036341 0.012212502046 0.422080500491
96.3 200 22 1.066161 0.612447850041 0.420713281136 0.0167197352788 0.421766682991
96.4 200 22 1.057079 0.612390613878 0.4207444284 0.0212215415992 0.421405106409
96.5 200 22 1.052397 0.612333576852 0.420775399153 0.025717403191 0.42099585183
96.6 200 22 1.05832 0.612276723207 0.420806505496 0.0302068165069 0.420538973631
96.7 200 22 1.05233 0.612220029828 0.420837562232 0.034689261493 0.420034561521
96.8 200 22 1.047221 0.612163482251 0.420868565593 0.0391642244706 0.41948271161
96.9 200 22 1.061827 0.612107062798 0.420899542962 0.0436311838314 0.418883517387
97 200 22 1.065642 0.612050758081 0.420930536013 0.0480896337195 0.418237079442
97.1 200 22 1.046666 0.611994554565 0.420961549115 0.0525390602376 0.417543511898
97.2 200 22 1.048282 0.611938432173 0.420992557872 0.0569789485666 0.416802934982
97.3 200 22 1.052437 0.611882384656 0.42102355422 0.0614087883152 0.416015473214
97.4 200 22 1.046457 0.611826399016 0.421054509191 0.0658280706476 0.415181267541
97.5 200 22 1.04969 0.611770451705 0.421085467629 0.070236281444 0.414300452777
97.6 200 22 1.056316 0.611714536794 0.421116381297 0.0746329187488 0.413373192167
97.7 200 22 1.051343 0.611658641175 0.421147304925 0.0790174814464 0.412399632527
97.8 200 22 1.04817 0.611602752346 0.421178277559 0.0833894664966 0.411379938803
97.9 200 22 1.048966 0.611546870897 0.421209256002 0.0877483811626 0.410314292548
98 200 22 1.053865 0.611490983522 0.421240236901 0.0920937266418 0.409202869541
98.1 200 22 1.064638 0.61143508812 0.421271230758 0.0964250187761 0.408045860156
98.2 200 22 1.053617 0.611379178072 0.421302208307 0.100741770922 0.40684345006
98.3 200 22 1.061086 0.611323257607 0.421333230189 0.105043504475 0.405595849788
98.4 200 22 1.065839 0.611267320527 0.421364267605 0.109329742589 0.404303263179
98.5 200 22 1.053923 0.611211369086 0.421395355973 0.113600018203 0.402965897076
98.6 200 22 1.041894 0.611155404356 0.421426477631 0.117853862987 0.401583972341
98.7 200 22 1.042658 0.611099436415 0.421457615254 0.12209081674 0.40015771282
98.8 200 22 1.043959 0.611043468994 0.421488787349 0.126310424541 0.398687346536
98.9 200 22 1.044068 0.610987515545 0.42151997339 0.130512234698 0.397173110432
99 200 22 1.042154 0.610931565143 0.421551236501 0.134695808108 0.395615231834
99.1 200 22 1.053807 0.610875645908 0.421582531829 0.138860706552 0.394013959775
99.2 200 22 1.05486 0.610819772285 0.421613834321 0.143006488765 0.392369531666
99.3 200 22 1.040019 0.610763943599 0.421645187505 0.147132735393 0.390682197871
99.4 200 22 1.022191 0.610708178221 0.421676587423 0.151239022704 0.388952209403
99.5 200 22 1.029086 0.610652499531 0.421708009986 0.155324929811 0.387179819579
99.6 200 22 1.023612 0.610596909755 0.421739489064 0.159390048018 0.385365280366
99.7 200 22 1.025155 0.610541437445 0.421770994296 0.16343396659 0.383508850547
99.8 200 22 1.03842 0.610486090328 0.421802555924 0.167456285796 0.381610790533
99.9 200 22 1.039163 0.610430891875 0.421834124332 0.171456603136 0.379671359462
100 200 22 1.029594 0.610375854748 0.421865736561 0.175434527461 0.377690820048
