# SIAM excitation B=c_0up^dag|gs> (normalized), method=fbr
# L=100 U=0.1 V=0.1 dt=0.1 tmax=30 max_bond_dim=512 mps_cutoff=1e-06 activity_tol=1e-09
# E_gs=-30.9227535891 gs_n_active=20 gs_bond_dim=25 gs_wall_s=60.079909
# nrm=0.70710678186
# t  n_active  bond_dim  renyi_half  slater_activity  n0up  n0dw  norm  wall_s  ReA  ImA
0 20 25 0.217133147919 2.81723011819e-13 1 0.686975496971 1 0.00241399999999 0 0
0.1 12 5 0.15380256194 2.54829104483e-14 0.999961427923 0.686956677624 0.999996952349 0.064461 0 0
0.2 9 4 0.11032581418 2.94850367954e-10 0.999845890944 0.68690056833 0.999999334901 0.0484 0 0
0.3 8 4 0.110353583461 2.94556393124e-10 0.99965378493 0.686804253234 0.999999910757 0.045014 0 0
0.4 8 4 0.110386868757 2.93132614317e-10 0.999385493564 0.686669730645 0.999999276513 0.044637 0 0
0.5 8 4 0.110429663825 2.91497010966e-10 0.999042937589 0.686497113692 0.999999804877 0.044932 0 0
0.6 8 4 0.110489173076 3.44048123324e-10 0.99862436842 0.686286618731 0.999999521656 0.043948 0 0
0.7 8 4 0.110559449244 6.30036023352e-10 0.998132618437 0.686038542703 0.99999969692 0.043464 0 0
0.8 9 4 0.110637678418 2.84862195264e-10 0.997567551213 0.68575322315 0.999999799181 0.04385 0 0
0.9 9 4 0.110725058197 2.82109711085e-10 0.996930357777 0.685431057726 0.999999207283 0.035106 0 0
1 9 4 0.110820823541 2.78983103544e-10 0.996223757448 0.685072521108 0.999999000618 0.035454 0 0
1.1 8 4 0.110932490053 5.06695463365e-10 0.995446237342 0.684678155783 0.999999975528 0.035766 0 0
1.2 8 4 0.11103403487 4.38962199922e-10 0.994599500959 0.684248296083 0.999999639457 0.044491 0 0
1.3 8 4 0.11115563415 5.04325914363e-10 0.993687346502 0.683783569075 0.999999900478 0.044372 0 0
1.4 8 4 0.111277852876 5.94992277669e-10 0.992711475447 0.683284587129 0.999999484564 0.043927 0 0
1.5 8 4 0.111418699565 7.16983028504e-10 0.991675175104 0.682751934529 0.999999887855 0.044213 0 0
1.6 8 4 0.111554372509 8.73783267963e-10 0.990579686385 0.682186295027 0.999999749963 0.044742 0 0
1.7 9 4 0.111706067296 2.52788423877e-10 0.98942814837 0.681588335164 0.999999866019 0.044613 0 0
1.8 9 4 0.111864066415 2.48316375998e-10 0.988223370566 0.68095873869 0.999999740299 0.036037 0 0
1.9 9 4 0.112031462268 2.43754751743e-10 0.986968503875 0.680298229169 0.999999903938 0.045718 0 0
2 9 4 0.11220011504 2.39040166791e-10 0.98566601779 0.679607568846 0.999999539288 0.046383 0 0
2.1 9 4 0.11236546788 2.34443276884e-10 0.984319887896 0.678887502579 0.999999042848 0.04556 0 0
2.2 9 4 0.112516751382 2.30124030942e-10 0.982932372146 0.678139284446 0.999998873852 0.03579 0 0
2.3 9 4 0.112685943644 2.30202190643e-10 0.981506943501 0.677363134427 0.999999123645 0.045712 0 0
2.4 9 4 0.112847779253 2.3033852603e-10 0.980047504355 0.676559555614 0.999998674613 0.054121 0 0
2.5 9 4 0.113015735008 2.30575225579e-10 0.97855654716 0.675730158485 0.999998969685 0.046034 0 0
2.6 9 4 0.113187322879 2.30939045665e-10 0.977036869638 0.674875402526 0.999999071931 0.046208 0 0
2.7 9 4 0.113371450829 2.31464847289e-10 0.975492060091 0.673996097706 0.999999775901 0.044978 0 0
2.8 9 4 0.113555793417 2.32205144002e-10 0.973924993165 0.673092789842 0.999999102915 0.053685 0 0
2.9 9 4 0.113729650525 2.3317281439e-10 0.972340625894 0.672166517723 0.999998938374 0.05418 0 0
3 9 4 0.113912625508 2.34368524588e-10 0.970739608787 0.671218688783 0.999999304174 0.053468 0 0
3.1 9 4 0.114096600606 2.35937158699e-10 0.969126048666 0.670249333821 0.999999325877 0.045972 0 0
3.2 9 4 0.114281699811 2.3787416481e-10 0.967502928802 0.669259458052 0.999999207071 0.045825 0 0
3.3 9 4 0.114468083629 2.40224062864e-10 0.965873406102 0.668249820453 0.999999157796 0.046329 0 0
3.4 9 4 0.114655619565 2.43031372804e-10 0.964240119668 0.667221183732 0.999999218289 0.045563 0 0
3.5 9 4 0.114844021573 2.46342279908e-10 0.962605504585 0.666174297542 0.99999932775 0.044705 0 0
3.6 9 4 0.115032893061 2.5019986083e-10 0.960971991476 0.665109887194 0.999999343089 0.044933 0 0
3.7 9 4 0.115222280137 2.54644638709e-10 0.959342169805 0.664028643092 0.999999325748 0.045061 0 0
3.8 9 4 0.115411899346 2.59716914641e-10 0.957718379831 0.662931239998 0.999999145132 0.045039 0 0
3.9 9 4 0.115611218974 2.65455435411e-10 0.956103090543 0.661818315399 0.99999968721 0.045973 0 0
4 9 4 0.115801564066 2.71878408675e-10 0.954497714358 0.660690275205 0.999999329023 0.053976 0 0
4.1 9 4 0.115993188908 2.79045231366e-10 0.952904143018 0.659548240992 0.999999284217 0.045612 0 0
4.2 9 4 0.116194301884 2.86969781271e-10 0.951324281508 0.658392523717 0.999999773592 0.045248 0 0
4.3 9 4 0.116395755122 2.95658164617e-10 0.949759449423 0.657223439745 0.999999698253 0.054064 0 0
4.4 9 4 0.11659839696 3.05134251199e-10 0.948211314557 0.656041729073 0.999999663182 0.053907 0 0
4.5 9 4 0.116802541717 3.15412029828e-10 0.946680954932 0.654847932767 0.999999697201 0.053974 0 0
4.6 9 4 0.116997214399 3.26493165836e-10 0.945169266237 0.653642541739 0.999998552 0.054095 0 0
4.7 9 4 0.117196656306 3.38400307776e-10 0.943678509677 0.652426214884 0.999998998634 0.04596 0 0
4.8 9 4 0.117397416207 3.51104256779e-10 0.94220723054 0.651199238065 0.999999170531 0.04555 0 0
4.9 9 4 0.117608587251 3.64584251678e-10 0.940756467176 0.64996198428 0.999999040107 0.045108 0 0
5 9 4 0.117813982897 3.7876990433e-10 0.939328140241 0.648714429889 0.999999269711 0.053836 0 0
5.1 9 4 0.118021637935 3.9372549665e-10 0.93791990348 0.647457720541 0.999999263983 0.04534 0 0
5.2 9 4 0.118239792939 4.09366207599e-10 0.936533232609 0.646191793258 0.99999840535 0.045732 0 0
5.3 9 4 0.118455463188 4.25572577178e-10 0.935170820374 0.64491646302 0.999999250798 0.054198 0 0
5.4 9 4 0.118672841468 4.42436198789e-10 0.933827177014 0.643633027329 0.999999097816 0.044931 0 0
5.5 9 4 0.118893485352 4.59830618027e-10 0.932504875972 0.642341236771 0.999998559856 0.045323 0 0
5.6 9 4 0.119129897057 4.77689443557e-10 0.931204294239 0.641041286799 0.999999082994 0.045395 0 0
5.7 9 4 0.119370468969 4.95838703429e-10 0.929923659791 0.63973320112 0.99999935368 0.05374 0 0
5.8 9 4 0.119605229382 5.14301046195e-10 0.928662116286 0.638417524617 0.999998908811 0.05466 0 0
5.9 9 4 0.119846634869 5.33124211444e-10 0.927419059591 0.637094766932 0.999999119863 0.045797 0 0
6 9 4 0.120092569385 5.52115464458e-10 0.926193500202 0.635764824825 0.999998734844 0.047266 0 0
6.1 9 4 0.120352023956 5.7119242669e-10 0.924985727182 0.634427776351 0.999999525536 0.047826 0 0
6.2 9 4 0.120610389644 5.90232973607e-10 0.923793124923 0.633083775371 0.999999206389 0.053934 0 0
6.3 9 4 0.120875681406 6.09241879168e-10 0.922615544815 0.631733213937 0.999999006488 0.045586 0 0
6.4 9 4 0.121140424244 6.28091578747e-10 0.921452365432 0.630376041835 0.999998756761 0.045248 0 0
6.5 9 4 0.121420017253 6.46629860768e-10 0.920301839453 0.629012698064 0.999998549926 0.05384 0 0
6.6 9 4 0.121708394682 6.64939325823e-10 0.919164290717 0.627642690068 0.999998968044 0.045379 0 0
6.7 9 4 0.122015059674 6.82873535496e-10 0.918036625139 0.626266570812 0.99999980133 0.045803 0 0
6.8 9 4 0.122315677808 7.00137170462e-10 0.916918079823 0.624884119983 0.999998293324 0.05433 0 0
6.9 9 4 0.122638996862 7.17121806382e-10 0.915809628905 0.623495840874 0.999998929887 0.044984 0 0
7 9 4 0.122959497708 7.33378691109e-10 0.914707756308 0.622101428258 0.999998849918 0.054229 0 0
7.1 9 4 0.123300102004 7.49221684693e-10 0.913611213559 0.620701663885 0.999999281985 0.044893 0 0
7.2 9 4 0.123638561989 7.64261320896e-10 0.912520089914 0.619295919466 0.999999193443 0.053922 0 0
7.3 9 4 0.123989909231 7.78820230529e-10 0.91143176937 0.61788505397 0.999999295939 0.045963 0 0
7.4 9 4 0.124346546719 7.92665599825e-10 0.910346497097 0.616468650657 0.999998869031 0.055313 0 0
7.5 9 4 0.124714251334 8.05862820918e-10 0.909263461871 0.615046963432 0.999999157214 0.045396 0 0
7.6 9 4 0.125091018857 8.18381917789e-10 0.908180797169 0.613620117313 0.999999063315 0.044579 0 0
7.7 9 4 0.125472233287 8.30218893633e-10 0.907098376188 0.612188138359 0.999998501163 0.044973 0 0
7.8 9 4 0.125870542141 8.41350766834e-10 0.906015421441 0.610751090856 0.999999179491 0.05401 0 0
7.9 9 4 0.12627745501 8.51895332055e-10 0.904930510444 0.609309243768 0.999999079248 0.045655 0 0
8 9 4 0.126693967182 8.61831939147e-10 0.903843626387 0.607862598606 0.99999864959 0.044834 0 0
8.1 9 4 0.127122538161 8.71187677554e-10 0.902754802727 0.606411198132 0.999999128906 0.044951 0 0
8.2 9 4 0.127558694714 8.80022832384e-10 0.901661753955 0.60495536858 0.999998401966 0.045279 0 0
8.3 9 4 0.128008624895 8.88349394046e-10 0.900566347942 0.603494965461 0.999999225639 0.053522 0 0
8.4 9 4 0.128477878868 8.96270835327e-10 0.899465165271 0.602030459892 0.99999954205 0.045191 0 0
8.5 9 4 0.128941344419 9.03749852732e-10 0.898359954285 0.600561475799 0.999998778141 0.054064 0 0
8.6 9 4 0.129421479076 9.109772936e-10 0.897249911647 0.59908883172 0.999999214793 0.054357 0 0
8.7 9 4 0.129910820564 9.17935949474e-10 0.896134524991 0.597612274045 0.999999139648 0.046076 0 0
8.8 9 4 0.130415133418 9.24686216486e-10 0.895014319848 0.596131959647 0.99999916747 0.045607 0 0
8.9 9 4 0.130930702235 9.31271948446e-10 0.893889618975 0.594647873636 0.999999586359 0.053229 0 0
9 9 4 0.131449845582 9.37772859366e-10 0.892759238738 0.593160410597 0.999999335764 0.05333 0 0
9.1 9 4 0.131984191799 9.44248679247e-10 0.891623947398 0.59166980573 0.999999534704 0.044677 0 0
9.2 9 4 0.132527513547 9.50737266692e-10 0.890484211905 0.590175912337 0.999999520562 0.05437 0 0
9.3 9 4 0.133075905012 9.57298018633e-10 0.889340161499 0.588679025335 0.999999386139 0.054193 0 0
9.4 9 4 0.133633941727 9.63980339996e-10 0.888191886107 0.587179455532 0.999999399824 0.045009 0 0
9.5 9 4 0.134200941906 9.70832081393e-10 0.887039993408 0.585677205233 0.999999315347 0.045484 0 0
9.6 9 4 0.134777079833 9.77889436093e-10 0.885885155481 0.584172405175 0.999999322124 0.044894 0 0
9.7 9 4 0.135365874721 9.85197590175e-10 0.884727643222 0.582665234649 0.999999636712 0.04517 0 0
9.8 9 4 0.135958917559 9.92797399846e-10 0.883567718957 0.581155780628 0.999999461119 0.053895 0 0
9.9 10 4 0.136560644351 5.35960165138e-10 0.882406087005 0.579644370264 0.999999482121 0.044733 0 0
10 10 4 0.137178370444 3.31631611061e-10 0.881243317284 0.578131059108 0.999999605541 0.037036 0 0
10.1 10 4 0.137803337909 3.4036928831e-10 0.88008000169 0.576616065323 0.999999462185 0.038377 0 0
10.2 10 4 0.138439242197 3.48357787061e-10 0.878917206349 0.575099425671 0.999999782351 0.046737 0 0
10.3 10 4 0.139082231925 3.55547591369e-10 0.877754765049 0.573581303254 0.999999821819 0.046083 0 0
10.4 10 4 0.139731897139 3.6189085062e-10 0.876593577283 0.572061872722 0.999999825731 0.046554 0 0
10.5 10 4 0.14038762755 3.67343822028e-10 0.875434243711 0.570541294967 0.999999822018 0.046072 0 0
10.6 10 4 0.141047346672 3.71864428139e-10 0.874277317011 0.569019713091 0.999999718438 0.046979 0 0
10.7 10 4 0.141713412609 3.7541481035e-10 0.873123404212 0.567497325762 0.999999733372 0.037153 0 0
10.8 10 4 0.142385235433 3.77960551745e-10 0.871973115173 0.565974190752 0.999999712658 0.036525 0 0
10.9 10 4 0.143064877327 3.79471787326e-10 0.87082713281 0.564450427371 0.999999865956 0.036758 0 0
11 10 4 0.143747349735 3.79922759919e-10 0.869685798827 0.562926112419 0.999999760316 0.046064 0 0
11.1 10 4 0.14443509969 3.79293818575e-10 0.868549707949 0.561401489098 0.999999794721 0.036391 0 0
11.2 10 4 0.145129260433 3.77570308352e-10 0.8674192353 0.559876616066 0.999999883937 0.036686 0 0
11.3 10 4 0.145827540529 3.74743902576e-10 0.866294889508 0.558351541191 0.999999878565 0.04635 0 0
11.4 10 4 0.146528496286 3.70811048533e-10 0.865177058755 0.556826434227 0.999999824786 0.046704 0 0
11.5 10 4 0.147234834825 3.65777408362e-10 0.864066033294 0.555301448083 0.99999991175 0.037005 0 0
11.6 10 4 0.147943416681 3.59653529181e-10 0.862962111892 0.553776590696 0.999999851617 0.046951 0 0
11.7 10 4 0.148655594298 3.52458617847e-10 0.861865594346 0.552252033525 0.999999861179 0.037622 0 0
11.8 10 4 0.149371942851 3.44220318915e-10 0.860776704397 0.550727827189 0.999999924601 0.037856 0 0
11.9 10 4 0.150091040395 3.3497216112e-10 0.859695591099 0.54920403007 0.999999919862 0.045743 0 0
12 10 4 0.150812886983 3.24758331338e-10 0.858622416059 0.54768075402 0.999999929833 0.045978 0 0
12.1 10 4 0.151536557499 3.18717163772e-10 0.857557237251 0.546158079026 0.99999988608 0.046779 0 0
12.2 10 4 0.152263297465 3.27825655511e-10 0.856500156497 0.544636092595 0.999999932779 0.036443 0 0
12.3 10 4 0.152992094942 3.36688121827e-10 0.855451123593 0.5431148353 0.999999934114 0.046877 0 0
12.4 10 4 0.153721487723 3.4525438064e-10 0.854410117374 0.541594388881 0.999999436736 0.046009 0 0
12.5 10 4 0.154453903905 3.53473472714e-10 0.853374229691 0.540074682085 0.999999515827 0.036517 0 0
12.6 10 4 0.155188333066 3.61290330986e-10 0.852343542056 0.538555930088 0.999999588622 0.036524 0 0
12.7 10 4 0.155924278385 3.68650887594e-10 0.851319060888 0.537038182645 0.999999634885 0.046203 0 0
12.8 10 4 0.156661320953 3.75497632987e-10 0.850301714838 0.535521499209 0.999999611843 0.04595 0 0
12.9 10 4 0.157399633689 3.81771392277e-10 0.849292437964 0.534005913046 0.999999552527 0.036348 0 0
13 10 4 0.158139146559 3.87412546488e-10 0.848292120915 0.532491462634 0.999999477225 0.036633 0 0
13.1 10 4 0.158880779821 3.92360144374e-10 0.847301514371 0.530978193957 0.999999889459 0.036787 0 0
13.2 10 4 0.159622861109 3.96552013449e-10 0.846313849009 0.529466307491 0.999999923494 0.036843 0 0
13.3 10 4 0.160365570041 3.9992642531e-10 0.845329540142 0.527955746381 0.999999873662 0.048043 0 0
13.4 10 4 0.161109532975 4.02420763379e-10 0.844348386647 0.526446510228 0.999999917724 0.037966 0 0
13.5 10 4 0.161854233685 4.0397396539e-10 0.843369978075 0.524938702907 0.999999912657 0.045618 0 0
13.6 10 4 0.162599321856 4.04525857256e-10 0.842394091388 0.523432342709 0.999999845827 0.045557 0 0
13.7 10 4 0.163345675235 4.0401926249e-10 0.841420559294 0.521927437479 0.999999903936 0.036491 0 0
13.8 10 4 0.164092082161 4.02400668342e-10 0.840449005377 0.520424113599 0.999999829348 0.046019 0 0
13.9 10 4 0.164839152182 3.99621447045e-10 0.839479334788 0.518922334168 0.999999783978 0.036896 0 0
14 10 4 0.165587619906 3.95639188078e-10 0.838511390382 0.51742217813 0.999999886999 0.036621 0 0
14.1 10 4 0.166335681959 3.9042058475e-10 0.837544762326 0.515923767253 0.999999784169 0.046413 0 0
14.2 10 4 0.167085359782 3.83941212156e-10 0.83657948723 0.514427035839 0.999999875327 0.036872 0 0
14.3 10 4 0.167834198643 3.76190079088e-10 0.835615264316 0.512932148936 0.999999660701 0.045974 0 0
14.4 10 4 0.168584754897 3.6716940599e-10 0.834652398492 0.511439006209 0.999999495804 0.03714 0 0
14.5 10 4 0.169336313359 3.56898510745e-10 0.833691253738 0.509947723668 0.999999804988 0.046503 0 0
14.6 10 4 0.170085931287 3.45415362979e-10 0.832730453877 0.508458508876 0.99999898071 0.046766 0 0
14.7 10 4 0.170838393116 3.48514315015e-10 0.831772605186 0.506971033469 0.999999665972 0.046244 0 0
14.8 10 4 0.171589467538 3.64918824464e-10 0.830814481295 0.505485795428 0.999999437842 0.038092 0 0
14.9 10 4 0.172341557919 3.82151157799e-10 0.829857821073 0.504002599093 0.999999496386 0.037987 0 0
15 10 4 0.173094173349 4.002235415e-10 0.8289021493 0.502521597921 0.999999595354 0.037334 0 0
15.1 10 4 0.173847092254 4.19145831922e-10 0.827947382388 0.5010428658 0.999999623305 0.036649 0 0
15.2 10 4 0.17460036055 4.38925623348e-10 0.826993692529 0.499566438967 0.999999602864 0.037332 0 0
15.3 10 4 0.175356652527 4.59569110638e-10 0.826041301131 0.498092363526 0.99999973414 0.036847 0 0
15.4 10 4 0.176110131979 4.81059630301e-10 0.82509046396 0.49662077302 0.999999374072 0.046199 0 0
15.5 10 4 0.176868063158 5.03444439941e-10 0.824141718276 0.495151526597 0.999999732336 0.037248 0 0
15.6 10 4 0.177604291738 5.26818147785e-10 0.823194375733 0.493685367341 0.999999552746 0.046687 0 0
15.7 10 4 0.178359362495 5.5099584365e-10 0.822249467012 0.492221334184 0.99999935523 0.036868 0 0
15.8 10 4 0.179119214479 5.76053100892e-10 0.821307446455 0.4907599116 0.999999740646 0.036986 0 0
15.9 10 4 0.179873618986 6.01975400439e-10 0.820367920827 0.489301372138 0.99999871743 0.04626 0 0
16 10 4 0.180635164541 6.28782922273e-10 0.819433279531 0.487845280699 0.999999424459 0.036892 0 0
16.1 10 4 0.181392747158 6.5645060829e-10 0.818501520485 0.486392315982 0.999999415347 0.046494 0 0
16.2 10 4 0.182158329103 6.85005812433e-10 0.817573110798 0.484942269514 0.999999899646 0.036719 0 0
16.3 10 4 0.182920219167 7.14379682575e-10 0.816648732063 0.483495314169 0.999998870323 0.046766 0 0
16.4 10 4 0.183679935616 7.44600529321e-10 0.815730917462 0.482051108905 0.999999000789 0.048687 0 0
16.5 10 4 0.184443131895 7.75703426969e-10 0.814817342079 0.480610107174 0.999999552531 0.038562 0 0
16.6 10 4 0.185208731654 8.07630059923e-10 0.813908233789 0.479172522939 0.999999682494 0.047481 0 0
16.7 10 4 0.185969597316 8.4035322444e-10 0.813004669691 0.477738203159 0.999999264096 0.047673 0 0
16.8 10 4 0.186737208149 8.73914446793e-10 0.812107104711 0.476307031206 0.999999540546 0.037144 0 0
16.9 10 4 0.187506502698 9.08224059672e-10 0.811215952803 0.474879316408 0.999999665641 0.046632 0 0
17 10 4 0.188275223923 9.43289982888e-10 0.810331294496 0.473455031835 0.999999611816 0.046852 0 0
17.1 10 4 0.189039024069 9.79112847064e-10 0.809453438797 0.472034212614 0.999998877539 0.046802 0 0
17.2 11 4 0.189812979829 2.6033543841e-10 0.80858362853 0.47061668939 0.999999144654 0.037451 0 0
17.3 11 4 0.190583152646 2.08955963643e-10 0.807722246893 0.469202766286 0.99999953667 0.056279 0 0
17.4 11 4 0.191346884513 2.00023442254e-10 0.806867728137 0.467792657468 0.999998930592 0.048133 0 0
17.5 11 4 0.192120472872 2.02531880156e-10 0.806021565619 0.466386042088 0.999999281678 0.038721 0 0
17.6 11 4 0.192877970819 2.04530503645e-10 0.80518434538 0.464983215008 0.999998824124 0.048408 0 0
17.7 11 4 0.193644232975 2.05983563539e-10 0.804355323988 0.463583889701 0.999999076047 0.048245 0 0
17.8 11 4 0.194413825871 2.23943530386e-10 0.803535590158 0.462188416042 0.999998513118 0.057213 0 0
17.9 11 4 0.195185806756 2.42420972185e-10 0.802725648395 0.460796773276 0.999998975535 0.039371 0 0
18 11 4 0.195959738872 2.60713117761e-10 0.801925129746 0.459408923247 0.999998997783 0.057489 0 0
18.1 11 4 0.196735405123 2.78524314723e-10 0.801133082961 0.458025257861 0.999999003566 0.03853 0 0
18.2 11 4 0.197512469083 2.95576563225e-10 0.800350428899 0.456645548602 0.999998941534 0.038288 0 0
18.3 11 4 0.198299483628 3.11615622195e-10 0.799577329529 0.455269789804 0.999999474607 0.038644 0 0
18.4 11 4 0.199079567498 3.26417337604e-10 0.79881379564 0.453898220814 0.999998912093 0.048027 0 0
18.5 11 4 0.199862989155 3.39791195181e-10 0.798059808531 0.452530528546 0.999998964165 0.038254 0 0
18.6 11 4 0.200638137372 3.5158309597e-10 0.797315242674 0.451166923725 0.999998681095 0.038665 0 0
18.7 11 4 0.201422845543 3.61676799621e-10 0.796580234356 0.449807134006 0.999998541437 0.048607 0 0
18.8 11 4 0.202213588113 3.6999259212e-10 0.795856236768 0.44845132152 0.999998942413 0.058508 0 0
18.9 11 4 0.202998456321 3.7648673068e-10 0.795140290997 0.447100060929 0.999998882752 0.039668 0 0
19 11 4 0.203792317923 3.81148113071e-10 0.794433538155 0.445752817168 0.999998437075 0.056551 0 0
19.1 11 4 0.204590724976 3.83996501263e-10 0.793736851584 0.444409690361 0.99999893489 0.038153 0 0
19.2 11 4 0.205391688026 3.85075749065e-10 0.793048270155 0.443070956783 0.999999022683 0.039124 0 0
19.3 11 4 0.206194271574 3.84452802926e-10 0.79236829946 0.441736690319 0.999998938078 0.047924 0 0
19.4 11 4 0.207009920284 3.82210374461e-10 0.791696895394 0.440406403679 0.999999622156 0.03864 0 0
19.5 11 4 0.207815355234 3.7844682943e-10 0.791033926326 0.439080494386 0.999999253424 0.048323 0 0
19.6 11 4 0.208631047244 3.73268860265e-10 0.790378982039 0.437758531717 0.999999286543 0.058502 0 0
19.7 11 4 0.209456424679 3.66790930961e-10 0.78973165112 0.436441119766 0.999999737197 0.04817 0 0
19.8 11 4 0.210269228842 3.59129948002e-10 0.789091948813 0.435128043051 0.999998817443 0.047585 0 0
19.9 11 4 0.211097953293 3.50405482408e-10 0.788460316487 0.433818782101 0.999999172776 0.056621 0 0
20 11 4 0.211910335646 3.40736439064e-10 0.787835640745 0.432514161934 0.999998464008 0.047707 0 0
20.1 11 4 0.212749036845 3.30239613433e-10 0.787217288869 0.43121350487 0.999999704261 0.0481 0 0
20.2 11 4 0.213577661083 3.1902902542e-10 0.786605139327 0.429917718704 0.999998908451 0.047654 0 0
20.3 11 4 0.214400715648 3.07215031192e-10 0.785998987736 0.428626140788 0.999998598268 0.038031 0 0
20.4 11 4 0.215238235888 2.94903101938e-10 0.785398755992 0.427338589331 0.999998924958 0.048062 0 0
20.5 11 4 0.216089050734 2.82194712042e-10 0.784803862625 0.426055774094 0.999999711277 0.038315 0 0
20.6 11 4 0.216938331189 2.69186228863e-10 0.784214336888 0.42477748855 0.999999117473 0.047549 0 0
20.7 11 4 0.217789028813 2.55970022955e-10 0.783630536467 0.423503413056 0.999999291323 0.048151 0 0
20.8 11 4 0.218639414099 2.55927612436e-10 0.783050542185 0.422233953708 0.999999026498 0.049385 0 0
20.9 11 4 0.219483036313 2.68436828321e-10 0.78247492896 0.42096882307 0.99999869507 0.038671 0 0
21 11 4 0.220348613878 2.8003244168e-10 0.781903639854 0.419707778844 0.999999390354 0.047675 0 0
21.1 11 4 0.221214850584 2.90648505263e-10 0.781336647092 0.418451583351 0.99999915016 0.047736 0 0
21.2 11 4 0.22206862268 3.00230618144e-10 0.78077378043 0.417199791722 0.999998613772 0.047434 0 0
21.3 11 4 0.222933569402 3.08736258781e-10 0.780214080577 0.415952144609 0.99999910429 0.047883 0 0
21.4 11 4 0.223794306549 3.1613589524e-10 0.779657877727 0.414709091818 0.999998495 0.056667 0 0
21.5 11 4 0.224680145992 3.22408433284e-10 0.77910502965 0.41347042662 0.999999748739 0.048092 0 0
21.6 11 4 0.225562584688 3.27542770684e-10 0.778554762589 0.412236902732 0.999999346488 0.047929 0 0
21.7 11 4 0.22644526465 3.31537353127e-10 0.778007435157 0.411007839891 0.999999142563 0.048095 0 0
21.8 11 4 0.227330691491 3.34398175816e-10 0.77746251128 0.409783384711 0.999998580402 0.038404 0 0
21.9 11 4 0.228210592924 3.36138894497e-10 0.776921341124 0.408563291301 0.999998744218 0.038505 0 0
22 11 4 0.229103679295 3.36780159316e-10 0.77638193987 0.407347616247 0.99999850351 0.04822 0 0
22.1 11 4 0.229996168334 3.36347283358e-10 0.775846305504 0.406136739521 0.999999244427 0.037741 0 0
22.2 11 4 0.230890049963 3.3487235207e-10 0.775312110101 0.404930417197 0.999999178564 0.05622 0 0
22.3 11 4 0.231787268613 3.32392113833e-10 0.774780406497 0.403728735713 0.999999211275 0.056153 0 0
22.4 11 4 0.232699186193 3.28948202011e-10 0.77425094361 0.402531751958 0.999999476599 0.056712 0 0
22.5 11 4 0.233609187642 3.24586135747e-10 0.773723958622 0.401339861947 0.99999911926 0.048179 0 0
22.6 11 4 0.234511796367 3.19356208145e-10 0.773199215245 0.400152688526 0.999998930585 0.038149 0 0
22.7 11 4 0.235417578416 3.13312042977e-10 0.772676612884 0.398969871235 0.99999881887 0.047796 0 0
22.8 11 4 0.236329897375 3.06511038772e-10 0.77215663017 0.397791752816 0.999999162244 0.047617 0 0
22.9 11 4 0.23725366481 2.9901336962e-10 0.771638954175 0.39661842462 0.999999339921 0.056883 0 0
23 11 4 0.238168110029 2.90883317433e-10 0.771123491648 0.395450385478 0.999998964866 0.038364 0 0
23.1 11 4 0.239089735419 2.82186163325e-10 0.770610646082 0.394286679145 0.999999199807 0.048049 0 0
23.2 11 4 0.240013723167 2.72991629302e-10 0.770100625046 0.393127763889 0.999999306699 0.056189 0 0
23.3 11 4 0.240936988924 2.6337088066e-10 0.76959303315 0.391973726124 0.999999040875 0.056059 0 0
23.4 11 4 0.241878631437 2.53396525984e-10 0.769088066286 0.390824526427 0.999999659214 0.047864 0 0
23.5 11 4 0.242809123234 2.43142173062e-10 0.768585982071 0.389680670509 0.999999276902 0.047848 0 0
23.6 11 4 0.243753029195 2.32683650125e-10 0.768086776437 0.38854118066 0.999999465615 0.056478 0 0
23.7 11 4 0.24468898324 2.22095897229e-10 0.767590439068 0.387407098733 0.999999286328 0.038363 0 0
23.8 11 4 0.245639977058 2.11454631582e-10 0.767097326681 0.386277390038 0.999999640722 0.056823 0 0
23.9 11 4 0.246590874198 2.00834349151e-10 0.76660742156 0.385153078992 0.999999508451 0.048005 0 0
24 11 4 0.247544277526 1.94255819461e-10 0.766120642652 0.38403370947 0.999999512112 0.038019 0 0
24.1 11 4 0.248488921599 1.96019755982e-10 0.765637241214 0.382919249724 0.999999275193 0.038427 0 0
24.2 11 4 0.249434517692 1.98975613763e-10 0.765157367466 0.381809162323 0.999999122281 0.055742 0 0
24.3 11 4 0.250395345139 2.01332839289e-10 0.764680891617 0.380703994601 0.999999527931 0.047338 0 0
24.4 11 4 0.25135758474 2.03075334326e-10 0.764207943865 0.379604297397 0.999999561701 0.038225 0 0
24.5 11 4 0.252308588647 2.04193995046e-10 0.763738584091 0.378509555361 0.999999140315 0.038308 0 0
24.6 11 4 0.253262303682 2.10571290385e-10 0.763272942227 0.377419171049 0.999999138897 0.048276 0 0
24.7 11 4 0.254231179797 2.18577896001e-10 0.762810977511 0.376333704619 0.999999584996 0.048176 0 0
24.8 11 4 0.255201496401 2.27420077802e-10 0.762352612005 0.375253754984 0.999999686823 0.038801 0 0
24.9 11 4 0.256172665709 2.35030429647e-10 0.761897935518 0.374178730501 0.999999599063 0.047645 0 0
25 11 4 0.257146145855 2.42961779533e-10 0.761446927596 0.373108648977 0.999999695736 0.03831 0 0
25.1 11 4 0.258120802807 2.4966911226e-10 0.760999555675 0.372043493603 0.999999692671 0.047517 0 0
25.2 11 4 0.259082761528 2.56397698591e-10 0.760555799916 0.370983263718 0.99999922684 0.047991 0 0
25.3 11 4 0.260060560959 2.61095790782e-10 0.760115690533 0.369927318116 0.999999604721 0.056342 0 0
25.4 11 4 0.261023762536 2.66048352445e-10 0.759679096886 0.368876916036 0.999998648218 0.037938 0 0
25.5 11 4 0.262004191686 2.67976929962e-10 0.759244099381 0.367830548839 0.999999165764 0.047168 0 0
25.6 11 4 0.262984706518 2.69383026364e-10 0.758810927891 0.366789751255 0.999999215379 0.037809 0 0
25.7 11 4 0.263951274789 2.67957085205e-10 0.758380776799 0.365753865749 0.999998701793 0.037785 0 0
25.8 11 4 0.264919863 2.64698513239e-10 0.757954884959 0.364722181327 0.99999868244 0.047506 0 0
25.9 11 4 0.265889296399 2.58352476398e-10 0.757534256706 0.363695358652 0.999998684009 0.047337 0 0
26 11 4 0.266875094031 2.50065604798e-10 0.75711990857 0.362673404295 0.999999559971 0.05592 0 0
26.1 11 4 0.267844546899 2.39385941582e-10 0.756705100074 0.361657175346 0.999999042778 0.038461 0 0
26.2 11 4 0.268830703411 2.26768332211e-10 0.756290860602 0.360645100821 0.999999557344 0.047488 0 0
26.3 11 4 0.269815793218 2.14117113617e-10 0.755876873068 0.359638595445 0.999999323104 0.038079 0 0
26.4 11 4 0.270802217551 2.01756036572e-10 0.755463629022 0.358636836462 0.999999588634 0.038328 0 0
26.5 11 4 0.271788249425 1.90882864223e-10 0.755050139845 0.357640056269 0.999999461002 0.048217 0 0
26.6 11 4 0.272775437088 1.84065729247e-10 0.754636878192 0.356648042457 0.99999963 0.038714 0 0
26.7 11 4 0.273746901364 1.86298058961e-10 0.754223444518 0.355660969605 0.999999036659 0.047782 0 0
26.8 11 4 0.27473447221 1.98987954578e-10 0.753810067027 0.354677911216 0.999999477155 0.056637 0 0
26.9 11 4 0.275705092648 2.08674906069e-10 0.753396681829 0.353700360623 0.999998663191 0.038674 0 0
27 11 4 0.27669295504 2.15336277574e-10 0.752983315491 0.352726540078 0.999999422273 0.048308 0 0
27.1 11 4 0.277678926587 2.19260778555e-10 0.752570041332 0.351758558831 0.999999343837 0.038256 0 0
27.2 11 4 0.278665046815 2.20744208523e-10 0.75215704059 0.350795334014 0.999999377347 0.038787 0 0
27.3 11 4 0.279651956794 2.20312114184e-10 0.751744189217 0.349836937079 0.999999547886 0.0388 0 0
27.4 11 4 0.280636868539 2.19283572552e-10 0.751331564772 0.348883479235 0.999998935662 0.047828 0 0
27.5 11 4 0.28162215646 2.25448756691e-10 0.750920529936 0.347934523685 0.999999323315 0.048143 0 0
27.6 11 4 0.282588734523 2.30592001962e-10 0.750509267912 0.346990455148 0.999998372475 0.038314 0 0
27.7 11 4 0.283573493879 2.34770228247e-10 0.750099398092 0.346050114564 0.999999194776 0.047982 0 0
27.8 11 4 0.284562202944 2.3686734963e-10 0.749686591926 0.345115642644 0.999999517114 0.038326 0 0
27.9 11 4 0.285547598767 2.38508758007e-10 0.749266765715 0.344186210748 0.999999211939 0.047959 0 0
28 11 4 0.286532508508 2.3881706932e-10 0.748840338666 0.343261329644 0.999999189338 0.038231 0 0
28.1 11 4 0.287518653482 2.37724381051e-10 0.748407502092 0.342341235675 0.999999474869 0.038843 0 0
28.2 11 4 0.288484436059 2.36629682486e-10 0.747968356952 0.341426117321 0.999998710726 0.048202 0 0
28.3 11 4 0.289471359751 2.33777009485e-10 0.747523297304 0.340514754464 0.999999070297 0.058945 0 0
28.4 11 4 0.290451032031 2.31219899234e-10 0.747072843374 0.33960886086 0.999999014848 0.048334 0 0
28.5 11 4 0.291437998062 2.27586936057e-10 0.746617165294 0.33870775255 0.999999458164 0.039432 0 0
28.6 11 4 0.292422581549 2.23485733616e-10 0.746156501383 0.337811630693 0.999999423381 0.057819 0 0
28.7 11 4 0.293402301354 2.19874347894e-10 0.745691438326 0.33692033291 0.999998892929 0.05698 0 0
28.8 11 4 0.294379356242 2.14673184653e-10 0.745222855314 0.336033585928 0.999999307403 0.047919 0 0
28.9 11 4 0.295355342928 2.10923428266e-10 0.744750513573 0.335151738813 0.999999417183 0.048704 0 0
29 11 4 0.296323913342 2.05643441203e-10 0.744275272229 0.334274669119 0.999998585261 0.04826 0 0
29.1 11 4 0.297297913939 2.01346003723e-10 0.743798329148 0.333402084603 0.999999260707 0.038286 0 0
29.2 11 4 0.298271219441 1.96910059758e-10 0.743319027911 0.332534388642 0.999999569667 0.047566 0 0
29.3 11 4 0.299245407143 1.9206860156e-10 0.74283867735 0.331671602481 0.999999327534 0.038516 0 0
29.4 11 4 0.300220283646 1.8845897942e-10 0.74235793141 0.330813549365 0.999999491484 0.057092 0 0
29.5 11 4 0.301188349252 1.95346435246e-10 0.7418773152 0.329960292172 0.999999553561 0.057132 0 0
29.6 11 4 0.302150412937 1.80531878476e-10 0.741397397077 0.329111707831 0.999998737173 0.038275 0 0
29.7 11 4 0.30311449539 1.91975990578e-10 0.740919072289 0.328267531982 0.99999930742 0.048274 0 0
29.8 11 4 0.304078106532 1.74055012294e-10 0.740442833965 0.32742832811 0.999999545146 0.047684 0 0
29.9 11 4 0.305039480267 1.87064260682e-10 0.739969353059 0.326593903452 0.999999536885 0.038051 0 0
30 11 4 0.306005489579 1.85604830828e-10 0.739499324538 0.325764177213 0.999999617215 0.047964 0 0
