# SIAM excitation B=c_0up^dag|gs> (normalized), method=star
# L=200 U=0.05 V=0.1 dt=0.1 tmax=100 cutoff=1e-10 max_bond_dim=1024
# E_gs=-62.7371594412 gs_bond_dim=42 gs_wall_s=87.948567
# nrm=0.707106780588  G00(t) = -i nrm^2 exp(i E_gs t) A(t)
# t  n_active  bond_dim  wall_s  n0up  n0dw  ReA  ImA
0 200 42 0.010752 1 0.60986210801 1 0
0.1 200 24 1.656959 0.999961344546 0.609852577644 0.999852253874 -0.0147278143371
0.2 200 23 1.591464 0.999845467507 0.609823153807 0.999409278609 -0.0294458345475
0.3 200 23 1.584497 0.99965266797 0.609773940279 0.998671845747 -0.0441443002584
0.4 200 23 1.591289 0.999383449432 0.609705017171 0.997641241826 -0.0588135219409
0.5 200 23 1.598819 0.999038514104 0.609616482043 0.996319259774 -0.0734439157646
0.6 200 23 1.603995 0.998618758579 0.609508453715 0.994708188389 -0.0880260376205
0.7 200 23 1.601393 0.998125269875 0.609381082615 0.992810800224 -0.102550616414
0.8 200 23 1.600406 0.997559321026 0.609234545589 0.990630336875 -0.117008586079
0.9 200 23 1.602034 0.996922365993 0.609069054256 0.988170492155 -0.131391116697
1 200 23 1.600105 0.996216030513 0.608884835668 0.985435392268 -0.145689643494
1.1 200 23 1.601196 0.995442105977 0.60868214378 0.982429574519 -0.159895894587
1.2 200 23 1.599761 0.994602542607 0.608461256068 0.979157963824 -0.174001916804
1.3 200 23 1.57748 0.993699435746 0.608222465367 0.975625846873 -0.188000099032
1.4 200 23 1.584381 0.992735021249 0.607966072508 0.971838845608 -0.201883194128
1.5 200 23 1.555278 0.991711661892 0.60769240989 0.967802888324 -0.215644337884
1.6 200 23 1.557805 0.990631836453 0.607401841235 0.963524180198 -0.22927706596
1.7 200 23 1.544257 0.989498131531 0.60709473283 0.959009172487 -0.242775328376
1.8 200 23 1.556687 0.988313226885 0.60677146205 0.954264530643 -0.256133501172
1.9 200 23 1.567508 0.987079883404 0.606432419205 0.949297102199 -0.269346395551
2 200 23 1.575992 0.985800931602 0.6060780051 0.944113884293 -0.282409264663
2.1 200 23 1.519699 0.984479259189 0.605708628813 0.938721990704 -0.295317807479
2.2 200 23 1.502017 0.983117800756 0.605324709638 0.933128619705 -0.308068170558
2.3 200 23 1.491004 0.981719520415 0.604926670176 0.927341020703 -0.320656945987
2.4 200 23 1.482404 0.980287402744 0.604514938468 0.921366462899 -0.333081168202
2.5 200 23 1.488337 0.978824440194 0.60408994694 0.915212204057 -0.345338307941
2.6 200 23 1.495205 0.977333618769 0.60365210468 0.908885458856 -0.35742626249
2.7 200 23 1.496255 0.975817908569 0.60320184013 0.902393372093 -0.369343346343
2.8 200 23 1.495084 0.974280252063 0.602739624186 0.89574299012 -0.381088277136
2.9 200 23 1.495708 0.972723543099 0.602265883445 0.888941232093 -0.392660160842
3 200 23 1.480908 0.971150628387 0.601781038193 0.88199486774 -0.404058475045
3.1 200 23 1.478122 0.96956429143 0.601285517905 0.874910492387 -0.415283048925
3.2 200 23 1.472654 0.967967240763 0.600779725748 0.867694506194 -0.426334044231
3.3 200 23 1.484865 0.966362101414 0.600264074837 0.860353095342 -0.437211933603
3.4 200 23 1.470831 0.964751410708 0.599738957421 0.852892213634 -0.447917477088
3.5 200 23 1.480041 0.96313761278 0.599204755607 0.845317567659 -0.458451698841
3.6 200 23 1.461102 0.961523033103 0.59866182441 0.837634604215 -0.468815860717
3.7 200 23 1.485633 0.959909878318 0.598110551327 0.829848500874 -0.47901144153
3.8 200 23 1.471248 0.958300254725 0.597551261195 0.821964153489 -0.489040103539
3.9 200 23 1.498157 0.956696128879 0.596984276801 0.813986173182 -0.498903671866
4 200 23 1.474024 0.955099343979 0.596409900318 0.805918882692 -0.50860410885
4.1 200 23 1.481047 0.953511604783 0.595828406855 0.797766312155 -0.51814348535
4.2 200 23 1.48624 0.951934480098 0.595240087031 0.789532207981 -0.527523955517
4.3 200 23 1.492245 0.950369400971 0.594645216199 0.781220017051 -0.536747739031
4.4 200 23 1.513002 0.948817655846 0.594044020362 0.772832906481 -0.545817086434
4.5 200 23 1.487488 0.947280393238 0.593436722675 0.764373767713 -0.554734259947
4.6 200 23 1.482425 0.945758621893 0.592823519168 0.755845222084 -0.563501512631
4.7 200 23 1.490046 0.944253208178 0.592204617884 0.747249632885 -0.572121067133
4.8 200 23 1.489192 0.942764885863 0.591580188659 0.73858911535 -0.580595093041
4.9 200 22 1.495779 0.941294249005 0.590950368764 0.729865548796 -0.588925691455
5 200 22 1.506771 0.939841761708 0.590315453109 0.721080598782 -0.597114881425
5.1 200 22 1.497521 0.938407757815 0.589675648399 0.712235724747 -0.605164578974
5.2 200 22 1.498793 0.936992447612 0.589031133407 0.703332199558 -0.613076585218
5.3 200 22 1.510818 0.935595923675 0.588382086904 0.694371118774 -0.620852577097
5.4 200 22 1.527016 0.934218165203 0.587728671043 0.685353438316 -0.628494095098
5.5 200 22 1.494848 0.932859040025 0.587070998188 0.676279963548 -0.636002532559
5.6 200 22 1.499938 0.93151831812 0.586409199288 0.667151379999 -0.643379130519
5.7 200 22 1.509905 0.930195675721 0.585743453925 0.657968288894 -0.650624977694
5.8 200 22 1.501562 0.928890701312 0.585073830875 0.64873119678 -0.657741002473
5.9 200 22 1.47817 0.927602903307 0.58440037851 0.639440554272 -0.66472797014
6 200 22 1.491546 0.926331718991 0.583723166683 0.630096766432 -0.671586486343
6.1 200 22 1.436439 0.925076522233 0.583042276401 0.620700215202 -0.678317000999
6.2 200 22 1.433763 0.923836631117 0.582357771933 0.61125127331 -0.684919808656
6.3 200 22 1.423698 0.922611314867 0.581669734073 0.601750320255 -0.691395058535
6.4 200 22 1.430908 0.921399801091 0.580978208513 0.59219775822 -0.697742755228
6.5 200 22 1.431161 0.920201289023 0.580283254194 0.582594023601 -0.703962762549
6.6 200 22 1.431332 0.919014948919 0.579584940736 0.572939606215 -0.710054831704
6.7 200 22 1.439954 0.917839930596 0.578883333419 0.563235055059 -0.716018587728
6.8 200 22 1.444545 0.916675384459 0.57817848143 0.553480992893 -0.721853560696
6.9 200 22 1.443192 0.915520454156 0.577470439384 0.543678126638 -0.727559183813
7 200 22 1.447645 0.914374287925 0.576759261496 0.53382724871 -0.733134806821
7.1 200 22 1.44883 0.913236045252 0.57604499995 0.523929246686 -0.738579711965
7.2 200 22 1.446868 0.912104903901 0.575327706721 0.513985112015 -0.743893125137
7.3 200 22 1.445242 0.910980064792 0.574607435166 0.503995941043 -0.749074227903
7.4 200 22 1.445845 0.909860757793 0.573884238742 0.493962940414 -0.754122174736
7.5 200 22 1.444423 0.908746246924 0.573158172358 0.48388742483 -0.759036101106
7.6 200 22 1.442475 0.907635834175 0.572429291671 0.473770819631 -0.763815140031
7.7 200 22 1.440504 0.90652886433 0.57169765441 0.463614657789 -0.768458431811
7.8 200 22 1.437118 0.905424727871 0.570963320221 0.453420578633 -0.772965138317
7.9 200 22 1.43129 0.904322864433 0.570226350681 0.443190323781 -0.777334453828
8 200 22 1.433071 0.90322276616 0.569486813374 0.432925733349 -0.781565616268
8.1 200 22 1.436693 0.902123977436 0.568744770472 0.422628738458 -0.785657918947
8.2 200 22 1.442861 0.901026098728 0.568000289996 0.41230135449 -0.789610713938
8.3 200 22 1.460258 0.899928786181 0.567253442076 0.401945675853 -0.79342342693
8.4 200 22 1.446001 0.898831752636 0.566504298793 0.391563866584 -0.797095562368
8.5 200 22 1.446537 0.897734767786 0.56575293406 0.381158151735 -0.800626714869
8.6 200 22 1.448542 0.896637658897 0.564999423381 0.370730809738 -0.804016566224
8.7 200 22 1.45789 0.895540307003 0.564243845545 0.36028415834 -0.807264891213
8.8 200 22 1.47575 0.894442645116 0.563486279729 0.349820548294 -0.810371566798
8.9 200 22 1.488062 0.893344660054 0.562726807087 0.339342354713 -0.813336569105
9 200 22 1.483537 0.892246388692 0.561965509767 0.328851965935 -0.816159978018
9.1 200 22 1.46661 0.891147917437 0.561202470554 0.318351775484 -0.818841978604
9.2 200 22 1.448034 0.890049373677 0.560437773231 0.30784416622 -0.821382855697
9.3 200 22 1.445768 0.888950928397 0.559671502094 0.297331507647 -0.82378299549
9.4 200 22 1.471747 0.887852791345 0.558903742603 0.286816144707 -0.826042882839
9.5 200 22 1.487807 0.886755206369 0.558134578143 0.276300389306 -0.828163097257
9.6 200 22 1.473777 0.88565844892 0.55736409286 0.26578651212 -0.83014430877
9.7 200 22 1.456824 0.88456282184 0.556592370269 0.255276735118 -0.831987273115
9.8 200 22 1.429661 0.883468651388 0.555819492904 0.244773224806 -0.83369282609
9.9 200 22 1.432819 0.882376283229 0.555045541976 0.234278086083 -0.835261877342
10 200 22 1.432387 0.881286078309 0.554270597561 0.223793356967 -0.836695403736
10.1 200 22 1.431705 0.880198408681 0.553494738315 0.213321004152 -0.837994442251
10.2 200 22 1.424257 0.879113653993 0.552718041742 0.202862918908 -0.83916008267
10.3 200 22 1.427916 0.878032196959 0.55194058374 0.192420914544 -0.840193459812
10.4 200 22 1.42552 0.876954419737 0.551162438044 0.181996724321 -0.841095745852
10.5 200 22 1.427675 0.875880700143 0.550383677062 0.171592000039 -0.841868142414
10.6 200 22 1.417353 0.874811408815 0.549604378575 0.16120831231 -0.842511876403
10.7 200 22 1.420108 0.873746907201 0.548824606778 0.150847146173 -0.843028183068
10.8 200 22 1.438104 0.872687541403 0.548044434592 0.140509910046 -0.843418309944
10.9 200 22 1.453417 0.871633632875 0.547263921933 0.130197937417 -0.843683497924
11 200 22 1.439253 0.870585490604 0.546483125013 0.119912479695 -0.843824980082
11.1 200 22 1.431793 0.8695434001 0.545702108351 0.109654719217 -0.84384398132
11.2 200 22 1.443727 0.868507614785 0.544920916612 0.0994257734079 -0.843741697758
11.3 200 22 1.449048 0.867478366423 0.544139601741 0.0892266927101 -0.843519305081
11.4 200 22 1.466088 0.866455859177 0.54335821568 0.0790584672461 -0.843177948586
11.5 200 22 1.442875 0.865440266997 0.542576805506 0.0689220347491 -0.842718739172
11.6 200 22 1.450157 0.864431732329 0.541795416759 0.0588182841215 -0.842142748625
11.7 200 22 1.44544 0.863430368239 0.541014092227 0.0487480622915 -0.841451008901
11.8 200 22 1.462951 0.862436254791 0.540232871824 0.0387121802528 -0.840644507438
11.9 200 22 1.47909 0.861449441131 0.539451792253 0.0287114176212 -0.83972418658
12 200 22 1.460733 0.860469944391 0.538670890695 0.0187465320811 -0.838690943003
12.1 200 22 1.465295 0.859497750255 0.537890199123 0.00881826269522 -0.837545626185
12.2 200 22 1.471403 0.858532814193 0.537109751253 -0.00107266410739 -0.836289040548
12.3 200 22 1.463943 0.857575062494 0.536329577615 -0.0109255264761 -0.834921945335
12.4 200 22 1.450934 0.856624393131 0.53554970657 -0.020739602518 -0.83344505618
12.5 200 22 1.451331 0.85568067756 0.5347701657 -0.030514164856 -0.831859047777
12.6 200 22 1.455377 0.854743762366 0.533990980959 -0.0402484756603 -0.830164556545
12.7 200 22 1.418872 0.853813470932 0.533212177418 -0.0499417817633 -0.828362183824
12.8 200 22 1.416457 0.852889605646 0.532433779439 -0.0595933105222 -0.826452499579
12.9 200 22 1.422026 0.851971950051 0.531655809198 -0.0692022663125 -0.824436046463
13 200 22 1.413071 0.851060271088 0.530878289732 -0.0787678271953 -0.822313344204
13.1 200 22 1.423635 0.850154321464 0.530101242894 -0.0882891418518 -0.820084894256
13.2 200 22 1.411512 0.849253841758 0.529324690819 -0.0977653278477 -0.8177511846
13.3 200 22 1.406112 0.848358563399 0.528548653021 -0.107195470169 -0.815312695046
13.4 200 22 1.407784 0.847468211437 0.527773151276 -0.116578620076 -0.812769901384
13.5 200 22 1.412159 0.846582507253 0.526998210026 -0.125913795228 -0.810123281557
13.6 200 22 1.420087 0.845701169558 0.526223847022 -0.135199977405 -0.80737332034
13.7 200 22 1.422709 0.844823918036 0.525450083894 -0.144436115637 -0.804520514499
13.8 200 22 1.42846 0.843950476797 0.524676942798 -0.153621127114 -0.801565377614
13.9 200 22 1.432673 0.843080574429 0.523904445695 -0.162753898672 -0.798508444158
14 200 22 1.448072 0.8422139478 0.523132614087 -0.171833288661 -0.795350274626
14.1 200 22 1.454542 0.841350343725 0.522361470764 -0.180858130127 -0.792091459308
14.2 200 22 1.456689 0.840489520756 0.521591039372 -0.189827233634 -0.788732621827
14.3 200 22 1.448778 0.839631251264 0.520821343096 -0.198739390698 -0.78527442262
14.4 200 22 1.455862 0.838775322949 0.520052406134 -0.20759337757 -0.781717561722
14.5 200 22 1.450276 0.837921540454 0.519284252539 -0.216387959008 -0.778062781309
14.6 200 22 1.44584 0.837069727065 0.518516908067 -0.225121894531 -0.774310867505
14.7 200 22 1.462772 0.836219722683 0.517750397278 -0.233793938453 -0.770462650551
14.8 200 22 1.468894 0.83537138987 0.516984745984 -0.242402846631 -0.766519009651
14.9 200 22 1.411277 0.834524610958 0.516219981736 -0.250947382658 -0.762480869902
15 200 22 1.400492 0.833679290029 0.515456131351 -0.259426320497 -0.758349203436
15.1 200 22 1.404433 0.832835352562 0.514693221546 -0.267838449427 -0.754125028988
15.2 200 22 1.40592 0.831992745737 0.513931279692 -0.276182578177 -0.74980941105
15.3 200 22 1.404911 0.831151440807 0.51317033151 -0.284457536393 -0.745403461165
15.4 200 22 1.401039 0.830311425403 0.512410406392 -0.292662188002 -0.740908327819
15.5 200 22 1.402624 0.829472707756 0.511651526968 -0.300795421055 -0.736325200471
15.6 200 22 1.40323 0.828635320749 0.510893726302 -0.308856167214 -0.731655310102
15.7 200 22 1.395303 0.827799310865 0.510137026232 -0.316843387082 -0.726899918481
15.8 200 22 1.387745 0.82696474968 0.509381459317 -0.32475609312 -0.722060322925
15.9 200 22 1.380799 0.826131721199 0.508627053269 -0.332593336021 -0.717137843898
16 200 22 1.377914 0.825300336053 0.507873829774 -0.340354205317 -0.71213384068
16.1 200 22 1.468628 0.824470697599 0.507121815195 -0.3480378485 -0.70704966802
16.2 200 22 1.509514 0.823642934735 0.506371036327 -0.355643456053 -0.701886711347
16.3 200 22 1.508989 0.822817189813 0.505621521299 -0.363170276241 -0.696646371824
16.4 200 22 1.516094 0.821993616156 0.504873297118 -0.370617605891 -0.691330062754
16.5 200 22 1.512617 0.821172366397 0.504126385439 -0.37798478347 -0.685939185803
16.6 200 22 1.513329 0.820353603698 0.503380808316 -0.385271198804 -0.680475152362
16.7 200 22 1.511472 0.819537494807 0.50263658941 -0.392476292234 -0.674939365807
16.8 200 22 1.508146 0.81872420947 0.501893750844 -0.399599550682 -0.669333224552
16.9 200 22 1.520146 0.817913918221 0.50115231384 -0.406640506613 -0.66365811599
17 200 22 1.515017 0.81710679113 0.500412292692 -0.413598735137 -0.657915413939
17.1 200 22 1.517089 0.816302994407 0.499673716166 -0.420473854391 -0.652106473431
17.2 200 22 1.536067 0.815502690447 0.498936598736 -0.427265520377 -0.646232629669
17.3 200 22 1.549637 0.814706036842 0.498200955945 -0.433973424638 -0.640295195183
17.4 200 22 1.515785 0.813913181797 0.497466812285 -0.440597291419 -0.634295458092
17.5 200 22 1.526624 0.813124264398 0.496734185104 -0.447136878909 -0.628234675728
17.6 200 22 1.519764 0.812339410521 0.496003081794 -0.453591965101 -0.622114078106
17.7 200 22 1.541197 0.811558747323 0.495273525521 -0.459962356049 -0.615934875297
17.8 200 22 1.54132 0.810782374238 0.494545524364 -0.466247869091 -0.60969823749
17.9 200 22 1.557029 0.810010389991 0.493819084703 -0.472448340035 -0.603405312568
18 200 22 1.553691 0.809242873345 0.493094222205 -0.478563619032 -0.597057213645
18.1 200 22 1.550175 0.808479888977 0.492370950306 -0.484593564683 -0.590655025066
18.2 200 22 1.547176 0.807721486482 0.491649278715 -0.490538041254 -0.58419980223
18.3 200 22 1.542835 0.80696770176 0.490929223365 -0.496396923827 -0.577692569781
18.4 200 22 1.54951 0.806218548153 0.490210796594 -0.502170077541 -0.571134325374
18.5 200 22 1.536124 0.80547403635 0.48949399752 -0.507857357093 -0.564526058056
18.6 200 22 1.53038 0.804734143325 0.488778841884 -0.513458621846 -0.557868711729
18.7 200 22 1.525639 0.803998847205 0.488065339408 -0.518973727654 -0.551163224529
18.8 200 22 1.534624 0.803268103483 0.487353494619 -0.524402505902 -0.544410515487
18.9 200 22 1.524562 0.802541847373 0.486643319225 -0.529744785201 -0.537611479074
19 200 22 1.515728 0.801820015041 0.485934820425 -0.535000379392 -0.530767013039
19.1 200 22 1.570321 0.801102522295 0.485228007469 -0.540169089224 -0.523877997889
19.2 200 22 1.56496 0.800389273039 0.484522889392 -0.545250702246 -0.51694530662
19.3 200 22 1.566586 0.799680160834 0.48381947239 -0.550244989514 -0.509969811863
19.4 200 22 1.549579 0.79897506817 0.483117766439 -0.555151707459 -0.502952383017
19.5 200 22 1.553284 0.798273869516 0.482417779561 -0.559970598203 -0.495893893397
19.6 200 22 1.577533 0.797576431665 0.481719520458 -0.564701390119 -0.488795221128
19.7 200 22 1.56985 0.796882615103 0.481022998423 -0.569343798735 -0.481657252078
19.8 200 22 1.581 0.796192275082 0.48032822305 -0.57389752787 -0.47448088273
19.9 200 22 1.538046 0.79550526351 0.47963520254 -0.578362271398 -0.467267022532
20 200 22 1.533964 0.794821429613 0.478943946805 -0.582737714838 -0.460016595678
20.1 200 22 1.544127 0.794140621907 0.478254465394 -0.587023537493 -0.452730543781
20.2 200 22 1.576381 0.793462689195 0.477566768063 -0.591219414491 -0.445409826994
20.3 200 22 1.550388 0.792787482065 0.476880864843 -0.595325019482 -0.438055425662
20.4 200 22 1.565981 0.792114853974 0.476196765187 -0.59934002694 -0.430668341493
20.5 200 22 1.581417 0.791444662713 0.475514479336 -0.603264114766 -0.423249598524
20.6 200 22 1.532809 0.790776772422 0.474834016588 -0.607096966716 -0.415800245757
20.7 200 22 1.53412 0.7901110519 0.474155388508 -0.610838276479 -0.408321350655
20.8 200 22 1.532379 0.789447377127 0.473478606578 -0.614487747868 -0.400814004897
20.9 200 22 1.567965 0.7887856351 0.472803680358 -0.618045099506 -0.393279324361
21 200 22 1.572155 0.788125718471 0.472130623214 -0.621510069005 -0.385718439612
21.1 200 22 1.608097 0.787467534573 0.471459442643 -0.624882412442 -0.378132515449
21.2 200 22 1.540166 0.78681099869 0.470790150045 -0.628161907296 -0.370522729471
21.3 200 22 1.50828 0.786156038751 0.470122755715 -0.631348356125 -0.362890278029
21.4 200 22 1.549153 0.785502593708 0.469457270162 -0.634441587615 -0.355236373569
21.5 200 22 1.4788 0.784850614612 0.468793703635 -0.637441458641 -0.347562243338
21.6 200 22 1.465021 0.784200064602 0.468132067085 -0.64034785614 -0.339869127145
21.7 200 22 1.518247 0.783550918716 0.467472371058 -0.643160698727 -0.332158274135
21.8 200 22 1.506836 0.782903166916 0.466814625053 -0.645879937424 -0.324430942633
21.9 200 22 1.53681 0.78225681163 0.466158835092 -0.648505560146 -0.316688402625
22 200 22 1.532914 0.781611862774 0.4655049804 -0.651037576861 -0.308931924682
22.1 200 22 1.533418 0.78096834306 0.464853104938 -0.653476049394 -0.301162764607
22.2 200 22 1.559429 0.780326284393 0.464203215428 -0.655821063848 -0.293382186059
22.3 200 22 1.533839 0.779685731692 0.463555325491 -0.658072745554 -0.285591444709
22.4 200 22 1.536293 0.779046739435 0.462909445667 -0.660231254794 -0.277791784323
22.5 200 22 1.487369 0.778409372881 0.462265583439 -0.662296782354 -0.26998445002
22.6 200 22 1.502575 0.777773699212 0.461623749903 -0.664269547983 -0.262170666265
22.7 200 22 1.492402 0.777139802062 0.460983946899 -0.666149807832 -0.254351650142
22.8 200 22 1.504744 0.776507767756 0.46034618776 -0.667937848829 -0.246528593056
22.9 200 22 1.511327 0.775877683666 0.459710489458 -0.669633983852 -0.238702666461
23 200 22 1.494248 0.775249646004 0.459076853433 -0.671238551939 -0.230875023886
23.1 200 22 1.500839 0.774623751108 0.458445312242 -0.672751921222 -0.22304679432
23.2 200 22 1.497533 0.774000098723 0.457815841075 -0.67417447115 -0.215219094279
23.3 200 22 1.508791 0.773378795794 0.457188460908 -0.675506609458 -0.207392990903
23.4 200 22 1.516605 0.772759945931 0.456563170138 -0.676748757489 -0.19956953875
23.5 200 22 1.522382 0.772143652906 0.455939974044 -0.677901352639 -0.19174976154
23.6 200 22 1.532858 0.771530021085 0.455318882129 -0.678964848281 -0.18393466293
23.7 200 22 1.537013 0.770919145012 0.454699895125 -0.679939702523 -0.176125210057
23.8 200 22 1.519306 0.770311120632 0.454083018368 -0.680826383325 -0.168322344124
23.9 200 22 1.569885 0.769706036697 0.453468262266 -0.681625365176 -0.160526981266
24 200 22 1.602541 0.769103980108 0.452855624178 -0.682337123421 -0.152740010839
24.1 200 22 1.613124 0.768505029713 0.452245108153 -0.682962135124 -0.144962296537
24.2 200 22 1.601028 0.767909257791 0.451636718858 -0.683500875571 -0.137194678471
24.3 200 22 1.602161 0.767316728621 0.45103045791 -0.683953817473 -0.129437971644
24.4 200 22 1.610938 0.766727489979 0.450426364383 -0.684321436326 -0.121692972323
24.5 200 22 1.628947 0.766141597803 0.449824404835 -0.684604185321 -0.113960453848
24.6 200 22 1.61506 0.765559092445 0.4492245798 -0.684802516222 -0.106241169865
24.7 200 22 1.577978 0.764980003883 0.448626891937 -0.684916871818 -0.0985358588216
24.8 200 22 1.617546 0.764404353106 0.448031341895 -0.684947685213 -0.0908452451325
24.9 200 22 1.530545 0.763832150753 0.447437930806 -0.684895377442 -0.0831700402302
25 200 22 1.506453 0.763263398914 0.44684665803 -0.684760359321 -0.0755109451601
25.1 200 22 1.555184 0.762698089269 0.446257523608 -0.684543028689 -0.0678686530607
25.2 200 22 1.560406 0.762136202994 0.445670538461 -0.684243774021 -0.0602438505888
25.3 200 22 1.305385 0.761577715138 0.445085690782 -0.683862968252 -0.0526372206681
25.4 200 22 1.349559 0.76102259185 0.444502976895 -0.683400975425 -0.0450494473258
25.5 200 22 1.121747 0.760470785008 0.443922411721 -0.682858151084 -0.0374812092599
25.6 200 22 1.108957 0.759922248207 0.443343977472 -0.682234833467 -0.0299331863721
25.7 200 22 1.110369 0.759376919304 0.442767678285 -0.681531359363 -0.0224060656518
25.8 200 22 1.12371 0.758834732449 0.442193511461 -0.680748060879 -0.0149005400663
25.9 200 22 1.130564 0.758295607278 0.441621477988 -0.679885247025 -0.00741730010921
26 200 22 1.117068 0.757759464979 0.441051570079 -0.67894323206 4.2955177187e-05
26.1 200 22 1.121015 0.757226230868 0.440483793834 -0.677922338828 0.00747949811464
26.2 200 22 1.164538 0.756695819124 0.439918140719 -0.676822877558 0.0148916069883
26.3 200 22 1.109208 0.756168139145 0.439354616732 -0.67564516352 0.0222785480997
26.4 200 22 1.117066 0.755643099721 0.438793212555 -0.674389511137 0.0296395742153
26.5 200 22 1.116429 0.75512060972 0.438233929337 -0.673056241386 0.0369739311611
26.6 200 22 1.12263 0.754600573947 0.437676755469 -0.671645677372 0.0442808533889
26.7 200 22 1.232067 0.754082897128 0.437121703147 -0.670158155554 0.0515595645545
26.8 200 22 1.381294 0.753567487447 0.436568755467 -0.668594017466 0.058809276149
26.9 200 22 1.144432 0.753054252203 0.436017913171 -0.666953624164 0.0660291899577
27 200 22 1.144815 0.752543103747 0.43546916291 -0.665237342586 0.0732184989712
27.1 200 22 1.319591 0.752033955104 0.434922524092 -0.663445560139 0.0803763899919
27.2 200 22 1.149542 0.751526727935 0.434377976939 -0.661578675591 0.0875020431165
27.3 200 22 1.237152 0.75102134455 0.433835507502 -0.659637107413 0.0945946323049
27.4 200 22 1.118623 0.750517733953 0.433295119848 -0.657621295539 0.101653327594
27.5 200 22 1.117105 0.750015829482 0.432756806114 -0.655531698742 0.108677296215
27.6 200 22 1.118336 0.749515568514 0.432220575013 -0.653368800117 0.115665705209
27.7 200 22 1.121494 0.749016898965 0.431686426648 -0.651133100643 0.122617724083
27.8 200 22 1.117642 0.748519782147 0.431154338974 -0.648825129951 0.129532519652
27.9 200 22 1.124926 0.748024172048 0.430624307349 -0.64644542682 0.136409271463
28 200 22 1.113308 0.747530033648 0.430096340881 -0.643994553842 0.143247179079
28.1 200 22 1.122092 0.747037338842 0.429570433011 -0.641473100513 0.150045418524
28.2 200 22 1.134667 0.746546073529 0.429046575204 -0.638881675705 0.156803189428
28.3 200 22 1.131196 0.746056230262 0.428524760696 -0.636220925317 0.163519704819
28.4 200 22 1.173218 0.745567807598 0.42800499093 -0.633491502439 0.170194194107
28.5 200 22 1.536975 0.745080808362 0.427487269566 -0.63069408257 0.17682590201
28.6 200 22 1.449854 0.74459524641 0.426971586042 -0.627829356947 0.183414088298
28.7 200 22 1.160802 0.744111141928 0.426457940123 -0.624898034611 0.189958032825
28.8 200 22 1.46516 0.743628518416 0.425946320174 -0.621900842367 0.196457034003
28.9 200 22 1.185077 0.743147408067 0.425436732289 -0.618838520545 0.202910411287
29 200 22 1.187879 0.742667845081 0.424929170154 -0.615711822849 0.209317506885
29.1 200 22 1.163418 0.742189873032 0.424423631792 -0.612521512474 0.215677687006
29.2 200 22 1.155649 0.741713539196 0.423920121462 -0.609268359718 0.221990338733
29.3 200 22 1.217994 0.741238886718 0.423418638436 -0.605953146741 0.228254874021
29.4 200 22 1.214799 0.740765972955 0.422919171984 -0.602576663672 0.234470724061
29.5 200 22 1.13613 0.740294851606 0.422421731529 -0.599139706137 0.240637350113
29.6 200 22 1.131802 0.739825579767 0.421926312713 -0.595643068176 0.246754235281
29.7 200 22 1.13469 0.739358217542 0.421432915916 -0.592087542551 0.252820887598
29.8 200 22 1.128558 0.738892820932 0.42094155591 -0.588473926738 0.258836833746
29.9 200 22 1.222364 0.738429452527 0.420452216313 -0.584803007026 0.264801626779
30 200 22 1.157586 0.737968183066 0.419964891532 -0.5810755693 0.270714841562
30.1 200 22 1.147198 0.737509061217 0.419479605982 -0.57729239861 0.276576073239
30.2 200 22 1.153781 0.737052133221 0.418996353433 -0.573454270839 0.2823849316
30.3 200 22 1.146769 0.736597452541 0.418515134214 -0.569561950771 0.288141049303
30.4 200 22 1.158857 0.736145059223 0.418035955185 -0.565616202531 0.293844078178
30.5 200 22 1.147012 0.735695005453 0.417558836755 -0.561617767737 0.299493679777
30.6 200 22 1.155414 0.73524732936 0.417083756692 -0.557567385551 0.305089529239
30.7 200 22 1.170958 0.734802071535 0.416610719804 -0.553465774498 0.310631324745
30.8 200 22 1.180421 0.734359264424 0.416139737851 -0.549313651816 0.316118761323
30.9 200 22 1.154746 0.733918937715 0.41567080277 -0.545111718224 0.32155154836
31 200 22 1.159091 0.733481107655 0.415203925219 -0.540860649999 0.326929408228
31.1 200 22 1.19383 0.733045805065 0.414739104374 -0.536561156475 0.332252056966
31.2 200 22 1.14907 0.732613034731 0.41427633942 -0.532213891156 0.337519217675
31.3 200 22 1.149067 0.732182799 0.413815632765 -0.527819504925 0.342730632468
31.4 200 22 1.143624 0.731755097136 0.413357003556 -0.523378643946 0.347886034765
31.5 200 22 1.143902 0.731329919002 0.412900450014 -0.518891940617 0.352985166274
31.6 200 22 1.140603 0.730907255358 0.412445950302 -0.514360025105 0.358027754775
31.7 200 22 1.16434 0.730487087123 0.411993518819 -0.509783517352 0.363013532615
31.8 200 22 1.168326 0.730069390825 0.411543159512 -0.505163031244 0.367942229944
31.9 200 22 1.150982 0.729654136755 0.411094867674 -0.500499173094 0.372813579019
32 200 22 1.211879 0.7292412884 0.410648660172 -0.495792542899 0.377627308582
32.1 200 22 1.196565 0.728830801482 0.410204531984 -0.491043736585 0.382383126586
32.2 200 22 1.25133 0.72842265385 0.409762483963 -0.486253384821 0.387080737852
32.3 200 22 1.154735 0.728016781643 0.409322505354 -0.481422061108 0.391719860608
32.4 200 22 1.157152 0.727613134015 0.408884608817 -0.476550368138 0.396300199005
32.5 200 22 1.152415 0.727211660281 0.408448717966 -0.471638907415 0.400821453022
32.6 200 22 1.605737 0.726812290849 0.408014917594 -0.466688268869 0.405283325222
32.7 200 22 1.609616 0.726414979425 0.407583177229 -0.461699082497 0.409685494481
32.8 200 22 1.615253 0.72601966972 0.407153448843 -0.456671965585 0.414027656695
32.9 200 22 1.601189 0.725626291428 0.406725934737 -0.451607540162 0.418309491423
33 200 22 1.232902 0.725234796072 0.406300368943 -0.446506445262 0.422530683855
33.1 200 22 1.280172 0.724845118666 0.405876896467 -0.441369331269 0.426690904491
33.2 200 23 1.245139 0.724457236699 0.40545541037 -0.436196847134 0.430789854631
33.3 200 23 1.42251 0.724071063621 0.405035984942 -0.430989661802 0.434827210391
33.4 200 23 1.466631 0.723686534215 0.404618656449 -0.4257484426 0.438802663789
33.5 200 23 1.149906 0.723303601331 0.404203265696 -0.420473887149 0.442715898667
33.6 200 23 1.146071 0.722922209005 0.403789967556 -0.415166705777 0.44656661107
33.7 200 23 1.124521 0.72254230524 0.403378667125 -0.409827592696 0.450354503159
33.8 200 23 1.131699 0.722163846143 0.40296944953 -0.404457290592 0.454079285071
33.9 200 23 1.130196 0.721786799176 0.402562142274 -0.399056549616 0.457740680536
34 200 23 1.137209 0.721411111417 0.402157027121 -0.393626128119 0.461338424794
34.1 200 23 1.136583 0.721036755472 0.40175379782 -0.388166775639 0.464872253117
34.2 200 23 1.141857 0.720663717077 0.401352344508 -0.382679265729 0.468341918995
34.3 200 23 1.139065 0.720291944333 0.400953137791 -0.377164386036 0.471747201236
34.4 200 23 1.143935 0.719921429133 0.400555955421 -0.371622916542 0.475087881429
34.5 200 23 1.144139 0.719552148663 0.400160734082 -0.366055658284 0.478363755187
34.6 200 23 1.153285 0.719184103154 0.399767375433 -0.360463407258 0.481574647213
34.7 200 23 1.158582 0.718817284172 0.399375961628 -0.354846980898 0.484720393056
34.8 200 23 1.163536 0.718451695938 0.398986408435 -0.349207188013 0.487800840911
34.9 200 23 1.149237 0.718087333379 0.398598832411 -0.34354485453 0.49081586891
35 200 23 1.143564 0.717724211242 0.398213280854 -0.337860803063 0.493765369162
35.1 200 23 1.484224 0.717362346091 0.39782963821 -0.332155845483 0.496649252792
35.2 200 23 1.288754 0.717001755818 0.397447779436 -0.326430799866 0.49946744661
35.3 200 23 1.350946 0.716642462896 0.397067783745 -0.320686484411 0.502219902946
35.4 200 23 1.145192 0.716284482739 0.396689858798 -0.31492372498 0.50490659188
35.5 200 23 1.137885 0.715927855014 0.39631378634 -0.309143310497 0.507527499018
35.6 200 23 1.132932 0.715572600784 0.395939634612 -0.303346058148 0.510082623506
35.7 200 23 1.128081 0.715218766632 0.395567461434 -0.297532765546 0.512572007589
35.8 200 23 1.115377 0.714866388722 0.395197098149 -0.291704203715 0.514995677301
35.9 200 23 1.117322 0.714515503923 0.394828580555 -0.285861151125 0.51735368797
36 200 23 1.193067 0.714166140411 0.394462089495 -0.280004395377 0.519646111987
36.1 200 23 1.237084 0.713818353182 0.394097286098 -0.274134671232 0.521873014391
36.2 200 23 1.111154 0.713472174174 0.393734504504 -0.268252728445 0.524034514937
36.3 200 23 1.11321 0.71312764213 0.393373469764 -0.262359290269 0.526130697931
36.4 200 23 1.109961 0.712784805935 0.393014433063 -0.256455074386 0.528161701012
36.5 200 23 1.109614 0.712443699467 0.392657172096 -0.250540780159 0.530127633334
36.6 200 23 1.109636 0.712104349872 0.392301910687 -0.24461711165 0.532028638836
36.7 200 23 1.110246 0.711766813983 0.391948421092 -0.238684722574 0.533864849049
36.8 200 23 1.108207 0.711431127977 0.391596359242 -0.232744271246 0.5356363717
36.9 200 23 1.108355 0.711097317063 0.3912466455 -0.226796425935 0.537343420454
37 200 23 1.11037 0.710765391837 0.390898737574 -0.220841822521 0.538986105752
37.1 200 23 1.104717 0.710435377444 0.390552643823 -0.214881092683 0.540564575895
37.2 200 23 1.112637 0.710107314555 0.390208602771 -0.208914830874 0.542079018477
37.3 200 23 1.107368 0.709781202368 0.389866422825 -0.20294365307 0.543529549591
37.4 200 23 1.131976 0.709457061867 0.38952608145 -0.196968140543 0.544916323873
37.5 200 23 1.147141 0.709134866084 0.389187948532 -0.190988912719 0.546239511791
37.6 200 23 1.378817 0.708814643959 0.388851587687 -0.185006502719 0.547499225836
37.7 200 23 1.527145 0.708496393773 0.388516885154 -0.179021486594 0.548695602407
37.8 200 23 1.153156 0.70818011132 0.388183945818 -0.173034421826 0.549828781362
37.9 200 23 1.235202 0.707865767779 0.387852905021 -0.16704587605 0.550898901566
38 200 23 1.568867 0.707553375503 0.38752364113 -0.161056384868 0.551906080806
38.1 200 23 1.565051 0.707242910508 0.387196238618 -0.155066503743 0.55285044266
38.2 200 23 1.463511 0.706934347044 0.386870715167 -0.149076788569 0.553732103242
38.3 200 23 1.169578 0.706627658632 0.386547040822 -0.143087783047 0.554551174814
38.4 200 23 1.163433 0.706322820575 0.386225200624 -0.137100028754 0.555307761105
38.5 200 23 1.174174 0.706019798971 0.385905198155 -0.131114061248 0.556001958101
38.6 200 23 1.264026 0.705718560897 0.385586962666 -0.125130440843 0.556633861364
38.7 200 23 1.282859 0.7054190654 0.385270600878 -0.119149723288 0.557203574223
38.8 200 23 1.628828 0.705121267244 0.384956059505 -0.113172470471 0.55771118895
38.9 200 23 1.620048 0.704825130667 0.384643310802 -0.107199245888 0.558156792939
39 200 23 1.584795 0.704530600659 0.384332363061 -0.101230620977 0.558540484159
39.1 200 23 1.655907 0.704237635443 0.384023170536 -0.0952671720041 0.558862348553
39.2 200 23 1.592516 0.703946188052 0.383715766157 -0.0893094789356 0.55912248464
39.3 200 23 1.575352 0.70365621041 0.383410126965 -0.0833581315909 0.559320987326
39.4 200 23 1.580101 0.703367648703 0.38310625739 -0.0774137268685 0.559457960717
39.5 200 23 1.564588 0.703080445662 0.382804120339 -0.071476875115 0.559533508624
39.6 200 23 1.570562 0.702794569263 0.3825037059 -0.0655481765678 0.559547738229
39.7 200 23 1.583399 0.702509958116 0.382204976344 -0.0596282646803 0.559500771677
39.8 200 23 1.552575 0.702226570063 0.381907953592 -0.0537177555996 0.559392738204
39.9 200 23 1.559621 0.701944357243 0.381612645172 -0.0478172823044 0.559223778697
40 200 23 1.597661 0.701663281664 0.381318954168 -0.0419274848046 0.558994028868
40.1 200 23 1.567872 0.701383294767 0.381026950423 -0.036049002597 0.558703658853
40.2 200 23 1.597528 0.701104369974 0.380736522096 -0.0301824824503 0.558352827333
40.3 200 23 1.587309 0.700826458042 0.380447785001 -0.0243285719375 0.557941731237
40.4 200 23 1.574173 0.700549524668 0.380160697728 -0.0184879283045 0.557470564972
40.5 200 23 1.53842 0.700273547145 0.379875226462 -0.0126612021133 0.556939534213
40.6 200 23 1.530256 0.699998518841 0.379591227316 -0.00684904751698 0.556348850828
40.7 200 23 1.616455 0.699724387387 0.379308900014 -0.00105211894228 0.555698776888
40.8 200 23 1.570665 0.699451159812 0.379028080139 0.00472893919269 0.554989550314
40.9 200 23 1.543004 0.69917881955 0.378748801493 0.0104934708889 0.554221439763
41 200 23 1.55963 0.698907351756 0.378471087906 0.0162408383086 0.553394737181
41.1 200 23 1.590075 0.698636750511 0.378194930195 0.0219703998772 0.552509741367
41.2 200 23 1.598524 0.698367010326 0.377920327642 0.0276815236001 0.551566766113
41.3 200 23 1.662804 0.698098140839 0.377647211484 0.0333735800402 0.550566135511
41.4 200 23 1.666323 0.697830151803 0.377375552991 0.0390459519883 0.549508187184
41.5 200 23 1.73835 0.697563041149 0.377105437114 0.0446980307481 0.548393289077
41.6 200 23 1.736219 0.697296835228 0.37683679418 0.0503292055813 0.547221817177
41.7 200 23 1.758981 0.697031560208 0.376569539769 0.0559389024202 0.54599413131
41.8 200 23 1.742283 0.696767232264 0.376303732849 0.0615265455098 0.544710622538
41.9 200 23 1.747252 0.696503856577 0.376039435116 0.0670915766869 0.543371702137
42 200 23 1.754171 0.696241469106 0.375776609401 0.0726334397796 0.541977773755
42.1 200 23 1.729773 0.695980117042 0.375515223207 0.0781515903244 0.540529251068
42.2 200 23 1.668545 0.695719806096 0.375255326268 0.0836455260202 0.53902655531
42.3 200 23 1.648223 0.695460579886 0.374996878754 0.0891147288459 0.537470119014
42.4 200 23 1.649957 0.695202459917 0.374739855737 0.094558716561 0.535860369398
42.5 200 23 1.613957 0.694945491056 0.374484252025 0.0999770072203 0.534197746509
42.6 200 23 1.565231 0.694689716315 0.374230127559 0.105369125522 0.532482687353
42.7 200 23 1.586298 0.694435159986 0.373977425783 0.110734630154 0.530715635036
42.8 200 23 1.574877 0.694181855802 0.37372615712 0.116073080491 0.528897029266
42.9 200 23 1.352407 0.693929856789 0.373476397918 0.121384039737 0.527027312622
43 200 23 1.165631 0.693679177151 0.373228092273 0.126667108751 0.525106924924
43.1 200 23 1.187455 0.693429862957 0.372981238259 0.131921883603 0.523136300643
43.2 200 23 1.530726 0.693181920367 0.372735798501 0.137147985555 0.521115876423
43.3 200 23 1.214052 0.692935411423 0.372491880822 0.142345020225 0.519046076834
43.4 200 23 1.134558 0.692690349244 0.372249423545 0.147512628585 0.516927327986
43.5 200 23 1.135636 0.692446756212 0.372008497336 0.152650447136 0.51476005918
43.6 200 23 1.131086 0.692204646198 0.371768978504 0.157758126734 0.512544671566
43.7 200 23 1.130322 0.691964055585 0.37153098037 0.162835317985 0.510281580789
43.8 200 23 1.136313 0.691724997413 0.371294509304 0.167881681328 0.50797118902
43.9 200 23 1.133828 0.691487467666 0.371059478236 0.172896889131 0.505613896569
44 200 23 1.126785 0.691251491605 0.3708259241 0.177880610032 0.503210088904
44.1 200 23 1.121515 0.69101706836 0.370593946463 0.182832511553 0.500760163302
44.2 200 23 1.125686 0.690784209659 0.370363524643 0.187752269439 0.498264496726
44.3 200 23 1.129554 0.690552886219 0.370134501065 0.192639567947 0.495723457859
44.4 200 23 1.230844 0.690323115189 0.369907004262 0.197494076279 0.493137420183
44.5 200 23 1.161119 0.690094890842 0.369681135553 0.202315474875 0.490506755716
44.6 200 23 1.134752 0.689868197855 0.36945690151 0.207103433934 0.487831822007
44.7 200 23 1.133475 0.689643009502 0.369234157239 0.211857635845 0.485112980196
44.8 200 23 1.133535 0.689419311088 0.36901293097 0.216577755598 0.482350584536
44.9 200 23 1.246783 0.689197070982 0.368793136267 0.221263462774 0.479544991628
45 200 23 1.511209 0.688976277892 0.368574919271 0.225914417217 0.476696559891
45.1 200 23 1.502244 0.688756905757 0.368358339577 0.230530281194 0.473805640415
45.2 200 23 1.517078 0.688538916164 0.368143168946 0.235110722764 0.470872589604
45.3 200 23 1.525067 0.688322296305 0.367929830799 0.239655382037 0.467897764417
45.4 200 23 1.50258 0.688106991359 0.367717734072 0.244163934909 0.464881520163
45.5 200 23 1.512815 0.687892984009 0.367507404071 0.248636007166 0.46182423393
45.6 200 23 1.543848 0.687680232511 0.367298506803 0.253071261257 0.458726261599
45.7 200 23 1.532754 0.687468697674 0.367091057561 0.257469344842 0.455587979066
45.8 200 23 1.538224 0.687258341397 0.366885129606 0.261829888284 0.452409760113
45.9 200 23 1.526018 0.687049131837 0.366680533182 0.266152546884 0.4491919926
46 200 23 1.508441 0.686841030214 0.366477531699 0.270436942361 0.445935065748
46.1 200 23 1.521297 0.686634000899 0.36627603935 0.274682718058 0.442639377981
46.2 200 23 1.530554 0.686428002995 0.366075970543 0.278889513219 0.43930533813
46.3 200 23 1.499979 0.686223011382 0.365877443322 0.283056969723 0.435933367574
46.4 200 23 1.511657 0.68601899092 0.365680240541 0.28718473162 0.432523885716
46.5 200 23 1.496293 0.685815899173 0.365484611214 0.291272428166 0.429077332457
46.6 200 23 1.508475 0.685613712192 0.365290246153 0.29531971687 0.42559414601
46.7 200 23 1.472858 0.685412403656 0.365097329412 0.299326241604 0.42207478117
46.8 200 23 1.516889 0.685211937747 0.364905840101 0.3032916642 0.418519706514
46.9 200 23 1.494136 0.6850123008 0.364715738254 0.307215643571 0.414929386731
47 200 23 1.170766 0.684813469975 0.364527001936 0.311097844015 0.411304303389
47.1 200 23 1.167143 0.684615422877 0.364339618989 0.314937943943 0.407644949168
47.2 200 23 1.16387 0.68441814364 0.364153571314 0.318735627104 0.403951822991
47.3 200 23 1.156622 0.684221623514 0.363968856684 0.322490583731 0.400225427813
47.4 200 23 1.161854 0.684025848706 0.363785454221 0.32620251756 0.396466278491
47.5 200 23 1.177737 0.683830814539 0.363603333651 0.329871140452 0.392674893163
47.6 200 23 1.148981 0.683636515953 0.363422503051 0.333496175498 0.388851795826
47.7 200 23 1.148482 0.683442950438 0.363242973452 0.337077358613 0.38499751884
47.8 200 23 1.446839 0.683250119306 0.363064687159 0.340614434976 0.381112597272
47.9 200 23 1.508132 0.683058029104 0.362887657349 0.344107163258 0.377197568959
48 200 23 1.508688 0.682866686433 0.362711878115 0.347555312424 0.373252975253
48.1 200 23 1.155241 0.682676102814 0.362537334845 0.350958665088 0.369279358762
48.2 200 23 1.1476 0.682486291701 0.362363993206 0.354317014739 0.365277263697
48.3 200 23 1.151931 0.682297269162 0.362191880969 0.357630169472 0.361247230816
48.4 200 23 1.161897 0.682109049886 0.362020990181 0.360897948929 0.357189804062
48.5 200 23 1.156466 0.681921657161 0.36185131025 0.364120181076 0.353105520305
48.6 200 23 1.252475 0.681735105045 0.36168283469 0.367296707556 0.348994926996
48.7 200 23 1.540875 0.681549413603 0.361515541529 0.370427378335 0.344858563071
48.8 200 23 1.502421 0.681364606003 0.361349447799 0.373512055851 0.340696960288
48.9 200 23 1.52036 0.681180708904 0.361184540454 0.376550613443 0.336510644653
49 200 23 1.533934 0.680997742585 0.361020826759 0.379542931975 0.332300143258
49.1 200 23 1.526618 0.680815733748 0.360858315099 0.382488902769 0.328065971069
49.2 200 23 1.529213 0.680634698022 0.360696985716 0.38538842928 0.323808644135
49.3 200 23 1.532712 0.680454665804 0.360536834106 0.388241412135 0.319528666107
49.4 200 23 1.528995 0.680275647598 0.360377882292 0.391047769131 0.315226542901
49.5 200 23 1.502313 0.680097670655 0.360220111639 0.393807414836 0.310902764298
49.6 200 23 1.467815 0.679920757967 0.360063559489 0.396520268396 0.306557817155
49.7 200 23 1.402245 0.679744928219 0.359908227656 0.399186255877 0.302192185701
49.8 200 23 1.513422 0.679570201232 0.359754067151 0.401805309127 0.297806338725
49.9 200 23 1.514946 0.679396599464 0.35960108168 0.404377357191 0.293400738645
50 200 23 1.543432 0.679224126158 0.359449317415 0.4069023368 0.288975853788
50.1 200 23 1.546482 0.679052794886 0.359298734096 0.409380185046 0.284532141303
50.2 200 23 1.460838 0.678882615184 0.359149408741 0.411810835803 0.280070047101
50.3 200 23 1.152445 0.678713600864 0.359001291799 0.414194225738 0.275590014647
50.4 200 23 1.155242 0.678545746206 0.358854399821 0.41653028923 0.271092486825
50.5 200 23 1.219617 0.678379055025 0.358708730891 0.418818960396 0.266577902662
50.6 200 23 1.507803 0.678213523856 0.358564291105 0.421060172563 0.262046697021
50.7 200 23 1.453618 0.678049148628 0.358421080681 0.423253856737 0.257499301646
50.8 200 23 1.48532 0.677885934438 0.358279092457 0.425399937294 0.252936142163
50.9 200 23 1.317482 0.677723862806 0.358138336208 0.427498351682 0.248357657452
51 200 23 1.146589 0.677562920192 0.357998807133 0.42954901635 0.243764279713
51.1 200 23 1.143672 0.677403092086 0.357860513718 0.431551854674 0.239156427666
51.2 200 23 1.140785 0.677244359033 0.357723450964 0.4335067884 0.234534538681
51.3 200 23 1.131659 0.677086704247 0.357587606813 0.435413734735 0.229899042484
51.4 200 23 1.134896 0.676930103179 0.357452981761 0.437272613089 0.225250374465
51.5 200 23 1.136122 0.676774531597 0.35731959099 0.43908333909 0.220588972746
51.6 200 23 1.13019 0.676619963764 0.357187419699 0.440845828314 0.215915279384
51.7 200 23 1.147167 0.676466375559 0.357056451282 0.442559995306 0.211229736577
51.8 200 23 1.151115 0.676313739944 0.356926649248 0.444225754541 0.206532800579
51.9 200 23 1.148862 0.676162026092 0.356798012617 0.445843020263 0.201824929086
52 200 23 1.140738 0.676011199155 0.356670586664 0.44741171237 0.197106581024
52.1 200 23 1.125155 0.675861229244 0.356544336603 0.448931749947 0.192378224028
52.2 200 23 1.126898 0.675712083769 0.356419248903 0.450403055649 0.187640331353
52.3 200 23 1.13501 0.67556373659 0.356295283933 0.451825554875 0.18289338346
52.4 200 23 1.107576 0.675416153567 0.356172454207 0.453199177851 0.178137864916
52.5 200 23 1.106565 0.675269303384 0.356050706464 0.454523862503 0.173374267129
52.6 200 23 1.105895 0.675123144279 0.35593009201 0.455799551829 0.168603084211
52.7 200 23 1.095224 0.674977669232 0.355810582132 0.457026186135 0.163824820731
52.8 200 23 1.107272 0.674832819172 0.355692353797 0.458203721011 0.159039985276
52.9 200 23 1.130277 0.67468861869 0.355574834895 0.459332122965 0.154249098082
53 200 23 1.127017 0.674544988635 0.355458628527 0.460411357416 0.149452665029
53.1 200 23 1.130223 0.674401933697 0.355343467641 0.461441404668 0.144651216803
53.2 200 23 1.12563 0.674259436016 0.355229257902 0.462422255513 0.139845279098
53.3 200 23 1.113859 0.67411747483 0.355115977012 0.463353910125 0.135035384168
53.4 200 23 1.112299 0.673976033136 0.355003652629 0.464236377221 0.130222059956
53.5 200 23 1.108783 0.673835099399 0.354892194938 0.465069678168 0.125405838274
53.6 200 23 1.102602 0.673694655373 0.354781751304 0.465853839434 0.120587250613
53.7 200 23 1.108107 0.673554694496 0.354672188887 0.466588907308 0.115766831739
53.8 200 23 1.109396 0.6734152169 0.354563438537 0.467274937929 0.110945116184
53.9 200 23 1.108277 0.673276209735 0.354455636668 0.467911987859 0.106122634014
54 200 23 1.10686 0.673137661323 0.354348805779 0.468500132486 0.101299914123
54.1 200 23 1.103038 0.672999582306 0.354242854072 0.469039461411 0.0964774865098
54.2 200 23 1.129104 0.672861978738 0.354137704388 0.46953007503 0.0916558699979
54.3 200 23 1.13083 0.672724858545 0.354033382738 0.469972080938 0.0868355827559
54.4 200 23 1.123001 0.672588229213 0.353929874825 0.470365591034 0.0820171353303
54.5 200 23 1.119845 0.672452100046 0.353827186807 0.470710737873 0.0772010365331
54.6 200 23 1.115494 0.672316488695 0.353725304547 0.47100765545 0.0723877883344
54.7 200 23 1.121696 0.672181433295 0.353624208989 0.471256482129 0.0675778744622
54.8 200 23 1.112267 0.67204692133 0.353523908608 0.471457377958 0.0627717878487
54.9 200 23 1.111443 0.671912980914 0.35342438116 0.471610498891 0.0579700088832
55 200 23 1.109418 0.671779623656 0.353325636494 0.471716013594 0.0531730045383
55.1 200 23 1.109323 0.671646863045 0.353227700479 0.471774095495 0.0483812333672
55.2 200 23 1.104021 0.671514752477 0.35313050242 0.47178491193 0.0435951520092
55.3 200 23 1.099097 0.671383254246 0.35303414153 0.471748659189 0.0388151986059
55.4 200 23 1.097269 0.671252445214 0.352938530854 0.471665513482 0.0340418173502
55.5 200 23 1.098485 0.671122336183 0.352843702292 0.471535662693 0.0292754307631
55.6 200 23 1.115425 0.670992958408 0.352749622431 0.471359294684 0.024516458802
55.7 200 24 1.126771 0.670864344114 0.352656276771 0.471136600283 0.0197653205237
55.8 200 24 1.099114 0.670736488776 0.352563802082 0.470867769221 0.0150224047958
55.9 200 24 1.110084 0.670609428505 0.352472096711 0.470552999944 0.0102881079986
56 200 24 1.111739 0.670483172646 0.352381220132 0.470192479228 0.00556281474509
56.1 200 24 1.111177 0.670357757452 0.35229115173 0.469786394985 0.000846907366641
56.2 200 24 1.112895 0.670233215167 0.352201858103 0.469334938598 -0.0038592351398
56.3 200 24 1.108781 0.670109566775 0.352113344761 0.468838300033 -0.0085552459744
56.4 200 24 1.111437 0.669986802925 0.352025739748 0.468296647275 -0.0132407721632
56.5 200 24 1.106773 0.669864968299 0.351938916886 0.467710173259 -0.017915444459
56.6 200 24 1.107308 0.66974406045 0.351852912961 0.467079047648 -0.0225789075298
56.7 200 24 1.119003 0.669624103726 0.351767711468 0.466403443769 -0.0272308129374
56.8 200 24 1.12007 0.669505080521 0.35168354798 0.465683534209 -0.0318708197863
56.9 200 24 1.114458 0.669387013682 0.351600278154 0.464919473627 -0.0364985722828
57 200 24 1.120553 0.669269905312 0.351517904724 0.464111438471 -0.0411137266889
57.1 200 24 1.122613 0.669153802323 0.351436208663 0.463259600538 -0.0457159284366
57.2 200 24 1.123054 0.669038639806 0.351355579065 0.462364103891 -0.0503048449701
57.3 200 24 1.130487 0.668924445999 0.351275889409 0.461425111722 -0.0548801220991
57.4 200 24 1.124974 0.668811227543 0.351197038598 0.460442779258 -0.0594414109234
57.5 200 24 1.127772 0.668698948216 0.351119196131 0.459417255831 -0.0639883634512
57.6 200 24 1.124776 0.66858762385 0.351042250348 0.458348693062 -0.0685206288718
57.7 200 24 1.118602 0.66847723494 0.350966231165 0.457237243426 -0.073037845988
57.8 200 24 1.118725 0.668367770608 0.350891143646 0.456083056505 -0.0775396581911
57.9 200 24 1.11241 0.668259208872 0.350817050172 0.454886279264 -0.0820257038886
58 200 24 1.121794 0.668151536094 0.350743907336 0.453647067179 -0.0864956182358
58.1 200 24 1.1091 0.66804474242 0.350671695851 0.452365574249 -0.0909490296927
58.2 200 24 1.107067 0.667938795747 0.350600436644 0.451041955876 -0.095385564221
58.3 200 24 1.102279 0.667833688485 0.35053011492 0.449676373984 -0.0998048594186
58.4 200 24 1.11018 0.667729386198 0.350460783523 0.448268993827 -0.104206515563
58.5 200 24 1.101564 0.667625862808 0.350392334509 0.446819973656 -0.108590157335
58.6 200 24 1.093578 0.6675231149 0.350324755578 0.445329480898 -0.112955393519
58.7 200 24 1.108185 0.66742109891 0.350258072571 0.443797703248 -0.117301833623
58.8 200 24 1.100068 0.66731977506 0.350192393873 0.442224820229 -0.121629088468
58.9 200 24 1.100715 0.6672191253 0.35012767306 0.440611026534 -0.125936757282
59 200 24 1.107262 0.667119131535 0.350063948267 0.438956516639 -0.130224445718
59.1 200 24 1.103546 0.667019766666 0.350001035552 0.43726149012 -0.134491750316
59.2 200 24 1.104762 0.666921001583 0.349938930577 0.435526161962 -0.138738276948
59.3 200 24 1.100261 0.666822803546 0.349877738388 0.433750758452 -0.142963625597
59.4 200 24 1.093133 0.66672516008 0.349817356765 0.43193550545 -0.147167394468
59.5 200 24 1.095541 0.666628034888 0.349758041397 0.430080638154 -0.151349182707
59.6 200 24 1.095447 0.66653143027 0.349699543136 0.428186400887 -0.155508593111
59.7 200 24 1.09836 0.666435329391 0.349641630015 0.426253044539 -0.159645230163
59.8 200 24 1.106054 0.666339698487 0.349584624372 0.424280829747 -0.163758702011
59.9 200 24 1.105265 0.666244524154 0.349528420315 0.422270034943 -0.167848618883
60 200 24 1.107158 0.666149793048 0.349472930182 0.420220927434 -0.171914593702
60.1 200 24 1.109321 0.666055489673 0.349418313188 0.418133798428 -0.175956250704
60.2 200 24 1.118086 0.665961612868 0.349364438689 0.416008946505 -0.179973214118
60.3 200 24 1.115024 0.665868151905 0.349311248697 0.413846666894 -0.183965117651
60.4 200 24 1.119023 0.665775101226 0.349258787976 0.411647273465 -0.187931595799
60.5 200 24 1.122538 0.665682441121 0.349206996079 0.409411080591 -0.191872297173
60.6 200 24 1.115512 0.665590179736 0.349155918958 0.407138417129 -0.195786858421
60.7 200 24 1.116186 0.665498324906 0.349105479192 0.404829595684 -0.199674955305
60.8 200 24 1.114095 0.665406868984 0.349055667351 0.402484951017 -0.203536252567
60.9 200 24 1.116597 0.665315796447 0.3490066342 0.400104831978 -0.207370415053
61 200 24 1.119415 0.665225143593 0.348958340413 0.397689555186 -0.211177135956
61.1 200 24 1.119245 0.665134906198 0.348910629609 0.395239472729 -0.214956100992
61.2 200 24 1.113385 0.665045071811 0.348863612377 0.39275493746 -0.218707003573
61.3 200 24 1.116773 0.664955670604 0.34881698832 0.390236296 -0.222429562305
61.4 200 24 1.110716 0.664866710502 0.348771118089 0.38768389567 -0.226123487893
61.5 200 24 1.112871 0.664778201893 0.348725910747 0.38509806593 -0.229788505113
61.6 200 24 1.114095 0.664690150755 0.348680921553 0.382479188662 -0.233424343147
61.7 200 24 1.123442 0.664602568882 0.348636711251 0.379827596679 -0.237030747466
61.8 200 24 1.116601 0.664515459118 0.3485932112 0.377143639971 -0.240607458946
61.9 200 24 1.113509 0.664428834952 0.348550368751 0.374427674499 -0.244154228453
62 200 24 1.112484 0.664342703804 0.348508170324 0.371680042369 -0.24767082847
62.1 200 24 1.113507 0.664257083071 0.348466571017 0.368901089277 -0.251157010564
62.2 200 24 1.106781 0.664171990751 0.34842550567 0.366091161168 -0.254612552907
62.3 200 24 1.103867 0.664087430302 0.348385041372 0.363250586951 -0.258037236845
62.4 200 24 1.109863 0.664003415628 0.348345202852 0.360379707162 -0.261430836747
62.5 200 24 1.116295 0.66391996004 0.348306017049 0.357478850743 -0.264793142046
62.6 200 24 1.125268 0.66383707245 0.348267449964 0.354548350535 -0.26812394199
62.7 200 24 1.106343 0.663754757623 0.34822944594 0.351588540726 -0.271423022209
62.8 200 24 1.110809 0.663673027165 0.34819213441 0.348599739879 -0.274690179077
62.9 200 24 1.117641 0.663591890145 0.348155484598 0.345582274867 -0.277925204768
63 200 24 1.113355 0.663511347232 0.348119423332 0.342536466729 -0.281127903035
63.1 200 24 1.112483 0.663431396164 0.348084009998 0.339462634852 -0.284298064574
63.2 200 24 1.117348 0.663352058173 0.348049315077 0.336361081156 -0.287435496618
63.3 200 24 1.115963 0.663273318881 0.348015252761 0.333232133848 -0.290539988493
63.4 200 24 1.121029 0.663195176357 0.347981863879 0.330076106633 -0.293611346374
63.5 200 24 1.107143 0.663117628851 0.347949144244 0.326893304249 -0.296649367209
63.6 200 24 1.114096 0.66304067606 0.347917109332 0.323684043994 -0.299653853085
63.7 200 24 1.116521 0.662964311547 0.347885772598 0.320448633584 -0.302624595607
63.8 200 24 1.116854 0.662888529655 0.347855100679 0.31718738715 -0.305561388599
63.9 200 24 1.114556 0.66281330548 0.347825153477 0.313900626057 -0.308464035087
64 200 24 1.10888 0.662738643675 0.347795896463 0.31058864758 -0.31133232233
64.1 200 24 1.114317 0.662664524037 0.347767331709 0.307251782198 -0.314166040645
64.2 200 24 1.123119 0.662590939105 0.347739495957 0.30389034351 -0.316964993605
64.3 200 24 1.117634 0.662517884715 0.347712318744 0.300504656958 -0.319728963327
64.4 200 24 1.121933 0.662445313886 0.347685866224 0.297095040176 -0.322457738347
64.5 200 24 1.11355 0.662373240459 0.347660143216 0.293661833092 -0.325151116769
64.6 200 24 1.120429 0.662301639411 0.347635109816 0.29020536144 -0.327808885399
64.7 200 24 1.122939 0.662230478772 0.347610779894 0.286725958687 -0.330430837228
64.8 200 24 1.11389 0.662159751634 0.347587127318 0.283223974549 -0.333016766049
64.9 200 24 1.110176 0.662089431614 0.347564183446 0.279699750885 -0.335566464559
65 200 24 1.115843 0.662019510229 0.347541897267 0.276153643107 -0.338079725417
65.1 200 24 1.116342 0.661949952347 0.347520315082 0.272586004116 -0.340556347613
65.2 200 24 1.118652 0.661880748049 0.347499410421 0.268997198722 -0.342996129704
65.3 200 24 1.117745 0.661811882636 0.347479142427 0.265387595967 -0.345398873459
65.4 200 24 1.121516 0.661743342934 0.347459512408 0.261757563998 -0.347764383001
65.5 200 24 1.11134 0.661675084699 0.347440549872 0.258107486193 -0.350092476464
65.6 200 24 1.122261 0.661607103283 0.347422229453 0.254437746306 -0.352382965642
65.7 200 24 1.113891 0.661539405253 0.34740449212 0.250748729822 -0.354635670006
65.8 200 24 1.109287 0.66147194894 0.34738734019 0.247040831554 -0.356850413581
65.9 200 24 1.100157 0.661404725734 0.347370783569 0.243314453087 -0.359027030874
66 200 24 1.10828 0.661337733951 0.347354808806 0.239569993241 -0.361165358319
66.1 200 24 1.111436 0.661270958854 0.347339393074 0.235807861634 -0.363265240263
66.2 200 24 1.107969 0.661204379507 0.347324505129 0.232028471035 -0.365326531912
66.3 200 24 1.1098 0.661137997145 0.347310159942 0.228232229566 -0.367349090157
66.4 200 24 1.108629 0.661071809635 0.347296283661 0.2244195556 -0.369332784579
66.5 200 24 1.113583 0.661005783092 0.347282969357 0.220590862559 -0.371277491418
66.6 200 24 1.116993 0.66093993341 0.347270130908 0.216746573636 -0.373183098713
66.7 200 24 1.126701 0.66087424815 0.347257983862 0.212887101873 -0.375049499924
66.8 200 24 1.122827 0.660808759707 0.34724597722 0.209012867413 -0.37687656528
66.9 200 24 1.116364 0.660743440249 0.347234625296 0.205124295796 -0.378664238916
67 200 24 1.106539 0.660678335883 0.347223292885 0.201221823381 -0.380412404803
67.1 200 24 1.103269 0.660613399712 0.34721276098 0.197305835225 -0.382121009795
67.2 200 24 1.110315 0.660548667998 0.347202710637 0.193376745773 -0.383789981431
67.3 200 24 1.108714 0.660484163513 0.347192705107 0.189435016014 -0.385419243269
67.4 200 24 1.111455 0.660419895654 0.34718307909 0.185481021259 -0.387008739087
67.5 200 24 1.107934 0.660355838579 0.34717406401 0.181515165979 -0.388558434397
67.6 200 24 1.112237 0.660292037354 0.347165296933 0.17753786696 -0.390068268178
67.7 200 24 1.105519 0.66022851569 0.347156807555 0.173549519661 -0.39153822047
67.8 200 24 1.102152 0.660165280091 0.347148474672 0.16955053969 -0.392968244688
67.9 200 24 1.109303 0.660102353794 0.347140419697 0.165541310521 -0.394358326001
68 200 24 1.110263 0.660039727939 0.347132844065 0.161522205745 -0.395708436746
68.1 200 24 1.112705 0.659977438618 0.347125556361 0.157493630327 -0.397018566071
68.2 200 24 1.114952 0.65991550597 0.347118598817 0.153455948875 -0.398288694956
68.3 200 24 1.109577 0.659853935822 0.347111844512 0.149409558377 -0.399518811169
68.4 200 24 1.100676 0.659792754744 0.34710548213 0.145354810531 -0.400708907851
68.5 200 24 1.098387 0.659731955523 0.347099598514 0.141292070585 -0.401858975314
68.6 200 24 1.110463 0.659671595078 0.347093898386 0.137221714964 -0.40296901818
68.7 200 24 1.107436 0.659611672642 0.347088420217 0.133144094145 -0.404039015327
68.8 200 24 1.103726 0.659552191381 0.34708325284 0.129059568771 -0.405068970248
68.9 200 24 1.105331 0.65949317864 0.347078451619 0.124968477546 -0.406058871001
69 200 24 1.11183 0.65943463589 0.347074006206 0.120871181311 -0.407008726949
69.1 200 24 1.107434 0.659376608142 0.347069751281 0.116768024481 -0.407918535246
69.2 200 24 1.109831 0.659319072939 0.34706585636 0.112659347526 -0.408788274595
69.3 200 24 1.103865 0.659262034406 0.347062348655 0.108545491935 -0.409617945728
69.4 200 24 1.106558 0.659205515864 0.347059092928 0.104426796485 -0.410407548302
69.5 200 24 1.10412 0.659149511389 0.34705614703 0.100303605556 -0.411157073658
69.6 200 24 1.103838 0.659094021356 0.347053622103 0.0961762512509 -0.411866512661
69.7 200 24 1.096397 0.659039039686 0.347051471324 0.0920450770025 -0.412535853855
69.8 200 24 1.100564 0.658984586897 0.347049697113 0.0879104108572 -0.413165080218
69.9 200 24 1.102657 0.658930639883 0.347048286826 0.0837726017623 -0.413754182008
70 200 24 1.106379 0.658877213919 0.347047229506 0.079631985711 -0.414303143589
70.1 200 24 1.111987 0.658824277953 0.347046588669 0.0754889139475 -0.414811945699
70.2 200 24 1.104407 0.658771842349 0.347046324543 0.0713437188706 -0.415280579449
70.3 200 24 1.102122 0.658719888509 0.347046495041 0.0671967561399 -0.415709019393
70.4 200 24 1.097283 0.658668400035 0.347047104996 0.0630483737023 -0.416097253899
70.5 200 24 1.108281 0.658617363649 0.347048129961 0.0588989267343 -0.416445267786
70.6 200 24 1.107769 0.658566766269 0.347049600953 0.0547487715346 -0.416753038016
70.7 200 24 1.109406 0.658516595989 0.347051519871 0.050598272794 -0.41702055113
70.8 200 24 1.117626 0.658466837627 0.347053886775 0.0464477956697 -0.417247792748
70.9 200 24 1.106977 0.658417464862 0.347056718189 0.0422977074009 -0.417434755817
71 200 24 1.110653 0.658368460969 0.34706001361 0.0381483847343 -0.417581426693
71.1 200 24 1.10487 0.658319806819 0.34706377485 0.0340002074308 -0.417687802152
71.2 200 24 1.105261 0.658271483849 0.347068005768 0.0298535534138 -0.417753876062
71.3 200 24 1.117779 0.658223471376 0.347072704688 0.0257088098636 -0.417779652067
71.4 200 24 1.118928 0.658175747527 0.347077879305 0.0215663660097 -0.417765135014
71.5 200 24 1.120868 0.658128292543 0.347083527892 0.0174266197589 -0.417710338734
71.6 200 24 1.115352 0.658081088665 0.347089635848 0.0132899688227 -0.417615284755
71.7 200 24 1.11485 0.658034106384 0.347096243625 0.00915681518401 -0.417479988166
71.8 200 24 1.120006 0.657987320306 0.347103318319 0.00502755640457 -0.417304477973
71.9 200 24 1.113493 0.657940719014 0.34711085339 0.000902599291281 -0.417088795529
72 200 24 1.11975 0.657894283594 0.347118862038 -0.00321764245929 -0.416832975859
72.1 200 24 1.107023 0.657848005499 0.34712728985 -0.00733274866473 -0.416537069442
72.2 200 24 1.10516 0.657801870471 0.347136101454 -0.0114423163771 -0.416201130324
72.3 200 24 1.10705 0.657755840185 0.34714544921 -0.0155459396745 -0.415825237607
72.4 200 24 1.107375 0.657709920804 0.347155135137 -0.0196431929609 -0.415409452585
72.5 200 24 1.112215 0.657664075969 0.347165335006 -0.0237336676452 -0.41495385958
72.6 200 24 1.115323 0.657618313605 0.347175913553 -0.027816948222 -0.414458549484
72.7 200 24 1.109563 0.657572621451 0.347186872062 -0.0318926290649 -0.413923619767
72.8 200 24 1.111882 0.657526975728 0.347198364745 -0.0359602972753 -0.413349176917
72.9 200 24 1.105502 0.657481400862 0.347210111183 -0.0400195413833 -0.412735331608
73 200 24 1.104729 0.65743586364 0.347222294156 -0.0440699597736 -0.412082208043
73.1 200 24 1.111922 0.657390383967 0.347234791817 -0.0481111417404 -0.411389927552
73.2 200 24 1.125524 0.657344954306 0.347247621005 -0.0521427010173 -0.410658630814
73.3 200 24 1.12337 0.657299559837 0.34726091166 -0.0561642403853 -0.409888463533
73.4 200 24 1.117189 0.657254212898 0.34727458735 -0.0601753670465 -0.409079570324
73.5 200 24 1.112507 0.657208925081 0.347288515564 -0.0641756911786 -0.408232104835
73.6 200 24 1.103136 0.657163698712 0.347302738203 -0.0681648409525 -0.407346227747
73.7 200 24 1.103861 0.657118535631 0.347317245825 -0.0721424409181 -0.406422108117
73.8 200 24 1.101571 0.657073467903 0.347331847234 -0.0761081095429 -0.405459910651
73.9 200 24 1.111474 0.657028476834 0.347346884244 -0.0800614980906 -0.404459814079
74 200 24 1.101574 0.656983560809 0.347362482324 -0.0840022466418 -0.403422005173
74.1 200 24 1.106232 0.656938767312 0.347378282413 -0.0879299987586 -0.402346654814
74.2 200 24 1.105975 0.656894122083 0.347394082858 -0.0918444065563 -0.401233945634
74.3 200 24 1.103424 0.656849630401 0.347410016166 -0.0957451305777 -0.400084068598
74.4 200 24 1.102088 0.656805292702 0.347426394232 -0.0996318320008 -0.398897220041
74.5 200 24 1.113397 0.6567611392 0.347442961099 -0.103504186987 -0.397673582412
74.6 200 24 1.335343 0.656717176405 0.347459845323 -0.107361869475 -0.396413351529
74.7 200 24 1.480695 0.656673446286 0.347476689481 -0.111204553169 -0.395116720424
74.8 200 24 1.483215 0.656629942195 0.347493816706 -0.115031930542 -0.393783885832
74.9 200 24 1.48944 0.656586699631 0.347510915149 -0.118843685205 -0.392415037075
75 200 24 1.478443 0.656543708105 0.347528479478 -0.122639519519 -0.391010375149
75.1 200 24 1.481658 0.656500988367 0.347546389614 -0.126419126932 -0.389570089891
75.2 200 24 1.344143 0.656458566506 0.347564602911 -0.13018221021 -0.388094378826
75.3 200 24 1.080183 0.656416465322 0.347582721905 -0.133928472478 -0.386583429379
75.4 200 24 1.088473 0.656374694796 0.347600967891 -0.137657620843 -0.385037441117
75.5 200 24 1.084302 0.656333257526 0.347619644062 -0.141369371282 -0.383456604191
75.6 200 24 1.082403 0.656292167315 0.347638695372 -0.145063434857 -0.381841101357
75.7 200 24 1.078939 0.656251430207 0.347657791122 -0.148739523516 -0.380191119883
75.8 200 24 1.085687 0.656211065247 0.347677152048 -0.152397355539 -0.378506855628
75.9 200 24 1.085186 0.656171096876 0.347696348267 -0.15603664238 -0.376788497601
76 200 24 1.11096 0.656131498499 0.347716024732 -0.159657106784 -0.375036230144
76.1 200 24 1.109111 0.656092278178 0.347735800969 -0.16325846352 -0.373250237134
76.2 200 24 1.09361 0.656053436623 0.347756232925 -0.166840436153 -0.371430713359
76.3 200 24 1.090273 0.656014994081 0.347776565389 -0.170402735529 -0.36957784619
76.4 200 24 1.083469 0.655976950165 0.347796997825 -0.173945079918 -0.367691825625
76.5 200 24 1.091792 0.655939271131 0.347817805725 -0.177467186371 -0.365772827126
76.6 200 24 1.102525 0.655901937683 0.347838486349 -0.180968764724 -0.363821036807
76.7 200 24 1.103334 0.655865014833 0.347859343973 -0.184449532953 -0.361836673887
76.8 200 24 1.089755 0.655828420391 0.347881021794 -0.187909217808 -0.359819914095
76.9 200 24 1.084942 0.655792153454 0.34790287054 -0.191347516378 -0.35777094279
77 200 24 1.091954 0.655756203819 0.347924746954 -0.194764137471 -0.355689951819
77.1 200 24 1.085239 0.655720585837 0.347947269235 -0.198158801011 -0.353577165736
77.2 200 24 1.091476 0.655685245488 0.347969876907 -0.201531203305 -0.351432766058
77.3 200 24 1.107026 0.655650188495 0.347992466719 -0.204881048366 -0.349256971402
77.4 200 25 1.108211 0.65561538707 0.348015351802 -0.208208047749 -0.347049990929
77.5 200 25 1.112835 0.655580832045 0.348038845002 -0.211511920118 -0.344812039387
77.6 200 25 1.110511 0.655546504456 0.348062645355 -0.214792365528 -0.342543335087
77.7 200 25 1.113487 0.655512376866 0.348086738216 -0.218049089255 -0.340244097405
77.8 200 25 1.105096 0.655478455099 0.34811112204 -0.221281809724 -0.337914553555
77.9 200 25 1.298544 0.655444696965 0.348135908867 -0.224490225051 -0.335554929915
78 200 25 1.489415 0.655411081152 0.348161020396 -0.227674043309 -0.333165469889
78.1 200 25 1.492258 0.655377596441 0.348186423982 -0.230832977619 -0.330746420827
78.2 200 25 1.484758 0.655344197697 0.348212128312 -0.233966729853 -0.328298023786
78.3 200 25 1.488385 0.655310931067 0.348238164891 -0.237075045648 -0.325820541616
78.4 200 25 1.455067 0.655277730515 0.348264512415 -0.240157623807 -0.323314228665
78.5 200 25 1.10836 0.655244600863 0.348291086284 -0.243214184561 -0.320779361722
78.6 200 25 1.122635 0.655211508084 0.348318079092 -0.246244452935 -0.318216175388
78.7 200 25 1.127237 0.655178458247 0.348345299954 -0.249248157062 -0.315624977519
78.8 200 25 1.115805 0.655145429116 0.348373088208 -0.252225025764 -0.31300604119
78.9 200 25 1.104191 0.655112411918 0.348400834651 -0.255174789979 -0.310359630435
79 200 25 1.113052 0.655079391572 0.348428991317 -0.258097193435 -0.307686037469
79.1 200 25 1.108759 0.655046365296 0.34845743261 -0.260991978707 -0.30498555212
79.2 200 25 1.118609 0.655013327535 0.348486132501 -0.263858903379 -0.302258472967
79.3 200 25 1.13461 0.654980273087 0.348515030889 -0.266697722057 -0.299505103902
79.4 200 25 1.140068 0.654947194567 0.348544126449 -0.269508198205 -0.296725744332
79.5 200 25 1.115808 0.654914084203 0.34857358762 -0.272290088133 -0.293920686598
79.6 200 25 1.114699 0.654880947118 0.348603244724 -0.275043162122 -0.291090245719
79.7 200 25 1.106034 0.654847788659 0.348633063761 -0.277767205168 -0.288234718849
79.8 200 25 1.123696 0.654814609353 0.348663103604 -0.28046199702 -0.285354432437
79.9 200 25 1.293808 0.654781417353 0.348693436972 -0.283127314358 -0.282449682147
80 200 25 1.506906 0.654748220459 0.348723916734 -0.28576296616 -0.279520786985
80.1 200 25 1.496427 0.654715017955 0.348754625527 -0.288368751591 -0.276568061971
80.2 200 25 1.190025 0.654681820498 0.348785505615 -0.290944470558 -0.273591815525
80.3 200 25 1.106317 0.654648652985 0.348816552731 -0.293489926595 -0.270592367507
80.4 200 25 1.117999 0.654615506549 0.34884774637 -0.2960049467 -0.267570036189
80.5 200 25 1.13063 0.654582400017 0.348879166739 -0.298489346355 -0.264525110546
80.6 200 25 1.137594 0.654549335785 0.348910593446 -0.300942958167 -0.261457914591
80.7 200 25 1.121943 0.654516331969 0.348941997495 -0.303365592762 -0.258368753291
80.8 200 25 1.109086 0.654483415419 0.348973708526 -0.305757091077 -0.255257942762
80.9 200 25 1.117654 0.654450594789 0.349005261532 -0.308117269471 -0.252125775403
81 200 25 1.099251 0.654417893016 0.3490370158 -0.31044597435 -0.248972577049
81.1 200 25 1.105084 0.654385312688 0.349068794371 -0.312743058037 -0.245798633396
81.2 200 25 1.115441 0.65435288367 0.349100765393 -0.315008352634 -0.242604248365
81.3 200 25 1.131333 0.654320614199 0.349132867718 -0.317241699976 -0.239389734162
81.4 200 25 1.133038 0.654288519817 0.349164558362 -0.319442942814 -0.236155373219
81.5 200 25 1.130812 0.654256604675 0.349196542859 -0.321611952252 -0.232901479368
81.6 200 25 1.127518 0.654224890938 0.349228388563 -0.323748559717 -0.229628344028
81.7 200 25 1.119707 0.654193379151 0.349260510899 -0.325852619937 -0.226336270966
81.8 200 25 1.129799 0.65416210152 0.349292498048 -0.327923959207 -0.223025549507
81.9 200 25 1.123462 0.654131047915 0.349324324591 -0.329962455797 -0.219696473613
82 200 25 1.124353 0.654100229959 0.349356399349 -0.331967946 -0.21634934812
82.1 200 25 1.121658 0.654069652598 0.349388267315 -0.333940287421 -0.212984461405
82.2 200 25 1.126703 0.65403933453 0.349419849663 -0.335879325064 -0.209602105606
82.3 200 25 1.11877 0.654009264594 0.349451894834 -0.337784917917 -0.206202593315
82.4 200 25 1.126135 0.653979464081 0.349483563459 -0.339656897635 -0.202786209165
82.5 200 25 1.129296 0.653949913828 0.349515414744 -0.341495130789 -0.199353258899
82.6 200 25 1.132233 0.653920620761 0.349547223674 -0.343299460389 -0.195904043951
82.7 200 25 1.121318 0.653891579474 0.349579257063 -0.345069737697 -0.192438872124
82.8 200 25 1.127434 0.65386279587 0.349610988704 -0.346805807085 -0.188958034612
82.9 200 25 1.111941 0.653834247203 0.349643036427 -0.348507532075 -0.185461858728
83 200 25 1.110157 0.653805935964 0.349674898368 -0.350174749553 -0.181950643254
83.1 200 25 1.121524 0.653777858071 0.349706843094 -0.351807316776 -0.1784247084
83.2 200 25 1.119153 0.653749996663 0.349738828605 -0.353405088212 -0.174884371301
83.3 200 25 1.125982 0.653722340918 0.349770813878 -0.35496791186 -0.171329956094
83.4 200 25 1.119536 0.653694879585 0.349802905624 -0.356495645611 -0.167761785856
83.5 200 25 1.115282 0.653667598148 0.349835031806 -0.357988139493 -0.164180194962
83.6 200 25 1.11483 0.653640489458 0.34986726906 -0.359445264339 -0.160585531833
83.7 200 25 1.117928 0.653613536645 0.349899654077 -0.360866874041 -0.156978120082
83.8 200 25 1.117289 0.653586715067 0.349932060143 -0.362252826311 -0.153358306002
83.9 200 25 1.121188 0.653560012174 0.349964622639 -0.363602987324 -0.149726436841
84 200 25 1.123768 0.653533406772 0.349997240409 -0.364917234618 -0.14608286602
84.1 200 25 1.110603 0.65350689185 0.350029972793 -0.366195431121 -0.14242795056
84.2 200 25 1.105693 0.653480448809 0.350062868436 -0.367437468423 -0.138762049501
84.3 200 25 1.114071 0.653454051616 0.350095967599 -0.368643218206 -0.135085529853
84.4 200 25 1.10532 0.653427700163 0.350129141614 -0.369812570221 -0.131398762099
84.5 200 25 1.10623 0.653401375643 0.350162452951 -0.370945416787 -0.127702117548
84.6 200 25 1.117915 0.653375057417 0.350195896669 -0.372041657291 -0.123995975504
84.7 200 25 1.11544 0.653348740242 0.350229520122 -0.373101201393 -0.120280708089
84.8 200 25 1.102634 0.653322399996 0.350263227543 -0.374123959583 -0.116556704044
84.9 200 25 1.103754 0.653296024965 0.350297140862 -0.375109846785 -0.112824354397
85 200 25 1.104817 0.653269603515 0.350331347948 -0.376058794142 -0.109084037998
85.1 200 25 1.09995 0.653243144392 0.350365642563 -0.376970728147 -0.105336131861
85.2 200 25 1.107466 0.653216623063 0.350400205617 -0.377845590283 -0.101581033882
85.3 200 25 1.113381 0.653190035783 0.350434737129 -0.378683313311 -0.0978191421427
85.4 200 25 1.103801 0.653163394173 0.35046933879 -0.379483858318 -0.094050846217
85.5 200 25 1.099914 0.653136673529 0.350504335767 -0.380247187959 -0.0902765340983
85.6 200 25 1.107695 0.653109878611 0.350539635696 -0.380973270493 -0.0864965957198
85.7 200 25 1.120141 0.653083021654 0.350574971065 -0.381662081899 -0.0827114233548
85.8 200 25 1.110567 0.653056091175 0.350610573716 -0.382313596725 -0.0789214109757
85.9 200 25 1.115459 0.653029102188 0.350646286356 -0.382927814349 -0.075126940093
86 200 25 1.121485 0.653002052206 0.350682381361 -0.38350471415 -0.0713283943419
86.1 200 25 1.108047 0.652974964966 0.350718452889 -0.384044304103 -0.0675261559352
86.2 200 25 1.094995 0.652947837993 0.35075482685 -0.384546583925 -0.0637206051018
86.3 200 25 1.099176 0.652920671864 0.350791315281 -0.385011566964 -0.0599121226618
86.4 200 25 1.093578 0.652893498679 0.350828042239 -0.385439277177 -0.0561010760736
86.5 200 25 1.098977 0.652866320679 0.350865007196 -0.38582973557 -0.0522878523321
86.6 200 25 1.098085 0.652839168628 0.350902012648 -0.386182968229 -0.0484727999194
86.7 200 25 1.105562 0.65281205007 0.350939179923 -0.386499006899 -0.0446562972353
86.8 200 25 1.102985 0.652784951843 0.350976626282 -0.386777880633 -0.0408386958817
86.9 200 25 1.083167 0.65275791998 0.351014234847 -0.387019635677 -0.0370203485045
87 200 25 1.079214 0.652730979331 0.351051803096 -0.38722431834 -0.0332016189902
87.1 200 25 1.075225 0.652704137978 0.351089632411 -0.387391971252 -0.029382855779
87.2 200 25 1.081762 0.652677429537 0.351127464969 -0.387522629157 -0.0255644021402
87.3 200 25 1.087817 0.652650836407 0.351165409313 -0.387616362578 -0.0217465986048
87.4 200 25 1.093176 0.652624421043 0.351203374567 -0.387673210092 -0.017929781209
87.5 200 25 1.087345 0.652598169112 0.351241768497 -0.387693236809 -0.0141142830358
87.6 200 25 1.080596 0.652572110723 0.351280015563 -0.387676487704 -0.0103004332033
87.7 200 25 1.081025 0.652546241427 0.351318628927 -0.387623015904 -0.00648856155377
87.8 200 25 1.072531 0.652520612192 0.35135712676 -0.387532882565 -0.00267899040223
87.9 200 25 1.076316 0.652495225488 0.351395815313 -0.38740613559 0.00112796143335
88 200 25 1.085664 0.65247012544 0.35143437363 -0.387242836813 0.00493196285956
88.1 200 25 1.092822 0.652445290428 0.351473163545 -0.387043040582 0.00873270773564
88.2 200 25 1.080833 0.652420747804 0.351512005226 -0.386806800392 0.012529873665
88.3 200 25 1.07404 0.652396511825 0.35155096773 -0.386534171025 0.0163231391355
88.4 200 25 1.07081 0.652372608382 0.351589730336 -0.386225210615 0.0201121925544
88.5 200 25 1.073508 0.652349015917 0.351628659795 -0.38587998084 0.0238967297862
88.6 200 25 1.073316 0.652325754504 0.351667805135 -0.385498526772 0.0276764194364
88.7 200 25 1.081884 0.652302831775 0.351707217997 -0.38508089696 0.031450958205
88.8 200 25 1.085172 0.652280263954 0.351746516756 -0.384627162563 0.0352200332082
88.9 200 25 1.086215 0.652258044495 0.351785808993 -0.384137384149 0.0389833323333
89 200 25 1.07487 0.652236187942 0.351825130181 -0.383611603632 0.0427405382951
89.1 200 25 1.073786 0.65221467404 0.351864587374 -0.383049878625 0.0464913323572
89.2 200 25 1.070082 0.652193501289 0.351904071853 -0.382452268196 0.0502353900348
89.3 200 25 1.079559 0.652172679149 0.351943673377 -0.381818835378 0.0539724065023
89.4 200 25 1.085305 0.652152185113 0.351983412843 -0.381149630509 0.0577020441413
89.5 200 25 1.082496 0.65213202839 0.352023174246 -0.38044472447 0.0614239912444
89.6 200 25 1.084756 0.652112198141 0.352062910284 -0.379704178989 0.0651379191305
89.7 200 25 1.074423 0.65209267692 0.352102883892 -0.378928051171 0.0688435006952
89.8 200 25 1.069944 0.652073451858 0.352142911765 -0.37811640737 0.0725404009487
89.9 200 25 1.070621 0.652054528312 0.35218301749 -0.377269333359 0.0762283024752
90 200 25 1.070227 0.652035868882 0.352223309359 -0.376386887607 0.0799068679212
90.1 200 25 1.07328 0.652017476721 0.35226365052 -0.375469149385 0.0835757599262
90.2 200 25 1.081255 0.651999326699 0.352304149184 -0.374516211649 0.0872346414579
90.3 200 25 1.084713 0.651981401042 0.352344671492 -0.373528147038 0.0908831798307
90.4 200 25 1.071807 0.651963692082 0.352385423899 -0.372505042494 0.0945210410608
90.5 200 25 1.07248 0.651946172932 0.352426277219 -0.371447001347 0.0981478709022
90.6 200 25 1.074205 0.651928846506 0.352467233044 -0.370354121227 0.101763343559
90.7 200 25 1.067423 0.651911677938 0.35250832633 -0.36922650146 0.10536711051
90.8 200 25 1.072672 0.651894652386 0.352549644164 -0.368064241463 0.108958826287
90.9 200 25 1.081995 0.651877766829 0.352591060806 -0.366867468145 0.112538151788
91 200 25 1.091115 0.651860989773 0.352632679108 -0.365636285569 0.116104744153
91.1 200 25 1.073093 0.651844312002 0.352674431808 -0.364370826017 0.119658256241
91.2 200 25 1.070228 0.651827727603 0.352716316301 -0.363071229181 0.123198361099
91.3 200 25 1.078004 0.65181122146 0.352758376846 -0.361737609324 0.126724714049
91.4 200 25 1.068042 0.651794770693 0.352800629931 -0.360370116379 0.13023696454
91.5 200 25 1.081491 0.651778360066 0.352843047188 -0.358968886764 0.13373479118
91.6 200 25 1.081955 0.651762011124 0.352885616617 -0.357534089462 0.137217840514
91.7 200 25 1.087489 0.651745703125 0.352928348139 -0.356065865535 0.140685803927
91.8 200 25 1.069645 0.651729395019 0.352971276729 -0.354564385499 0.144138323408
91.9 200 25 1.068435 0.651713123064 0.353014363951 -0.35302980477 0.147575078734
92 200 25 1.075019 0.65169684894 0.353057610036 -0.351462282252 0.150995760763
92.1 200 25 1.059231 0.651680593761 0.353101026319 -0.349862007174 0.154400029488
92.2 200 25 1.068449 0.651664355825 0.353144608803 -0.348229159323 0.157787574769
92.3 200 25 1.07474 0.65164813384 0.353188306318 -0.346563915719 0.161158079317
92.4 200 25 1.084107 0.65163193317 0.353232136157 -0.344866470639 0.164511232484
92.5 200 25 1.071255 0.651615740916 0.353276172354 -0.343137005721 0.16784671251
92.6 200 25 1.069294 0.651599584665 0.353320341824 -0.341375721278 0.171164233793
92.7 200 25 1.070568 0.651583443625 0.353364611574 -0.339582803942 0.17446349191
92.8 200 25 1.058821 0.651567338437 0.353408969393 -0.33775845721 0.177744198349
92.9 200 25 1.072801 0.651551262453 0.353453469779 -0.335902874073 0.18100604962
93 200 25 1.078078 0.651535227283 0.353497991007 -0.334016260787 0.184248767342
93.1 200 25 1.089696 0.651519248538 0.353542692899 -0.332098830982 0.187472052309
93.2 200 25 1.075257 0.651503350058 0.353587472932 -0.330150795344 0.190675630551
93.3 200 25 1.064792 0.651487518649 0.353632268842 -0.328172343417 0.193859220543
93.4 200 25 1.064639 0.651471785935 0.353677130259 -0.326163691257 0.197022554703
93.5 200 25 1.065601 0.651456151886 0.35372204197 -0.324125038289 0.200165356132
93.6 200 25 1.064393 0.651440622715 0.353767007152 -0.322056609897 0.203287354488
93.7 200 25 1.068128 0.651425214137 0.353811926995 -0.319958616187 0.206388283606
93.8 200 25 1.083839 0.651409945051 0.353856874515 -0.317831264599 0.209467877587
93.9 200 25 1.078536 0.651394814118 0.353901868826 -0.315674770062 0.212525873597
94 200 25 1.063559 0.65137983063 0.353946751852 -0.313489341936 0.215562013513
94.1 200 25 1.066444 0.651364999348 0.353991698653 -0.311275200751 0.218576038441
94.2 200 25 1.067841 0.651350329671 0.354036645064 -0.309032569591 0.221567684767
94.3 200 25 1.057361 0.651335832639 0.354081533932 -0.306761652394 0.224536706072
94.4 200 25 1.067484 0.651321525318 0.354126363462 -0.304462669398 0.227482847797
94.5 200 25 1.076251 0.651307389113 0.354171099247 -0.302135829497 0.230405856627
94.6 200 25 1.079432 0.651293444806 0.354215666811 -0.299781363276 0.233305482117
94.7 200 25 1.065953 0.651279692325 0.354260235007 -0.297399486354 0.236181469243
94.8 200 25 1.067806 0.651266135016 0.3543047064 -0.294990418364 0.239033566073
94.9 200 25 1.073048 0.651252768387 0.354349086817 -0.292554376409 0.241861524934
95 200 25 1.062705 0.651239595996 0.354393359086 -0.290091590386 0.244665096164
95.1 200 25 1.065613 0.651226621801 0.354437458336 -0.287602284923 0.247444029689
95.2 200 25 1.074527 0.651213834925 0.354481487922 -0.285086685799 0.250198072054
95.3 200 25 1.081779 0.651201233081 0.354525319266 -0.282545028938 0.252926975291
95.4 200 25 1.074988 0.651188810673 0.354569024108 -0.27997754806 0.255630493792
95.5 200 25 1.067432 0.651176562552 0.354612581097 -0.277384473891 0.258308373972
95.6 200 25 1.070154 0.651164468308 0.354656004236 -0.274766046497 0.26096037177
95.7 200 25 1.066027 0.651152535176 0.354699214749 -0.272122512743 0.263586238118
95.8 200 25 1.072987 0.651140739654 0.354742299648 -0.269454121968 0.266185725343
95.9 200 25 1.072301 0.651129060379 0.354785253398 -0.266761115505 0.268758589566
96 200 25 1.063627 0.651117499301 0.354828031209 -0.26404375172 0.271304578562
96.1 200 25 1.062479 0.651106032761 0.354870632725 -0.26130227575 0.273823451589
96.2 200 25 1.053163 0.651094656364 0.354913072261 -0.258536964048 0.276314975142
96.3 200 25 1.057017 0.651083346358 0.354955366447 -0.255748079647 0.278778901037
96.4 200 25 1.058534 0.651072094768 0.354997494521 -0.252935895197 0.281214991313
96.5 200 25 1.04905 0.651060870189 0.355039540076 -0.250100682784 0.283623007827
96.6 200 25 1.054306 0.651049675596 0.355081388902 -0.247242728835 0.286002725264
96.7 200 25 1.057362 0.651038488697 0.355123166021 -0.244362312234 0.288353909231
96.8 200 25 1.064925 0.651027275881 0.355164817183 -0.241459718239 0.290676334455
96.9 200 25 1.050167 0.651016041595 0.355206330367 -0.238535248215 0.292969777121
97 200 25 1.049633 0.651004773368 0.355247670267 -0.235589185278 0.295234017754
97.1 200 25 1.055502 0.650993438316 0.355288981137 -0.232621843854 0.297468841192
97.2 200 25 1.046973 0.65098204463 0.35533011793 -0.229633521442 0.299674040243
97.3 200 25 1.051987 0.650970558458 0.355371166284 -0.226624524725 0.301849395743
97.4 200 25 1.056832 0.650958980139 0.355412156058 -0.223595164849 0.303994711996
97.5 200 25 1.06344 0.650947274116 0.355453088974 -0.220545765674 0.306109792741
97.6 200 25 1.058135 0.650935447839 0.355493961327 -0.217476637514 0.308194450687
97.7 200 25 1.058289 0.650923489171 0.355534786126 -0.214388109306 0.310248496799
97.8 200 25 1.05086 0.650911396693 0.355575552461 -0.211280489521 0.312271750388
97.9 200 25 1.049376 0.650899158476 0.355616308991 -0.208154113076 0.314264039471
98 200 25 1.053965 0.650886766592 0.355657031216 -0.205009302515 0.316225196687
98.1 200 25 1.055578 0.650874228803 0.355697684771 -0.201846395586 0.318155050684
98.2 200 25 1.063863 0.65086153779 0.355738308548 -0.198665708481 0.320053447969
98.3 200 25 1.069571 0.650848681322 0.355778994631 -0.195467575868 0.321920230551
98.4 200 25 1.047793 0.65083567739 0.355819621236 -0.192252343647 0.323755257338
98.5 200 25 1.049699 0.650822524438 0.355860244969 -0.189020312406 0.32555838285
98.6 200 25 1.047448 0.650809227109 0.355900884501 -0.185771837797 0.327329478065
98.7 200 25 1.045057 0.650795791305 0.355941565056 -0.182507247194 0.3290684078
98.8 200 25 1.052719 0.650782217235 0.355982316625 -0.179226859929 0.330775047742
98.9 200 25 1.05995 0.650768522311 0.356023119119 -0.175931016484 0.332449273237
99 200 25 1.060199 0.650754707129 0.356063960397 -0.172620030511 0.334090973774
99.1 200 25 1.056887 0.65074080353 0.356104828807 -0.16929422514 0.335700035525
99.2 200 25 1.05014 0.650726802754 0.356145727418 -0.165953936724 0.337276355216
99.3 200 25 1.049721 0.650712725062 0.356186690078 -0.162599500851 0.338819826672
99.4 200 25 1.045152 0.650698579545 0.356227770616 -0.159231199827 0.340330351846
99.5 200 25 1.03608 0.650684388897 0.356268805561 -0.155849392866 0.341807834693
99.6 200 25 1.051308 0.650670167639 0.35630999918 -0.152454373152 0.34325217868
99.7 200 25 1.057308 0.650655925886 0.356351162447 -0.149046473615 0.344663301742
99.8 200 25 1.066123 0.650641684575 0.356392435172 -0.145625992374 0.346041106428
99.9 200 25 1.052393 0.650627458485 0.356433738355 -0.142193248432 0.347385510453
100 200 25 1.050451 0.65061326801 0.35647511587 -0.138748543935 0.348696434062
