# SIAM excitation B=c_0up^dag|gs> (normalized), method=fbr
# L=200 U=0.1 V=0.1 dt=0.1 tmax=100 cutoff=1e-10 max_bond_dim=1024
# E_gs=-62.7536301399 gs_n_active=24 gs_bond_dim=35 gs_wall_s=266.734797
# nrm=0.707106781344
# t  n_active  bond_dim  wall_s  n0up  n0dw  ReA  ImA
0 24 35 0.044075 1 0.704373165338 0 0
0.1 21 18 0.189661 0.999960498507 0.704354408117 0 0
0.2 20 18 0.193206 0.999842093177 0.704298170158 0 0
0.3 19 16 0.189431 0.999645077978 0.704204531044 0 0
0.4 20 16 0.164558 0.999369943321 0.704073625382 0 0
0.5 20 16 0.18974 0.999017372347 0.70390563948 0 0
0.6 20 16 0.168634 0.998588238347 0.703700811911 0 0
0.7 20 16 0.171313 0.998083599687 0.703459431973 0 0
0.8 19 16 0.190219 0.997504696458 0.703181838064 0 0
0.9 18 15 0.186335 0.996852943685 0.702868416633 0 0
1 18 15 0.144585 0.996129925135 0.702519599074 0 0
1.1 18 16 0.165777 0.995337386378 0.702135861631 0 0
1.2 18 16 0.141338 0.994477226745 0.701717722128 0 0
1.3 18 16 0.14183 0.993551490166 0.701265737507 0 0
1.4 18 16 0.165064 0.992562357046 0.700780501861 0 0
1.5 18 16 0.143659 0.991512133546 0.700262643354 0 0
1.6 18 16 0.14295 0.990403242048 0.699712821421 0 0
1.7 18 16 0.140697 0.989238210191 0.699131724521 0 0
1.8 18 16 0.14521 0.988019659569 0.698520066627 0 0
1.9 18 15 0.166757 0.986750293872 0.697878584408 0 0
2 18 15 0.146597 0.98543288832 0.697208034323 0 0
2.1 18 15 0.197561 0.984070276813 0.69650918965 0 0
2.2 18 16 0.240026 0.982665340783 0.695782837365 0 0
2.3 18 16 0.212521 0.981220995755 0.695029774782 0 0
2.4 18 16 0.204773 0.979740180998 0.69425080759 0 0
2.5 18 16 0.144792 0.978225846379 0.693446746001 0 0
2.6 18 16 0.146951 0.976680940725 0.692618402235 0 0
2.7 18 16 0.142143 0.975108400082 0.691766587892 0 0
2.8 18 16 0.166727 0.973511136505 0.690892111155 0 0
2.9 18 17 0.143536 0.971892026412 0.689995774345 0 0
3 18 17 0.144162 0.970253899976 0.689078371488 0 0
3.1 18 17 0.142129 0.968599530957 0.688140685865 0 0
3.2 18 16 0.165183 0.966931627163 0.687183488449 0 0
3.3 18 16 0.146372 0.965252820326 0.686207535262 0 0
3.4 19 16 0.145596 0.963565658036 0.685213565963 0 0
3.5 19 16 0.18855 0.961872595032 0.684202302157 0 0
3.6 19 16 0.188937 0.960175985842 0.683174445829 0 0
3.7 20 16 0.171316 0.95847807775 0.682130678072 0 0
3.8 20 16 0.151315 0.956781004731 0.681071657819 0 0
3.9 20 16 0.177375 0.955086782374 0.67999802125 0 0
4 20 16 0.193323 0.953397302373 0.678910380439 0 0
4.1 20 16 0.152116 0.951714329165 0.677809323081 0 0
4.2 20 16 0.175632 0.950039496854 0.676695411643 0 0
4.3 20 16 0.196142 0.948374306437 0.675569183946 0 0
4.4 20 16 0.174766 0.946720123552 0.674431151655 0 0
4.5 20 15 0.172646 0.945078178976 0.673281801716 0 0
4.6 20 15 0.150879 0.943449567026 0.672121595009 0 0
4.7 20 15 0.173959 0.941835247781 0.670950967803 0 0
4.8 20 15 0.192539 0.940236045976 0.66977033096 0 0
4.9 20 15 0.175017 0.938652655244 0.668580072082 0 0
5 20 15 0.199241 0.937085639523 0.667380554843 0 0
5.1 20 15 0.17484 0.93553543708 0.666172119614 0 0
5.2 20 15 0.19477 0.934002363614 0.664955084872 0 0
5.3 20 15 0.150474 0.93248661709 0.663729748513 0 0
5.4 20 15 0.178803 0.930988282912 0.662496387124 0 0
5.5 20 15 0.173659 0.929507338611 0.661255258531 0 0
5.6 18 15 0.274257 0.928043660884 0.660006602669 0 0
5.7 18 15 0.275788 0.926597030697 0.658750642207 0 0
5.8 18 15 0.284521 0.925167140506 0.657487583772 0 0
5.9 18 15 0.276693 0.923753600962 0.656217619422 0 0
6 18 16 0.249822 0.922355948317 0.654940927705 0 0
6.1 18 16 0.246021 0.920973651158 0.653657674935 0 0
6.2 18 16 0.28079 0.919606117944 0.652368016241 0 0
6.3 18 15 0.247313 0.918252705167 0.651072096805 0 0
6.4 18 15 0.249926 0.916912724579 0.649770052981 0 0
6.5 18 16 0.24693 0.915585451024 0.648462013814 0 0
6.6 18 16 0.25317 0.914270128694 0.647148101735 0 0
6.7 18 17 0.247412 0.912965979777 0.645828433969 0 0
6.8 18 16 0.280793 0.911672211763 0.644503123135 0 0
6.9 18 16 0.247387 0.91038802365 0.643172278791 0 0
7 18 16 0.245722 0.90911261396 0.64183600795 0 0
7.1 18 17 0.248561 0.907845186079 0.640494416211 0 0
7.2 18 16 0.280598 0.906584954131 0.639147608342 0 0
7.3 18 17 0.251585 0.90533115012 0.637795689373 0 0
7.4 19 17 0.280797 0.904083029215 0.636438765033 0 0
7.5 19 16 0.253141 0.902839873923 0.635076942364 0 0
7.6 19 18 0.221567 0.901601000247 0.633710330814 0 0
7.7 19 17 0.236196 0.900365760579 0.632339041252 0 0
7.8 19 17 0.17468 0.899133547801 0.630963187924 0 0
7.9 19 17 0.199501 0.897903798964 0.629582888167 0 0
8 19 17 0.219815 0.896675997654 0.628198262284 0 0
8.1 19 17 0.253841 0.895449676743 0.626809434423 0 0
8.2 19 17 0.252134 0.89422442011 0.625416532441 0 0
8.3 20 17 0.219375 0.892999864193 0.624019687772 0 0
8.4 20 17 0.260007 0.891775698363 0.622619035424 0 0
8.5 20 17 0.285258 0.890551665782 0.621214714067 0 0
8.6 20 17 0.28972 0.889327563908 0.619806866001 0 0
8.7 20 17 0.22201 0.888103242707 0.618395636276 0 0
8.8 20 17 0.258126 0.886878605678 0.616981173904 0 0
8.9 20 18 0.260728 0.885653606703 0.615563629762 0 0
9 20 17 0.288083 0.884428249244 0.614143157619 0 0
9.1 20 17 0.226315 0.883202584998 0.612719913536 0 0
9.2 20 17 0.25563 0.88197671032 0.611294054739 0 0
9.3 20 17 0.29069 0.880750764685 0.609865740153 0 0
9.4 20 17 0.285436 0.879524927098 0.608435129575 0 0
9.5 20 18 0.26002 0.878299413487 0.607002383397 0 0
9.6 20 18 0.286073 0.877074473093 0.605567662023 0 0
9.7 20 18 0.22959 0.875850385233 0.604131125486 0 0
9.8 20 18 0.257329 0.874627455634 0.602692932722 0 0
9.9 20 18 0.226163 0.873406012297 0.601253241674 0 0
10 20 18 0.256636 0.87218640227 0.599812208498 0 0
10.1 20 18 0.195115 0.870968988269 0.598369987666 0 0
10.2 20 17 0.194973 0.869754143315 0.596926730652 0 0
10.3 20 17 0.193955 0.868542247981 0.595482586611 0 0
10.4 20 18 0.17655 0.867333687148 0.594037701411 0 0
10.5 20 18 0.20125 0.866128845273 0.592592216999 0 0
10.6 20 17 0.174294 0.864928104468 0.591146272241 0 0
10.7 20 17 0.179314 0.863731838264 0.589700001633 0 0
10.8 20 17 0.175674 0.86254041067 0.588253534922 0 0
10.9 20 17 0.173535 0.861354173067 0.586806998414 0 0
11 20 18 0.152721 0.860173460656 0.585360513544 0 0
11.1 20 17 0.173667 0.858998590282 0.583914196866 0 0
11.2 20 17 0.191449 0.857829857659 0.582468159898 0 0
11.3 20 17 0.19271 0.856667535879 0.581022509823 0 0
11.4 20 17 0.17181 0.855511873034 0.579577349009 0 0
11.5 20 17 0.193686 0.854363091196 0.578132774548 0 0
11.6 20 17 0.176161 0.853221384344 0.576688879406 0 0
11.7 20 17 0.193814 0.852086918176 0.575245751048 0 0
11.8 20 17 0.176358 0.850959828427 0.573803473667 0 0
11.9 20 17 0.193267 0.849840221884 0.572362125709 0 0
12 20 18 0.175469 0.84872817423 0.570921782532 0 0
12.1 20 17 0.195553 0.847623732095 0.569482514865 0 0
12.2 20 17 0.193252 0.846526912373 0.568044389251 0 0
12.3 20 18 0.197618 0.845437702135 0.566607469661 0 0
12.4 20 18 0.176494 0.84435606168 0.56517181595 0 0
12.5 20 19 0.178082 0.843281921898 0.563737484761 0 0
12.6 20 19 0.176177 0.84221519003 0.562304531054 0 0
12.7 20 19 0.195549 0.841155749571 0.560873006335 0 0
12.8 20 19 0.194299 0.840103461308 0.559442959859 0 0
12.9 20 20 0.193268 0.839058165385 0.558014439053 0 0
13 20 19 0.1983 0.838019683105 0.556587489641 0 0
13.1 20 18 0.197858 0.836987819322 0.555162155973 0 0
13.2 20 18 0.197772 0.83596236299 0.553738481438 0 0
13.3 20 19 0.19602 0.834943093146 0.552316508117 0 0
13.4 20 19 0.155817 0.833929777352 0.550896277958 0 0
13.5 20 19 0.194312 0.832922175642 0.549477832029 0 0
13.6 20 19 0.175525 0.831920043491 0.54806121165 0 0
13.7 20 19 0.177281 0.830923133825 0.546646457944 0 0
13.8 20 19 0.17823 0.829931197053 0.545233612578 0 0
13.9 20 19 0.178909 0.828943986445 0.543822717456 0 0
14 20 18 0.178314 0.827961258692 0.54241381482 0 0
14.1 20 18 0.177961 0.82698277747 0.541006947921 0 0
14.2 20 18 0.178027 0.82600831237 0.539602154982 0 0
14.3 20 18 0.198082 0.825037643148 0.538199484517 0 0
14.4 20 18 0.180212 0.824070561787 0.536798982768 0 0
14.5 20 18 0.17975 0.823106872996 0.535400697174 0 0
14.6 20 18 0.180886 0.822146395982 0.534004675395 0 0
14.7 20 18 0.180156 0.821188965417 0.532610967162 0 0
14.8 20 18 0.180295 0.820234432562 0.531219622809 0 0
14.9 20 18 0.159078 0.819282666701 0.529830694558 0 0
15 20 19 0.177433 0.818333555404 0.528444234873 0 0
15.1 20 19 0.197087 0.81738700549 0.52706029777 0 0
15.2 20 18 0.18185 0.81644294228 0.525678938128 0 0
15.3 20 19 0.201927 0.81550131145 0.524300211561 0 0
15.4 20 18 0.2004 0.814562077993 0.522924173916 0 0
15.5 20 18 0.181878 0.81362522577 0.521550881948 0 0
15.6 20 19 0.158699 0.812690757585 0.520180393324 0 0
15.7 20 18 0.179725 0.811758695295 0.518812765305 0 0
15.8 20 19 0.179226 0.810829077613 0.517448055339 0 0
15.9 20 19 0.198554 0.809901961032 0.516086321459 0 0
16 20 19 0.19786 0.808977417095 0.514727620841 0 0
16.1 20 19 0.198027 0.808055532925 0.513372010383 0 0
16.2 20 20 0.179285 0.807136409055 0.51201954675 0 0
16.3 20 19 0.199021 0.806220158898 0.510670286057 0 0
16.4 20 19 0.199923 0.805306906027 0.509324283252 0 0
16.5 20 19 0.177646 0.804396783813 0.507981592631 0 0
16.6 20 18 0.182277 0.803489934277 0.506642267136 0 0
16.7 20 19 0.201092 0.802586504991 0.505306358392 0 0
16.8 20 18 0.180167 0.8016866495 0.503973916913 0 0
16.9 20 19 0.179623 0.800790523968 0.502644991267 0 0
17 20 19 0.197843 0.799898286507 0.501319628709 0 0
17.1 20 19 0.179817 0.799010095687 0.49999787468 0 0
17.2 20 19 0.158679 0.798126108191 0.498679773026 0 0
17.3 20 19 0.158748 0.79724647891 0.497365365388 0 0
17.4 20 20 0.198546 0.796371357782 0.496054691928 0 0
17.5 20 19 0.180729 0.795500889783 0.494747790955 0 0
17.6 20 19 0.199955 0.794635212301 0.493444698974 0 0
17.7 20 20 0.199365 0.79377445516 0.492145449754 0 0
17.8 20 20 0.161636 0.792918739524 0.490850075747 0 0
17.9 20 20 0.182511 0.792068175515 0.489558607324 0 0
18 20 20 0.160864 0.791222862947 0.48827107339 0 0
18.1 20 20 0.161829 0.790382889331 0.486987500205 0 0
18.2 20 20 0.217627 0.78954833051 0.485707913205 0 0
18.3 20 21 0.181285 0.78871924888 0.484432335152 0 0
18.4 20 21 0.242496 0.787895694123 0.483160787827 0 0
18.5 20 20 0.269736 0.787077702257 0.481893291311 0 0
18.6 20 21 0.267595 0.786265295758 0.480629863773 0 0
18.7 20 21 0.220447 0.785458483382 0.479370522176 0 0
18.8 20 21 0.20144 0.784657260638 0.478115282774 0 0
18.9 20 20 0.183198 0.783861610125 0.47686415993 0 0
19 20 20 0.184441 0.783071501565 0.475617167668 0 0
19.1 20 21 0.184847 0.782286892792 0.474374318375 0 0
19.2 20 20 0.184907 0.781507728713 0.473135624455 0 0
19.3 20 20 0.199213 0.780733944028 0.471901096516 0 0
19.4 20 20 0.227135 0.779965463714 0.470670745627 0 0
19.5 20 20 0.186674 0.77920220309 0.469444582052 0 0
19.6 20 20 0.160279 0.778444068603 0.468222615003 0 0
19.7 20 20 0.18712 0.777690960166 0.467004854828 0 0
19.8 20 20 0.163203 0.776942770423 0.46579131022 0 0
19.9 20 21 0.203582 0.776199387311 0.464581991271 0 0
20 20 20 0.180551 0.775460694175 0.463376907157 0 0
20.1 20 20 0.1822 0.774726571317 0.462176067632 0 0
20.2 20 20 0.201384 0.773996897605 0.4609794825 0 0
20.3 20 20 0.1833 0.773271550662 0.459787162093 0 0
20.4 20 20 0.227661 0.772550408101 0.458599116448 0 0
20.5 20 20 0.299552 0.771833349219 0.457415356486 0 0
20.6 20 20 0.236436 0.771120255784 0.45623589369 0 0
20.7 20 20 0.198479 0.770411012963 0.455060739854 0 0
20.8 20 20 0.160555 0.769705510594 0.453889906713 0 0
20.9 20 20 0.201544 0.769003643538 0.452723407278 0 0
21 20 20 0.201121 0.768305312664 0.45156125488 0 0
21.1 20 20 0.157402 0.767610425571 0.450403462636 0 0
21.2 20 20 0.156756 0.76691889785 0.449250044767 0 0
21.3 20 20 0.201936 0.766230652842 0.448101015929 0 0
21.4 20 20 0.202205 0.765545622887 0.446956391204 0 0
21.5 20 21 0.181141 0.764863749094 0.445816185622 0 0
21.6 20 21 0.201453 0.76418498215 0.444680415091 0 0
21.7 20 21 0.179655 0.763509282271 0.443549095402 0 0
21.8 20 21 0.162317 0.762836619134 0.442422242752 0 0
21.9 20 21 0.211945 0.762166972689 0.441299873064 0 0
22 20 21 0.199651 0.761500332315 0.440182002742 0 0
22.1 20 21 0.201533 0.760836697065 0.439068648062 0 0
22.2 20 21 0.181877 0.76017607537 0.437959825213 0 0
22.3 20 21 0.243803 0.759518484666 0.436855550516 0 0
22.4 20 21 0.305434 0.758863950488 0.435755839822 0 0
22.5 20 21 0.304137 0.758212507227 0.434660708477 0 0
22.6 20 21 0.207892 0.757564196823 0.433570171822 0 0
22.7 20 22 0.163268 0.756919067562 0.432484244653 0 0
22.8 20 22 0.216401 0.756277174032 0.431402941328 0 0
22.9 20 22 0.181735 0.755638577263 0.430326275438 0 0
23 20 22 0.177537 0.755003342361 0.42925425993 0 0
23.1 20 22 0.184789 0.754371539915 0.428186907359 0 0
23.2 20 22 0.187667 0.753743242191 0.42712422967 0 0
23.3 20 22 0.163756 0.753118524565 0.426066237562 0 0
23.4 20 22 0.164893 0.75249746525 0.425012940856 0 0
23.5 20 22 0.16254 0.751880142687 0.423964349117 0 0
23.6 20 23 0.163918 0.751266637074 0.422920471111 0 0
23.7 20 23 0.165631 0.750657021442 0.421881314129 0 0
23.8 21 23 0.190435 0.750051370827 0.420846884447 0 0
23.9 20 22 0.211532 0.74944975812 0.419817187829 0 0
24 20 23 0.207243 0.748852252075 0.418792235128 0 0
24.1 20 23 0.189675 0.748258918591 0.417772022659 0 0
24.2 21 23 0.1901 0.747669818284 0.416756551522 0 0
24.3 21 23 0.218594 0.747085007118 0.415745824151 0 0
24.4 21 23 0.215618 0.746504535735 0.414739840812 0 0
24.5 21 23 0.193546 0.745928447486 0.413738601409 0 0
24.6 21 23 0.194545 0.745356779963 0.412742106747 0 0
24.7 21 23 0.194711 0.744789563983 0.411750355001 0 0
24.8 20 23 0.197385 0.74422682293 0.410763344379 0 0
24.9 20 23 0.169756 0.743668572827 0.40978107234 0 0
25 20 23 0.170293 0.743114823158 0.408803534674 0 0
25.1 20 24 0.190923 0.742565575713 0.407830727946 0 0
25.2 21 25 0.170288 0.74202082456 0.406862647363 0 0
25.3 21 23 0.197686 0.741480556425 0.40589928782 0 0
25.4 21 23 0.194598 0.740944751338 0.404940644422 0 0
25.5 21 23 0.173181 0.740413381712 0.403986711105 0 0
25.6 21 23 0.233006 0.739886413623 0.403037482102 0 0
25.7 21 23 0.212949 0.739363807035 0.40209295113 0 0
25.8 21 23 0.197032 0.738845515856 0.40115311161 0 0
25.9 21 23 0.17415 0.738331487935 0.400217957257 0 0
26 21 23 0.17587 0.73782166729 0.399287481341 0 0
26.1 21 23 0.195425 0.737315993385 0.398361677488 0 0
26.2 21 23 0.195316 0.736814400887 0.397440539228 0 0
26.3 21 25 0.194603 0.736316822386 0.396524059297 0 0
26.4 21 24 0.177227 0.735823186244 0.395612232229 0 0
26.5 21 25 0.196877 0.735333420654 0.394705051609 0 0
26.6 21 24 0.228601 0.734847451139 0.393802511896 0 0
26.7 21 24 0.196684 0.734365203577 0.392904606732 0 0
26.8 21 23 0.196446 0.733886602561 0.392011330725 0 0
26.9 21 24 0.218658 0.733411574031 0.391122678759 0 0
27 21 25 0.195965 0.732940044705 0.39023864538 0 0
27.1 21 23 0.19465 0.732471942808 0.389359226042 0 0
27.2 21 24 0.214371 0.732007199425 0.388484416606 0 0
27.3 21 24 0.193356 0.731545748337 0.387614212279 0 0
27.4 21 24 0.197947 0.731087526884 0.386748609036 0 0
27.5 21 23 0.21409 0.73063247548 0.385887603023 0 0
27.6 21 23 0.196765 0.730180538987 0.385031191177 0 0
27.7 21 23 0.215846 0.729731666896 0.384179369955 0 0
27.8 21 23 0.214755 0.729285813666 0.383332136051 0 0
27.9 21 23 0.213221 0.728842939394 0.38248948643 0 0
28 21 23 0.195068 0.728403008766 0.381651418127 0 0
28.1 21 23 0.173317 0.727965992155 0.380817928258 0 0
28.2 21 23 0.194196 0.727531865537 0.379989014103 0 0
28.3 21 24 0.212222 0.727100610434 0.379164672893 0 0
28.4 21 24 0.178562 0.726672214516 0.3783449006 0 0
28.5 21 24 0.19528 0.72624667008 0.377529695227 0 0
28.6 21 24 0.198349 0.725823975085 0.376719052705 0 0
28.7 21 23 0.195682 0.725404133683 0.375912969487 0 0
28.8 21 24 0.183387 0.724987154219 0.375111442575 0 0
28.9 21 24 0.267729 0.72457304994 0.374314468006 0 0
29 21 24 0.318335 0.724161838797 0.373522041706 0 0
29.1 22 24 0.314526 0.723753542408 0.372734159594 0 0
29.2 22 24 0.28679 0.723348186828 0.371950817041 0 0
29.3 22 25 0.24079 0.722945800685 0.371172011543 0 0
29.4 22 25 0.273363 0.722546415761 0.37039773812 0 0
29.5 22 25 0.274797 0.722150066657 0.369627990301 0 0
29.6 22 25 0.257271 0.721756788543 0.368862762471 0 0
29.7 22 26 0.271854 0.721366619475 0.368102047787 0 0
29.8 22 26 0.221892 0.72097959787 0.367345838746 0 0
29.9 22 26 0.217157 0.720595762799 0.366594127532 0 0
30 22 25 0.219431 0.720215152829 0.365846905622 0 0
30.1 22 25 0.195887 0.719837806483 0.36510416414 0 0
30.2 22 25 0.194333 0.719463760771 0.364365894168 0 0
30.3 22 25 0.239992 0.719093051625 0.363632085589 0 0
30.4 22 25 0.218578 0.718725713329 0.362902727774 0 0
30.5 22 25 0.238627 0.718361777389 0.36217781004 0 0
30.6 22 26 0.221015 0.718001272612 0.361457321198 0 0
30.7 22 26 0.266311 0.717644224646 0.360741249092 0 0
30.8 22 26 0.287848 0.717290655958 0.360029581965 0 0
30.9 22 26 0.217583 0.716940585385 0.359322307055 0 0
31 22 26 0.278804 0.716594026862 0.358619411561 0 0
31.1 22 25 0.353702 0.716250991576 0.357920881973 0 0
31.2 22 25 0.327614 0.715911485496 0.357226704986 0 0
31.3 22 25 0.321687 0.715575510199 0.356536866574 0 0
31.4 22 26 0.36235 0.715243062878 0.355851352558 0 0
31.5 22 25 0.329176 0.714914136691 0.355170148422 0 0
31.6 22 25 0.326056 0.714588719607 0.35449324001 0 0
31.7 22 25 0.328401 0.714266795583 0.353820612395 0 0
31.8 22 27 0.330075 0.71394834385 0.353152250696 0 0
31.9 22 26 0.26165 0.713633340115 0.352488140048 0 0
32 22 26 0.221809 0.713321755554 0.351828265653 0 0
32.1 22 25 0.243108 0.713013557361 0.351172612689 0 0
32.2 22 26 0.226671 0.71270870961 0.350521166417 0 0
32.3 22 25 0.242318 0.712407172751 0.349873911889 0 0
32.4 22 25 0.193936 0.712108904551 0.349230835106 0 0
32.5 22 26 0.217219 0.71181386041 0.348591920731 0 0
32.6 22 26 0.219587 0.711521993004 0.347957154955 0 0
32.7 22 26 0.222245 0.711233253184 0.34732652344 0 0
32.8 22 26 0.220677 0.710947590605 0.346700012182 0 0
32.9 22 26 0.219271 0.710664953474 0.346077607454 0 0
33 22 27 0.230065 0.710385289619 0.345459295545 0 0
33.1 22 27 0.222972 0.710108545847 0.344845062864 0 0
33.2 23 27 0.224255 0.70983466995 0.344234895982 0 0
33.3 23 27 0.203166 0.709563609604 0.343628781903 0 0
33.4 23 27 0.202978 0.70929531382 0.343026707533 0 0
33.5 22 28 0.203219 0.709029732312 0.342428660054 0 0
33.6 22 27 0.223927 0.708766816866 0.341834626882 0 0
33.7 22 28 0.24766 0.70850652127 0.341244595744 0 0
33.8 23 28 0.226322 0.708248801145 0.340658554014 0 0
33.9 23 27 0.31601 0.707993614715 0.340076489643 0 0
34 23 27 0.383861 0.707740922794 0.339498390576 0 0
34.1 23 28 0.351571 0.707490689701 0.338924244974 0 0
34.2 23 28 0.304278 0.707242882569 0.338354040768 0 0
34.3 23 27 0.329908 0.706997471769 0.337787766287 0 0
34.4 22 29 0.22176 0.706754431016 0.337225409754 0 0
34.5 22 28 0.346418 0.706513738337 0.336666958691 0 0
34.6 22 28 0.249802 0.706275374928 0.336112402039 0 0
34.7 22 27 0.250262 0.706039325335 0.335561727529 0 0
34.8 22 27 0.250256 0.70580557814 0.335014923508 0 0
34.9 22 27 0.251745 0.705574125044 0.334471977611 0 0
35 22 27 0.23242 0.70534496129 0.333932877568 0 0
35.1 22 27 0.251611 0.705118085915 0.333397611041 0 0
35.2 23 27 0.295075 0.704893500464 0.332866165795 0 0
35.3 23 27 0.215232 0.704671209862 0.332338528727 0 0
35.4 23 27 0.367309 0.704451221818 0.331814686685 0 0
35.5 23 27 0.268086 0.704233546498 0.331294626823 0 0
35.6 23 27 0.283875 0.704018196119 0.330778335619 0 0
35.7 23 27 0.243882 0.703805185671 0.330265799638 0 0
35.8 23 27 0.243048 0.703594531645 0.329757004677 0 0
35.9 23 28 0.249419 0.703386251583 0.329251936936 0 0
36 23 27 0.218431 0.703180364078 0.328750582186 0 0
36.1 23 28 0.246992 0.702976889176 0.328252925656 0 0
36.2 23 28 0.263719 0.702775847167 0.327758952278 0 0
36.3 23 27 0.244327 0.702577258134 0.32726864697 0 0
36.4 23 27 0.259837 0.702381142348 0.326781994522 0 0
36.5 23 28 0.213909 0.702187519246 0.326298979873 0 0
36.6 23 29 0.237819 0.701996407906 0.325819586472 0 0
36.7 23 28 0.266438 0.701807825859 0.32534379885 0 0
36.8 23 28 0.264759 0.701621789766 0.324871600764 0 0
36.9 23 28 0.241034 0.701438314268 0.32440297571 0 0
37 23 28 0.220083 0.701257412134 0.323937907654 0 0
37.1 23 28 0.242657 0.70107909459 0.323476379498 0 0
37.2 23 30 0.263436 0.700903369956 0.323018374551 0 0
37.3 23 28 0.262166 0.700730244312 0.322563876438 0 0
37.4 23 29 0.239592 0.700559721154 0.322112867625 0 0
37.5 23 28 0.245911 0.700391801109 0.321665331895 0 0
37.6 23 28 0.279386 0.700226482017 0.321221251804 0 0
37.7 23 28 0.321061 0.700063758892 0.320780610723 0 0
37.8 23 28 0.305383 0.699903623797 0.320343391331 0 0
37.9 23 28 0.239633 0.699746065809 0.319909577015 0 0
38 23 28 0.213573 0.699591071365 0.319479150615 0 0
38.1 23 28 0.213556 0.699438623986 0.319052095599 0 0
38.2 23 28 0.260874 0.699288703991 0.31862839525 0 0
38.3 23 29 0.262638 0.699141289806 0.318208032981 0 0
38.4 23 29 0.215453 0.698996356747 0.317790992396 0 0
38.5 23 28 0.240977 0.698853878122 0.317377257231 0 0
38.6 23 28 0.256733 0.698713824916 0.316966811202 0 0
38.7 23 28 0.276361 0.698576165815 0.316559638534 0 0
38.8 23 28 0.24311 0.698440868297 0.316155723713 0 0
38.9 23 28 0.269946 0.698307897743 0.315755050979 0 0
39 23 28 0.230549 0.698177218347 0.315357605159 0 0
39.1 23 28 0.361487 0.698048793453 0.314963371008 0 0
39.2 23 28 0.37603 0.697922585585 0.314572333373 0 0
39.3 23 28 0.321264 0.697798556647 0.314184477447 0 0
39.4 23 29 0.290154 0.697676668335 0.313799788928 0 0
39.5 23 28 0.238823 0.697556882041 0.313418253258 0 0
39.6 23 28 0.263012 0.697439159958 0.313039856456 0 0
39.7 23 28 0.214847 0.697323464334 0.312664584335 0 0
39.8 23 29 0.239121 0.697209758198 0.312292423297 0 0
39.9 23 28 0.267271 0.697098005693 0.311923359981 0 0
40 23 28 0.241885 0.696988172204 0.311557380388 0 0
40.1 23 28 0.218842 0.696880224095 0.311194471472 0 0
40.2 23 28 0.238906 0.696774129651 0.310834619396 0 0
40.3 23 28 0.238337 0.696669859258 0.310477810965 0 0
40.4 23 28 0.244593 0.696567385183 0.310124033321 0 0
40.5 23 28 0.265406 0.696466681283 0.309773273129 0 0
40.6 23 28 0.237405 0.696367723916 0.309425517256 0 0
40.7 23 29 0.244139 0.696270491542 0.309080752689 0 0
40.8 23 29 0.239139 0.69617496486 0.308738966524 0 0
40.9 23 29 0.266034 0.69608112774 0.308400145869 0 0
41 23 29 0.216426 0.695988965491 0.308064277467 0 0
41.1 23 29 0.239702 0.695898466381 0.307731348172 0 0
41.2 23 29 0.239043 0.695809620639 0.307401344596 0 0
41.3 23 29 0.239054 0.695722421244 0.307074253357 0 0
41.4 23 29 0.242296 0.69563686256 0.306750061079 0 0
41.5 23 30 0.263758 0.695552942358 0.306428754228 0 0
41.6 23 29 0.242003 0.695470659837 0.306110318811 0 0
41.7 23 30 0.242785 0.695390015683 0.305794741317 0 0
41.8 23 29 0.241278 0.695311012886 0.305482007543 0 0
41.9 23 30 0.262533 0.695233655842 0.305172103415 0 0
42 23 30 0.265203 0.69515795053 0.304865014554 0 0
42.1 23 29 0.243713 0.695083904033 0.30456072631 0 0
42.2 23 30 0.264199 0.695011523969 0.304259224127 0 0
42.3 23 29 0.267141 0.694940819444 0.303960493285 0 0
42.4 23 29 0.265968 0.694871799672 0.303664519015 0 0
42.5 23 30 0.265295 0.69480447428 0.303371285792 0 0
42.6 23 30 0.219238 0.694738853229 0.303080778347 0 0
42.7 23 29 0.267522 0.694674946825 0.302792981074 0 0
42.8 23 30 0.265453 0.694612764377 0.302507878504 0 0
42.9 23 30 0.243742 0.694552315089 0.302225455188 0 0
43 23 31 0.243153 0.694493607021 0.301945695171 0 0
43.1 23 30 0.243102 0.694436647976 0.301668582672 0 0
43.2 23 30 0.244922 0.694381444203 0.301394101633 0 0
43.3 23 31 0.244781 0.694328001219 0.301122235922 0 0
43.4 23 30 0.243267 0.694276323164 0.300852969598 0 0
43.5 23 31 0.265284 0.694226411519 0.300586286143 0 0
43.6 23 30 0.267252 0.694178267863 0.300322169579 0 0
43.7 23 30 0.244293 0.694131891023 0.300060603969 0 0
43.8 23 31 0.243262 0.694087277967 0.299801572664 0 0
43.9 23 30 0.245051 0.694044424374 0.299545059994 0 0
44 23 31 0.244516 0.6940033237 0.299291049497 0 0
44.1 23 31 0.244853 0.693963967116 0.299039525528 0 0
44.2 23 31 0.266512 0.693926344495 0.298790472038 0 0
44.3 23 30 0.244796 0.693890443743 0.298543873311 0 0
44.4 23 30 0.245444 0.693856250164 0.298299713354 0 0
44.5 23 30 0.26538 0.693823748248 0.298057977018 0 0
44.6 23 30 0.246422 0.693792920052 0.29781864844 0 0
44.7 23 30 0.248156 0.693763745552 0.297581712231 0 0
44.8 24 30 0.27157 0.693736204543 0.297347153212 0 0
44.9 24 30 0.252941 0.693710274111 0.297114956336 0 0
45 24 31 0.252771 0.693685930555 0.296885106593 0 0
45.1 24 31 0.279179 0.693663148896 0.296657589156 0 0
45.2 24 31 0.232822 0.693641903315 0.296432389437 0 0
45.3 24 32 0.257306 0.69362216742 0.29620949312 0 0
45.4 24 31 0.235548 0.69360391355 0.295988885892 0 0
45.5 24 31 0.260334 0.69358711377 0.295770553696 0 0
45.6 24 31 0.260241 0.693571740239 0.295554482228 0 0
45.7 24 31 0.284406 0.693557764432 0.295340657599 0 0
45.8 23 31 0.308839 0.693545158573 0.295129066582 0 0
45.9 23 31 0.415197 0.693533894273 0.294919695157 0 0
46 23 31 0.283761 0.693523944576 0.294712529845 0 0
46.1 23 31 0.25997 0.693515281794 0.294507557528 0 0
46.2 23 31 0.285978 0.693507879973 0.294304765164 0 0
46.3 24 31 0.28551 0.693501713951 0.294104139004 0 0
46.4 24 31 0.27379 0.693496759204 0.293905666519 0 0
46.5 24 31 0.271812 0.693492992633 0.293709334616 0 0
46.6 24 31 0.38426 0.693490392689 0.293515129918 0 0
46.7 24 31 0.401205 0.693488938607 0.293323039918 0 0
46.8 24 31 0.392597 0.693488611432 0.293133051545 0 0
46.9 24 31 0.289997 0.693489393679 0.29294515194 0 0
47 24 31 0.273185 0.693491269616 0.292759328602 0 0
47.1 24 31 0.265126 0.693494225028 0.29257556821 0 0
47.2 24 31 0.240714 0.693498247058 0.292393858712 0 0
47.3 24 33 0.264095 0.693503325237 0.292214186392 0 0
47.4 24 32 0.241349 0.693509450206 0.292036538696 0 0
47.5 24 31 0.265239 0.693516614584 0.291860902324 0 0
47.6 24 31 0.241944 0.693524811618 0.291687264658 0 0
47.7 24 31 0.265303 0.69353403742 0.291515612564 0 0
47.8 24 31 0.288256 0.693544288823 0.291345933249 0 0
47.9 24 31 0.286699 0.693555564571 0.291178213319 0 0
48 24 31 0.264869 0.693567864052 0.291012439582 0 0
48.1 24 31 0.287968 0.693581187761 0.290848598579 0 0
48.2 24 32 0.266048 0.693595537671 0.290686676863 0 0
48.3 24 31 0.289451 0.69361091638 0.290526661001 0 0
48.4 24 31 0.288429 0.693627327581 0.290368537442 0 0
48.5 24 31 0.288356 0.693644775387 0.290212292673 0 0
48.6 24 31 0.266518 0.693663264301 0.290057912761 0 0
48.7 24 31 0.267462 0.693682799246 0.289905384229 0 0
48.8 24 31 0.243728 0.693703385487 0.289754692916 0 0
48.9 24 31 0.244314 0.693725028277 0.289605824691 0 0
49 24 31 0.267513 0.693747732509 0.289458766065 0 0
49.1 24 32 0.268388 0.693771503075 0.289313502904 0 0
49.2 24 31 0.268918 0.693796344774 0.289170020862 0 0
49.3 24 32 0.28994 0.69382226081 0.28902830662 0 0
49.4 24 31 0.2751 0.69384925506 0.288888345925 0 0
49.5 24 32 0.267393 0.693877329395 0.288750124649 0 0
49.6 24 32 0.269563 0.693906485732 0.288613628826 0 0
49.7 24 33 0.242704 0.693936723444 0.288478844609 0 0
49.8 24 32 0.290792 0.693968043111 0.288345757924 0 0
49.9 24 33 0.293062 0.694000441703 0.28821435533 0 0
50 24 32 0.292233 0.694033917772 0.288084622436 0 0
50.1 24 33 0.268654 0.694068465768 0.287956545956 0 0
50.2 24 32 0.270463 0.694104079964 0.287830111902 0 0
50.3 24 33 0.291869 0.694140753541 0.287705306949 0 0
50.4 24 33 0.274064 0.694178477902 0.287582118155 0 0
50.5 24 34 0.306488 0.694217243326 0.28746053158 0 0
50.6 24 34 0.26864 0.694257039353 0.28734053414 0 0
50.7 24 34 0.271828 0.694297853346 0.287222113029 0 0
50.8 24 33 0.275105 0.69433967257 0.287105255093 0 0
50.9 24 33 0.271778 0.694382481689 0.28698994742 0 0
51 24 33 0.277335 0.694426265558 0.286876177516 0 0
51.1 24 33 0.290689 0.694471007787 0.286763932501 0 0
51.2 24 33 0.268449 0.694516690565 0.286653200172 0 0
51.3 24 33 0.267775 0.694563295529 0.286543968392 0 0
51.4 24 33 0.288473 0.694610803775 0.286436224465 0 0
51.5 24 33 0.268796 0.694659195739 0.286329956852 0 0
51.6 24 33 0.266662 0.694708450734 0.286225153385 0 0
51.7 24 33 0.243801 0.694758547931 0.286121803021 0 0
51.8 24 33 0.291326 0.694809466682 0.286019893406 0 0
51.9 24 33 0.293154 0.694861186306 0.285919413358 0 0
52 24 33 0.272305 0.694913685741 0.285820351539 0 0
52.1 24 33 0.291662 0.694966944433 0.285722696633 0 0
52.2 24 34 0.29317 0.695020941634 0.285626437655 0 0
52.3 24 34 0.269562 0.695075657068 0.285531563851 0 0
52.4 24 34 0.272206 0.69513107121 0.285438063827 0 0
52.5 24 33 0.274203 0.695187164907 0.285345927007 0 0
52.6 24 33 0.273272 0.695243919481 0.285255142772 0 0
52.7 24 34 0.297007 0.695301317601 0.285165700331 0 0
52.8 24 33 0.271537 0.695359342085 0.285077588864 0 0
52.9 24 33 0.297514 0.695417977178 0.28499079822 0 0
53 24 34 0.272648 0.695477207731 0.284905317629 0 0
53.1 24 35 0.274182 0.695537020145 0.284821136642 0 0
53.2 24 33 0.295304 0.695597401683 0.284738244462 0 0
53.3 24 34 0.296211 0.695658340875 0.284656631043 0 0
53.4 24 33 0.271268 0.695719827591 0.284576285947 0 0
53.5 24 33 0.252857 0.695781852347 0.284497198338 0 0
53.6 24 33 0.472844 0.695844407833 0.284419357526 0 0
53.7 24 33 0.314496 0.695907486416 0.284342753489 0 0
53.8 24 34 0.247707 0.695971083208 0.284267375534 0 0
53.9 24 33 0.351002 0.696035193574 0.284193213088 0 0
54 24 33 0.45756 0.696099813735 0.284120255832 0 0
54.1 24 34 0.32606 0.696164941716 0.284048492792 0 0
54.2 24 34 0.297107 0.696230576287 0.283977913058 0 0
54.3 24 33 0.275542 0.696296716658 0.283908506437 0 0
54.4 24 33 0.274792 0.696363363488 0.283840261944 0 0
54.5 24 33 0.274894 0.696430517723 0.283773168867 0 0
54.6 24 34 0.29416 0.696498181217 0.283707216287 0 0
54.7 24 33 0.270276 0.696566356271 0.283642393516 0 0
54.8 24 33 0.297328 0.696635045743 0.283578689487 0 0
54.9 24 33 0.413216 0.696704252886 0.283516092995 0 0
55 24 33 0.311534 0.696773981142 0.283454593472 0 0
55.1 24 33 0.339884 0.696844233666 0.283394179631 0 0
55.2 24 33 0.417119 0.696915014105 0.283334840616 0 0
55.3 24 33 0.33157 0.696986326059 0.2832765658 0 0
55.4 24 33 0.300795 0.697058172574 0.283219343616 0 0
55.5 24 33 0.25147 0.697130557008 0.283163163075 0 0
55.6 24 33 0.299828 0.697203481667 0.283108013293 0 0
55.7 24 33 0.392953 0.697276949068 0.283053883186 0 0
55.8 24 34 0.379355 0.697350960959 0.283000761739 0 0
55.9 24 33 0.394971 0.69742551747 0.282948638342 0 0
56 24 33 0.361227 0.697500619414 0.282897502117 0 0
56.1 24 33 0.32226 0.697576266025 0.282847341905 0 0
56.2 24 33 0.401286 0.697652456009 0.282798147155 0 0
56.3 24 33 0.352936 0.697729186978 0.282749907174 0 0
56.4 24 33 0.278658 0.697806455913 0.282702611286 0 0
56.5 24 34 0.309303 0.697884258524 0.282656249084 0 0
56.6 24 35 0.281294 0.697962589923 0.282610810345 0 0
56.7 24 33 0.282171 0.69804144406 0.282566284301 0 0
56.8 24 33 0.281939 0.698120813966 0.282522661036 0 0
56.9 24 34 0.286553 0.69820069185 0.282479930531 0 0
57 24 34 0.411728 0.698281068821 0.282438082669 0 0
57.1 24 34 0.444657 0.698361935359 0.282397107492 0 0
57.2 24 33 0.345783 0.698443280823 0.282356995432 0 0
57.3 24 35 0.283636 0.698525093552 0.282317737118 0 0
57.4 24 33 0.298994 0.698607361913 0.282279322094 0 0
57.5 24 33 0.306175 0.698690073205 0.282241742073 0 0
57.6 24 33 0.412038 0.69877321403 0.28220498696 0 0
57.7 24 33 0.273422 0.698856770896 0.282169048032 0 0
57.8 24 34 0.406843 0.698940729164 0.282133916049 0 0
57.9 24 33 0.295495 0.699025074498 0.282099581971 0 0
58 24 35 0.321473 0.699109791851 0.282066037201 0 0
58.1 24 35 0.35005 0.69919486656 0.282033272817 0 0
58.2 24 33 0.269362 0.699280283065 0.282001280376 0 0
58.3 24 35 0.267911 0.699366026559 0.281970051279 0 0
58.4 24 36 0.29243 0.699452082253 0.281939577177 0 0
58.5 24 35 0.280689 0.699538435837 0.281909849271 0 0
58.6 24 33 0.280713 0.699625072566 0.281880860184 0 0
58.7 24 34 0.281892 0.699711978667 0.281852601502 0 0
58.8 24 34 0.279166 0.699799140483 0.281825065161 0 0
58.9 24 33 0.256534 0.69988654544 0.281798242891 0 0
59 24 33 0.288639 0.69997418082 0.281772126718 0 0
59.1 24 33 0.273814 0.700062035208 0.281746708434 0 0
59.2 24 33 0.274234 0.700150097637 0.281721980369 0 0
59.3 24 33 0.296042 0.700238357906 0.281697934526 0 0
59.4 24 33 0.273357 0.700326806852 0.281674563071 0 0
59.5 24 33 0.294034 0.700415435731 0.281651858142 0 0
59.6 24 35 0.274091 0.700504237305 0.281629812396 0 0
59.7 24 34 0.271279 0.700593204846 0.281608416884 0 0
59.8 24 34 0.270725 0.700682333045 0.281587664926 0 0
59.9 24 34 0.24885 0.700771617207 0.281567548025 0 0
60 24 33 0.272812 0.700861053143 0.281548058059 0 0
60.1 24 34 0.272445 0.700950637881 0.28152918758 0 0
60.2 24 35 0.272104 0.701040369915 0.28151092847 0 0
60.3 24 34 0.249799 0.701130247431 0.281493273003 0 0
60.4 24 33 0.275933 0.701220269979 0.281476213066 0 0
60.5 24 34 0.301221 0.701310437552 0.281459741115 0 0
60.6 24 34 0.261105 0.701400751509 0.281443849193 0 0
60.7 24 34 0.308642 0.701491213013 0.281428529485 0 0
60.8 24 34 0.252302 0.701581824232 0.28141377459 0 0
60.9 24 34 0.276711 0.701672587381 0.281399576316 0 0
61 24 34 0.278562 0.701763505568 0.281385926794 0 0
61.1 24 35 0.284452 0.701854582056 0.281372818142 0 0
61.2 24 35 0.27898 0.701945820216 0.281360242835 0 0
61.3 24 34 0.280427 0.702037223462 0.281348192768 0 0
61.4 24 34 0.281223 0.702128795327 0.281336660402 0 0
61.5 24 34 0.281036 0.702220539675 0.281325637854 0 0
61.6 24 35 0.301459 0.702312459641 0.281315117305 0 0
61.7 24 34 0.283967 0.702404558631 0.281305091082 0 0
61.8 24 35 0.315654 0.702496839609 0.281295551656 0 0
61.9 24 35 0.28355 0.70258930505 0.28128649132 0 0
62 24 36 0.284815 0.702681957227 0.281277902524 0 0
62.1 24 36 0.273406 0.702774797572 0.281269777841 0 0
62.2 24 35 0.299073 0.702867827237 0.281262109773 0 0
62.3 24 34 0.327102 0.702961046951 0.281254890911 0 0
62.4 24 34 0.265344 0.703054456425 0.281248113968 0 0
62.5 24 34 0.285349 0.70314805468 0.28124177115 0 0
62.6 24 34 0.264269 0.703241840089 0.281235855984 0 0
62.7 24 34 0.392599 0.703335810613 0.281230360884 0 0
62.8 24 35 0.345813 0.703429962751 0.28122527864 0 0
62.9 24 34 0.438153 0.703524292798 0.281220601861 0 0
63 24 34 0.371961 0.703618795537 0.281216321191 0 0
63.1 24 34 0.351831 0.703713465442 0.281212433223 0 0
63.2 24 34 0.306997 0.703808296164 0.281208931813 0 0
63.3 24 35 0.324091 0.703903280782 0.281205808973 0 0
63.4 24 35 0.278637 0.703998411713 0.281203056807 0 0
63.5 24 35 0.283328 0.704093680134 0.281200671237 0 0
63.6 24 35 0.258485 0.704189076765 0.281198645858 0 0
63.7 24 34 0.285255 0.704284591627 0.281196973938 0 0
63.8 24 35 0.2813 0.704380214772 0.281195649002 0 0
63.9 24 35 0.307278 0.704475935629 0.281194664761 0 0
64 24 34 0.285781 0.704571742578 0.281194015089 0 0
64.1 24 34 0.313409 0.704667624649 0.281193694172 0 0
64.2 24 34 0.287893 0.704763569705 0.281193696179 0 0
64.3 24 34 0.285736 0.704859566089 0.28119401472 0 0
64.4 24 34 0.262702 0.704955601339 0.281194644132 0 0
64.5 24 36 0.309309 0.705051663417 0.281195578421 0 0
64.6 24 35 0.290599 0.705147740277 0.281196811966 0 0
64.7 24 35 0.28926 0.705243819974 0.281198339397 0 0
64.8 24 35 0.268441 0.705339891133 0.281200154742 0 0
64.9 24 34 0.31699 0.705435941999 0.281202252226 0 0
65 24 34 0.29519 0.705531961649 0.281204626658 0 0
65.1 24 37 0.289898 0.705627939404 0.281207272767 0 0
65.2 24 37 0.291198 0.705723864876 0.281210185003 0 0
65.3 24 35 0.287676 0.705819728789 0.281213357981 0 0
65.4 24 36 0.289299 0.705915521428 0.281216786678 0 0
65.5 24 35 0.290495 0.706011234847 0.281220465686 0 0
65.6 24 36 0.310424 0.7061068613 0.281224389875 0 0
65.7 24 35 0.290349 0.706202393767 0.281228554413 0 0
65.8 24 36 0.313959 0.706297825902 0.281232954048 0 0
65.9 24 35 0.314563 0.706393152663 0.281237584055 0 0
66 24 35 0.289874 0.706488369672 0.281242439234 0 0
66.1 24 36 0.289344 0.706583472765 0.281247515131 0 0
66.2 24 35 0.291565 0.70667845873 0.281252806866 0 0
66.3 24 35 0.316186 0.706773325963 0.281258309634 0 0
66.4 24 35 0.31399 0.70686807267 0.281264018802 0 0
66.5 24 35 0.293383 0.706962698191 0.281269930115 0 0
66.6 24 35 0.315601 0.707057202765 0.281276038502 0 0
66.7 24 37 0.313601 0.70715158721 0.281282339723 0 0
66.8 24 36 0.265688 0.707245852759 0.281288829466 0 0
66.9 24 36 0.267693 0.707340001761 0.281295502818 0 0
67 24 35 0.292738 0.707434036513 0.281302355816 0 0
67.1 24 36 0.298317 0.707527959958 0.281309382193 0 0
67.2 24 36 0.269398 0.707621775699 0.281316580424 0 0
67.3 24 36 0.296582 0.707715487997 0.281323945778 0 0
67.4 24 36 0.271811 0.70780910032 0.281331473305 0 0
67.5 24 36 0.293832 0.707902617243 0.28133915894 0 0
67.6 24 36 0.268501 0.707996043969 0.281346996783 0 0
67.7 24 35 0.298106 0.70808938457 0.281354983069 0 0
67.8 24 37 0.318498 0.708182643916 0.281363114502 0 0
67.9 24 35 0.320897 0.708275826568 0.281371385715 0 0
68 24 35 0.29903 0.708368937251 0.281379793122 0 0
68.1 24 35 0.321717 0.708461981013 0.28138833277 0 0
68.2 24 37 0.298128 0.708554962129 0.281397000179 0 0
68.3 24 36 0.305584 0.708647884889 0.281405791587 0 0
68.4 24 36 0.326222 0.708740752842 0.281414702373 0 0
68.5 24 36 0.32512 0.708833567808 0.281423728952 0 0
68.6 24 37 0.302044 0.708926329305 0.281432867452 0 0
68.7 24 36 0.304819 0.709019038962 0.281442113115 0 0
68.8 24 37 0.325317 0.709111699518 0.281451462416 0 0
68.9 24 37 0.303343 0.709204309183 0.281460911238 0 0
69 24 37 0.279041 0.709296866318 0.281470455451 0 0
69.1 24 38 0.331331 0.709389371072 0.28148009073 0 0
69.2 24 37 0.305856 0.709481821884 0.281489813803 0 0
69.3 24 38 0.305496 0.709574216552 0.281499620293 0 0
69.4 24 36 0.301667 0.709666551306 0.281509506096 0 0
69.5 24 37 0.306208 0.709758822548 0.281519467047 0 0
69.6 24 36 0.303399 0.709851025871 0.281529498936 0 0
69.7 24 36 0.305642 0.709943156651 0.281539597576 0 0
69.8 24 38 0.33112 0.710035208944 0.281549758816 0 0
69.9 24 36 0.330546 0.710127176529 0.281559978579 0 0
70 24 37 0.303539 0.710219052856 0.28157025278 0 0
70.1 24 36 0.332536 0.710310830167 0.281580576924 0 0
70.2 24 37 0.30734 0.710402501325 0.281590946568 0 0
70.3 24 37 0.330136 0.710494058082 0.281601357811 0 0
70.4 24 38 0.307874 0.710585492169 0.281611806097 0 0
70.5 24 38 0.282151 0.710676794967 0.281622287424 0 0
70.6 24 38 0.333439 0.710767957851 0.281632797223 0 0
70.7 24 36 0.331701 0.710858971656 0.281643331679 0 0
70.8 24 38 0.278806 0.710949827902 0.281653886238 0 0
70.9 24 38 0.332406 0.711040517917 0.281664456698 0 0
71 24 37 0.332152 0.711131032621 0.281675038703 0 0
71.1 24 37 0.307627 0.711221363768 0.281685627751 0 0
71.2 24 38 0.31441 0.711311502912 0.281696220102 0 0
71.3 24 39 0.33494 0.711401442126 0.281706811061 0 0
71.4 24 38 0.325766 0.711491173564 0.281717396938 0 0
71.5 24 38 0.315955 0.711580690125 0.28172797339 0 0
71.6 24 39 0.290556 0.711669985623 0.281738536027 0 0
71.7 24 39 0.322577 0.71175905272 0.281749080935 0 0
71.8 24 38 0.348831 0.711847886496 0.281759604011 0 0
71.9 24 41 0.301456 0.711936481891 0.281770101288 0 0
72 24 39 0.347895 0.712024834408 0.281780568964 0 0
72.1 24 38 0.320803 0.712112940347 0.281791003767 0 0
72.2 24 41 0.314244 0.712200796627 0.281801401818 0 0
72.3 24 40 0.31629 0.712288401182 0.281811759445 0 0
72.4 24 40 0.325015 0.712375752604 0.281822072839 0 0
72.5 24 38 0.322132 0.712462849827 0.281832339246 0 0
72.6 24 38 0.323459 0.71254969282 0.281842555064 0 0
72.7 24 40 0.34139 0.712636282135 0.281852716931 0 0
72.8 24 39 0.320842 0.712722618674 0.281862822329 0 0
72.9 24 39 0.318811 0.712808704776 0.281872867476 0 0
73 24 39 0.32008 0.712894543135 0.281882849847 0 0
73.1 24 40 0.348753 0.712980135857 0.281892766918 0 0
73.2 24 41 0.321959 0.713065487606 0.281902615629 0 0
73.3 24 39 0.321004 0.713150602581 0.281912393567 0 0
73.4 24 40 0.294682 0.713235485221 0.281922098749 0 0
73.5 24 39 0.321865 0.713320139783 0.281931728411 0 0
73.6 24 39 0.296853 0.713404571804 0.281941280717 0 0
73.7 24 40 0.326125 0.713488786631 0.281950753688 0 0
73.8 24 39 0.322488 0.71357278983 0.281960145568 0 0
73.9 24 40 0.321148 0.713656587468 0.28196945409 0 0
74 24 40 0.320103 0.71374018542 0.281978677556 0 0
74.1 24 39 0.359725 0.713823588953 0.281987814326 0 0
74.2 24 40 0.318222 0.713906803935 0.281996863028 0 0
74.3 24 39 0.323751 0.713989836072 0.282005822038 0 0
74.4 24 40 0.320691 0.714072690256 0.28201468994 0 0
74.5 24 40 0.342547 0.714155372377 0.282023465988 0 0
74.6 24 39 0.315141 0.714237886337 0.282032149176 0 0
74.7 24 39 0.338121 0.714320237075 0.282040737614 0 0
74.8 24 39 0.340577 0.714402428118 0.282049230468 0 0
74.9 24 39 0.312483 0.714484463064 0.282057626609 0 0
75 24 39 0.338579 0.714566344072 0.282065925456 0 0
75.1 24 40 0.314272 0.714648073658 0.282074125498 0 0
75.2 24 39 0.315791 0.714729653903 0.282082226008 0 0
75.3 24 39 0.319162 0.714811085402 0.282090225959 0 0
75.4 24 41 0.316741 0.714892368658 0.28209812485 0 0
75.5 24 40 0.318058 0.714973503411 0.282105921404 0 0
75.6 24 39 0.317815 0.715054488534 0.282113614977 0 0
75.7 24 40 0.321041 0.71513532288 0.282121204308 0 0
75.8 24 39 0.341648 0.715216003814 0.282128688691 0 0
75.9 24 40 0.358289 0.715296528535 0.282136066665 0 0
76 24 42 0.336135 0.71537689373 0.282143336796 0 0
76.1 24 39 0.345928 0.715457095162 0.282150499026 0 0
76.2 24 39 0.343712 0.715537127693 0.282157552105 0 0
76.3 24 39 0.345686 0.715616986995 0.282164494337 0 0
76.4 24 40 0.341712 0.715696666963 0.282171324932 0 0
76.5 24 40 0.317486 0.715776161844 0.282178042578 0 0
76.6 24 39 0.320506 0.715855465319 0.282184645704 0 0
76.7 24 41 0.292911 0.715934570791 0.282191133496 0 0
76.8 24 39 0.348361 0.716013470501 0.282197503992 0 0
76.9 24 40 0.348446 0.716092157562 0.282203756339 0 0
77 24 39 0.318845 0.716170625059 0.28220988879 0 0
77.1 24 38 0.321851 0.716248864805 0.282215900506 0 0
77.2 24 40 0.341169 0.71632687035 0.282221789262 0 0
77.3 24 38 0.367842 0.716404634238 0.282227553982 0 0
77.4 24 40 0.342869 0.71648214892 0.282233193252 0 0
77.5 24 41 0.316215 0.71655940772 0.282238705129 0 0
77.6 24 39 0.312927 0.716636404023 0.282244088348 0 0
77.7 24 42 0.336994 0.716713131073 0.282249341587 0 0
77.8 24 40 0.318361 0.716789583225 0.282254463378 0 0
77.9 24 42 0.343832 0.71686575465 0.282259452098 0 0
78 24 39 0.307994 0.716941640709 0.282264306077 0 0
78.1 24 39 0.336648 0.717017235868 0.28226902451 0 0
78.2 24 42 0.320933 0.71709253678 0.282273605737 0 0
78.3 24 41 0.309695 0.717167540212 0.282278047626 0 0
78.4 24 47 0.338536 0.717242242505 0.282282349133 0 0
78.5 24 47 0.344829 0.717316642074 0.282286509089 0 0
78.6 24 47 0.29534 0.717390737385 0.28229052632 0 0
78.7 24 46 0.323611 0.717464528026 0.282294398733 0 0
78.8 24 46 0.348886 0.717538013555 0.282298125897 0 0
78.9 24 46 0.317111 0.717611194451 0.282301706348 0 0
79 24 45 0.343252 0.717684071545 0.282305138925 0 0
79.1 24 45 0.313972 0.717756646738 0.282308422045 0 0
79.2 24 46 0.289428 0.717828922409 0.282311554742 0 0
79.3 24 45 0.312819 0.71790090131 0.282314536228 0 0
79.4 24 45 0.341932 0.717972586627 0.28231736522 0 0
79.5 24 45 0.340956 0.718043982694 0.28232004055 0 0
79.6 24 45 0.291006 0.718115094245 0.282322560807 0 0
79.7 24 45 0.318976 0.718185925757 0.28232492575 0 0
79.8 24 45 0.34105 0.718256482232 0.282327134583 0 0
79.9 24 45 0.313917 0.718326769614 0.282329186217 0 0
80 24 45 0.317608 0.718396793488 0.282331079523 0 0
80.1 24 45 0.320735 0.718466559866 0.282332813842 0 0
80.2 24 45 0.32102 0.718536075343 0.282334388036 0 0
80.3 24 45 0.324664 0.718605346018 0.282335801653 0 0
80.4 24 45 0.35106 0.718674378021 0.282337053701 0 0
80.5 24 45 0.321166 0.718743177805 0.282338143098 0 0
80.6 24 45 0.31678 0.718811751674 0.28233906934 0 0
80.7 24 45 0.347671 0.718880105612 0.28233983109 0 0
80.8 24 46 0.319472 0.718948245174 0.282340427895 0 0
80.9 24 45 0.321126 0.719016175818 0.282340858969 0 0
81 24 45 0.341402 0.719083903069 0.282341123431 0 0
81.1 24 45 0.34153 0.71915143187 0.28234122007 0 0
81.2 24 45 0.340962 0.719218766058 0.282341148061 0 0
81.3 24 45 0.321255 0.719285910066 0.282340906426 0 0
81.4 24 46 0.315826 0.719352867143 0.282340494832 0 0
81.5 24 45 0.321857 0.719419640537 0.282339911777 0 0
81.6 24 45 0.317939 0.719486232212 0.282339156933 0 0
81.7 24 45 0.342621 0.719552644115 0.282338228791 0 0
81.8 24 45 0.317194 0.719618877346 0.282337127089 0 0
81.9 24 46 0.32024 0.719684933127 0.28233585032 0 0
82 24 45 0.346465 0.719750811183 0.282334397852 0 0
82.1 24 46 0.321346 0.719816510759 0.282332769044 0 0
82.2 24 47 0.320297 0.719882030975 0.282330963111 0 0
82.3 24 45 0.34654 0.719947369996 0.282328978922 0 0
82.4 24 45 0.318418 0.720012525328 0.282326815665 0 0
82.5 24 46 0.344957 0.72007749436 0.282324472187 0 0
82.6 24 45 0.321295 0.72014227376 0.282321948254 0 0
82.7 24 46 0.346297 0.720206859561 0.282319242388 0 0
82.8 24 46 0.334176 0.720271247885 0.282316354175 0 0
82.9 24 45 0.320872 0.720335434171 0.282313282659 0 0
83 24 46 0.343306 0.72039941375 0.28231002739 0 0
83.1 24 46 0.319201 0.720463181262 0.282306587378 0 0
83.2 24 45 0.344822 0.720526731339 0.282302961707 0 0
83.3 24 45 0.293976 0.720590059288 0.282299150064 0 0
83.4 24 45 0.320984 0.720653158822 0.282295151785 0 0
83.5 24 45 0.320108 0.720716024741 0.282290966123 0 0
83.6 24 45 0.345138 0.720778651535 0.282286592093 0 0
83.7 24 45 0.346006 0.720841033477 0.282282029547 0 0
83.8 24 46 0.295607 0.7209031656 0.282277278099 0 0
83.9 24 45 0.34726 0.720965043461 0.282272336458 0 0
84 24 45 0.34943 0.72102666181 0.282267204946 0 0
84.1 24 45 0.353415 0.721088016357 0.282261882726 0 0
84.2 24 45 0.324063 0.72114910331 0.282256369409 0 0
84.3 24 45 0.327893 0.721209919005 0.2822506648 0 0
84.4 24 45 0.299177 0.721270460693 0.282244768062 0 0
84.5 24 46 0.328598 0.721330725636 0.282238679331 0 0
84.6 24 47 0.326937 0.721390711207 0.28223239826 0 0
84.7 24 45 0.351022 0.721450416072 0.282225925017 0 0
84.8 24 45 0.322979 0.721509839546 0.282219259141 0 0
84.9 24 45 0.329416 0.721568981097 0.282212400777 0 0
85 24 45 0.324526 0.721627841402 0.28220534965 0 0
85.1 24 45 0.327622 0.721686420739 0.28219810644 0 0
85.2 24 45 0.325593 0.721744720689 0.282190670702 0 0
85.3 24 45 0.322847 0.721802743492 0.282183042724 0 0
85.4 24 46 0.319198 0.721860491365 0.28217522258 0 0
85.5 24 45 0.324632 0.721917967682 0.282167210605 0 0
85.6 24 46 0.322713 0.721975176309 0.282159006951 0 0
85.7 24 45 0.347072 0.72203212107 0.282150612116 0 0
85.8 24 45 0.398989 0.722088806954 0.28214202643 0 0
85.9 24 46 0.502487 0.722145239037 0.282133250126 0 0
86 24 45 0.496898 0.722201423265 0.282124283071 0 0
86.1 24 45 0.501409 0.722257365137 0.282115126112 0 0
86.2 24 46 0.455072 0.722313070621 0.282105779383 0 0
86.3 24 46 0.425858 0.722368546502 0.282096243539 0 0
86.4 24 45 0.457221 0.722423798623 0.28208651877 0 0
86.5 24 45 0.45895 0.722478834203 0.282076605361 0 0
86.6 24 45 0.504808 0.722533659704 0.282066503525 0 0
86.7 24 45 0.510879 0.722588282061 0.282056213614 0 0
86.8 24 46 0.483702 0.722642708005 0.282045735688 0 0
86.9 24 46 0.364481 0.722696943722 0.2820350701 0 0
87 24 46 0.345793 0.722750995861 0.282024216997 0 0
87.1 24 45 0.321367 0.722804870494 0.282013176962 0 0
87.2 24 45 0.409139 0.722858573324 0.28200194976 0 0
87.3 24 45 0.377878 0.722912109737 0.281990535972 0 0
87.4 24 45 0.325713 0.722965485022 0.281978935306 0 0
87.5 24 45 0.326456 0.723018703974 0.281967148379 0 0
87.6 24 45 0.351921 0.723071770791 0.281955174433 0 0
87.7 24 45 0.307428 0.723124689276 0.281943013787 0 0
87.8 24 45 0.326769 0.723177462676 0.281930666644 0 0
87.9 24 45 0.329407 0.72323009352 0.281918133073 0 0
88 24 46 0.302012 0.72328258384 0.281905412722 0 0
88.1 24 46 0.32757 0.723334935811 0.281892505719 0 0
88.2 24 46 0.352418 0.723387149898 0.281879411574 0 0
88.3 24 45 0.359141 0.723439226665 0.2818661306 0 0
88.4 24 45 0.354952 0.723491165761 0.281852662642 0 0
88.5 24 45 0.357187 0.723542966759 0.281839007477 0 0
88.6 24 45 0.361404 0.723594628397 0.281825164421 0 0
88.7 24 45 0.361107 0.723646149025 0.28181113382 0 0
88.8 24 45 0.331056 0.723697526202 0.28179691523 0 0
88.9 24 45 0.335066 0.723748757214 0.281782508583 0 0
89 24 45 0.359457 0.723799838844 0.281767913523 0 0
89.1 24 45 0.366849 0.72385076774 0.281753129505 0 0
89.2 24 46 0.337482 0.72390153937 0.281738157146 0 0
89.3 25 45 0.310316 0.723952149675 0.281722995469 0 0
89.4 25 45 0.364727 0.724002594332 0.281707644756 0 0
89.5 25 45 0.34083 0.724052869083 0.281692105113 0 0
89.6 25 45 0.340909 0.724102968667 0.281676376256 0 0
89.7 25 46 0.36837 0.724152888271 0.281660458385 0 0
89.8 25 45 0.346444 0.724202622775 0.281644351145 0 0
89.9 25 45 0.314486 0.724252167667 0.28162805462 0 0
90 25 45 0.343863 0.724301517738 0.281611569244 0 0
90.1 25 45 0.344994 0.724350668475 0.28159489421 0 0
90.2 25 46 0.340099 0.724399615379 0.281578030423 0 0
90.3 25 46 0.372574 0.724448354505 0.281560978125 0 0
90.4 25 45 0.34448 0.724496881823 0.281543737314 0 0
90.5 25 45 0.342193 0.724545193787 0.281526308204 0 0
90.6 25 45 0.343629 0.724593287314 0.28150869111 0 0
90.7 25 45 0.318596 0.724641159859 0.281490886287 0 0
90.8 25 45 0.342722 0.724688809241 0.281472894119 0 0
90.9 25 45 0.343051 0.724736233448 0.281454715196 0 0
91 25 45 0.341253 0.724783431522 0.281436350169 0 0
91.1 25 45 0.343121 0.724830402773 0.281417799465 0 0
91.2 25 45 0.321125 0.724877146817 0.281399064188 0 0
91.3 25 45 0.37302 0.724923664614 0.281380144542 0 0
91.4 25 45 0.37373 0.724969956604 0.28136104156 0 0
91.5 25 45 0.559029 0.725016024923 0.281341756011 0 0
91.6 25 45 0.344288 0.725061871466 0.281322288953 0 0
91.7 25 45 0.323141 0.725107499055 0.281302641725 0 0
91.8 25 45 0.34018 0.72515291118 0.281282814397 0 0
91.9 25 45 0.343322 0.725198111021 0.281262808517 0 0
92 25 45 0.341526 0.72524310357 0.281242624837 0 0
92.1 25 45 0.351069 0.725287893354 0.281222264751 0 0
92.2 25 45 0.493423 0.725332485364 0.281201728708 0 0
92.3 25 45 0.528273 0.725376885481 0.281181018478 0 0
92.4 25 45 0.573378 0.725421098982 0.281160134774 0 0
92.5 25 45 0.531629 0.725465132106 0.281139078796 0 0
92.6 25 45 0.52885 0.725508991101 0.281117852088 0 0
92.7 25 45 0.485084 0.725552682721 0.281096455488 0 0
92.8 25 45 0.529131 0.725596213457 0.281074890256 0 0
92.9 25 45 0.531764 0.725639590215 0.281053157269 0 0
93 25 45 0.385817 0.725682819165 0.281031258141 0 0
93.1 25 45 0.481296 0.725725907594 0.281009193304 0 0
93.2 25 45 0.504509 0.7257688616 0.280986964225 0 0
93.3 25 46 0.45672 0.725811687796 0.280964572049 0 0
93.4 25 45 0.371716 0.725854391982 0.28094201767 0 0
93.5 25 45 0.379626 0.725896980551 0.280919302025 0 0
93.6 25 45 0.371645 0.725939458859 0.280896425847 0 0
93.7 25 45 0.338198 0.725981832055 0.280873390201 0 0
93.8 25 45 0.347602 0.726024105017 0.280850195667 0 0
93.9 25 45 0.370989 0.726066282382 0.280826843242 0 0
94 25 45 0.345833 0.726108367606 0.280803333764 0 0
94.1 25 45 0.350577 0.726150364197 0.280779667573 0 0
94.2 25 46 0.348469 0.726192275211 0.280755845714 0 0
94.3 25 45 0.351201 0.726234103429 0.280731868566 0 0
94.4 25 45 0.349434 0.726275850252 0.280707736277 0 0
94.5 25 46 0.345949 0.726317517201 0.280683449157 0 0
94.6 25 45 0.406532 0.726359105193 0.28065900784 0 0
94.7 25 45 0.400059 0.726400614548 0.280634412351 0 0
94.8 25 45 0.350966 0.726442044788 0.280609662898 0 0
94.9 25 46 0.351616 0.726483394993 0.280584759633 0 0
95 25 47 0.329568 0.726524663822 0.280559703057 0 0
95.1 25 46 0.321397 0.726565849521 0.280534493131 0 0
95.2 25 46 0.320523 0.726606949535 0.28050912983 0 0
95.3 25 46 0.319437 0.726647961713 0.280483612786 0 0
95.4 25 46 0.371733 0.726688882684 0.280457942516 0 0
95.5 25 46 0.381659 0.726729708784 0.280432118524 0 0
95.6 25 46 0.321631 0.72677043681 0.28040614109 0 0
95.7 25 46 0.355734 0.726811062771 0.280380009738 0 0
95.8 25 46 0.325147 0.726851582625 0.280353724258 0 0
95.9 25 46 0.349175 0.726891991466 0.280327284798 0 0
96 25 46 0.352354 0.726932285685 0.280300690971 0 0
96.1 25 46 0.323686 0.7269724608 0.280273942603 0 0
96.2 25 46 0.36456 0.727012512283 0.280247039884 0 0
96.3 25 46 0.378238 0.72705243607 0.280219982227 0 0
96.4 25 46 0.407066 0.727092228062 0.280192769409 0 0
96.5 25 46 0.543285 0.727131884007 0.280165401798 0 0
96.6 25 46 0.51593 0.727171400532 0.280137878655 0 0
96.7 25 46 0.352613 0.727210773927 0.280110199914 0 0
96.8 25 46 0.359795 0.727250001213 0.280082365864 0 0
96.9 25 46 0.352453 0.727289079519 0.280054375886 0 0
97 25 46 0.508225 0.72732800647 0.280026229821 0 0
97.1 25 46 0.40526 0.72736678014 0.279997927734 0 0
97.2 25 46 0.350502 0.727405398669 0.279969469824 0 0
97.3 25 46 0.353136 0.727443861335 0.279940855989 0 0
97.4 25 46 0.350552 0.727482167923 0.279912085728 0 0
97.5 25 46 0.378219 0.727520317915 0.279883160077 0 0
97.6 25 46 0.376174 0.727558312319 0.279854078819 0 0
97.7 25 46 0.375868 0.727596151824 0.279824842362 0 0
97.8 25 46 0.378464 0.727633838372 0.279795450812 0 0
97.9 25 46 0.374842 0.727671373749 0.279765904745 0 0
98 25 46 0.374888 0.727708760546 0.279736204747 0 0
98.1 25 46 0.355022 0.727746001839 0.279706351469 0 0
98.2 25 46 0.351531 0.72778310149 0.279676345157 0 0
98.3 25 46 0.325992 0.727820063266 0.279646186704 0 0
98.4 25 46 0.471326 0.727856891788 0.279615876686 0 0
98.5 25 46 0.570934 0.727893591409 0.279585415849 0 0
98.6 25 46 0.530457 0.727930167326 0.279554805318 0 0
98.7 25 46 0.472574 0.727966625304 0.27952404601 0 0
98.8 25 46 0.532609 0.728002970635 0.279493138659 0 0
98.9 25 46 0.349795 0.728039209401 0.279462084602 0 0
99 25 46 0.453536 0.728075347535 0.27943088477 0 0
99.1 25 46 0.504416 0.72811139096 0.279399540235 0 0
99.2 25 46 0.357636 0.728147346316 0.279368052296 0 0
99.3 25 46 0.352272 0.72818321977 0.279336421565 0 0
99.4 25 46 0.351204 0.728219017222 0.279304649659 0 0
99.5 25 46 0.347828 0.72825474447 0.279272737776 0 0
99.6 25 46 0.356748 0.728290407377 0.279240686936 0 0
99.7 25 46 0.373749 0.728326011566 0.279208498707 0 0
99.8 25 46 0.350633 0.728361562906 0.279176173565 0 0
99.9 25 46 0.378265 0.728397065711 0.279143713177 0 0
100 25 46 0.381761 0.728432525138 0.279111118545 0 0
