# SIAM excitation B=c_0up^dag|gs> (normalized), method=fbr
# L=200 U=0.05 V=0.1 dt=0.1 tmax=100 cutoff=1e-10 max_bond_dim=1024
# E_gs=-62.7371594413 gs_n_active=24 gs_bond_dim=26 gs_wall_s=194.030949
# nrm=0.7071067802
# t  n_active  bond_dim  wall_s  n0up  n0dw  ReA  ImA
0 24 26 0.041871 1 0.609862105637 0 0
0.1 20 14 0.173004 0.999961295714 0.609852181926 0 0
0.2 20 14 0.178678 0.999845284847 0.609822428458 0 0
0.3 18 14 0.159326 0.999652271136 0.609772887701 0 0
0.4 17 14 0.156084 0.999382759728 0.609703630795 0 0
0.5 18 14 0.152469 0.999037454924 0.609614756712 0 0
0.6 16 14 0.162396 0.998617256021 0.609506393167 0 0
0.7 16 14 0.173721 0.998123253958 0.609378692233 0 0
0.8 18 14 0.151565 0.997556725764 0.609231832998 0 0
0.9 18 14 0.154816 0.996919127927 0.609066020115 0 0
1 18 14 0.17557 0.996212090726 0.608881482588 0 0
1.1 18 14 0.174052 0.995437409792 0.608678472615 0 0
1.2 17 14 0.155523 0.994597037356 0.608457264367 0 0
1.3 17 14 0.171373 0.993693074198 0.608218152867 0 0
1.4 17 14 0.153609 0.992727759574 0.607961452611 0 0
1.5 17 14 0.15284 0.991703460467 0.607687496176 0 0
1.6 17 14 0.152377 0.990622660927 0.607396632655 0 0
1.7 17 14 0.153593 0.989487950602 0.607089226248 0 0
1.8 17 14 0.154143 0.988302013678 0.606765654667 0 0
1.9 17 14 0.153514 0.987067616287 0.606426307537 0 0
2 18 14 0.154189 0.985787594069 0.606071584803 0 0
2.1 18 14 0.174155 0.984464840449 0.60570189508 0 0
2.2 18 14 0.174239 0.983102293312 0.605317654108 0 0
2.3 18 14 0.157413 0.981702922637 0.604919283033 0 0
2.4 18 14 0.177659 0.980269717747 0.60450720695 0 0
2.5 17 14 0.176076 0.978805675047 0.604081853243 0 0
2.6 17 14 0.17213 0.977313785265 0.603643650199 0 0
2.7 17 14 0.152796 0.975797021016 0.603193025408 0 0
2.8 17 14 0.153049 0.974258325818 0.602730404543 0 0
2.9 17 14 0.15373 0.972700601478 0.602256209809 0 0
3 17 14 0.155161 0.971126697991 0.601770858797 0 0
3.1 17 14 0.156411 0.969539402377 0.601274763182 0 0
3.2 17 14 0.153961 0.967941428201 0.600768327664 0 0
3.3 17 14 0.154791 0.966335406387 0.600251948796 0 0
3.4 17 14 0.154119 0.964723876507 0.599726014195 0 0
3.5 17 14 0.154175 0.96310927802 0.599190901585 0 0
3.6 16 14 0.155198 0.961493942768 0.598646978159 0 0
3.7 16 14 0.170785 0.959880087953 0.598094599491 0 0
3.8 16 14 0.171298 0.958269810431 0.597534109329 0 0
3.9 16 14 0.171647 0.95666508144 0.596965838974 0 0
4 19 14 0.170024 0.955067741578 0.596390106853 0 0
4.1 19 14 0.159896 0.953479497676 0.595807218154 0 0
4.2 19 14 0.139312 0.951901918871 0.595217464571 0 0
4.3 18 14 0.15927 0.950336434958 0.594621124323 0 0
4.4 19 14 0.136425 0.948784336114 0.594018461935 0 0
4.5 19 14 0.159536 0.947246770007 0.59340972826 0 0
4.6 19 14 0.159161 0.945724744756 0.59279516039 0 0
4.7 19 14 0.139376 0.944219127767 0.592174982166 0 0
4.8 18 14 0.160777 0.942730649084 0.591549404105 0 0
4.9 19 14 0.135558 0.941259902785 0.590918623827 0 0
5 19 14 0.162796 0.939807350712 0.590282826591 0 0
5.1 20 14 0.159887 0.938373326917 0.589642185368 0 0
5.2 20 14 0.161874 0.936958039783 0.588996861249 0 0
5.3 20 14 0.162039 0.935561579819 0.588347004406 0 0
5.4 20 14 0.18226 0.934183923825 0.5876927542 0 0
5.5 19 14 0.163535 0.932824940851 0.587034239799 0 0
5.6 19 14 0.159821 0.931484399235 0.586371580901 0 0
5.7 20 14 0.138866 0.930161972613 0.585704888272 0 0
5.8 20 14 0.163998 0.928857248678 0.585034264536 0 0
5.9 18 14 0.18201 0.927569733883 0.584359804695 0 0
6 18 14 0.157768 0.926298864034 0.583681596633 0 0
6.1 18 14 0.156359 0.925044009896 0.582999721968 0 0
6.2 18 14 0.15762 0.923804486535 0.582314256821 0 0
6.3 18 14 0.15805 0.922579560117 0.581625272252 0 0
6.4 18 14 0.176786 0.921368457641 0.580932834911 0 0
6.5 18 14 0.157037 0.920170373499 0.580237007822 0 0
6.6 18 14 0.157532 0.918984477051 0.579537850716 0 0
6.7 18 14 0.177741 0.917809920756 0.578835421002 0 0
6.8 18 14 0.177329 0.916645847721 0.578129774132 0 0
6.9 18 14 0.157566 0.915491398051 0.577420963906 0 0
7 18 14 0.178586 0.91434571877 0.576709043448 0 0
7.1 18 14 0.159429 0.913207966401 0.575994065132 0 0
7.2 18 14 0.178613 0.912077315507 0.575276081567 0 0
7.3 18 15 0.177464 0.910952963889 0.574555145704 0 0
7.4 18 14 0.159824 0.909834137548 0.573831311074 0 0
7.5 18 14 0.157899 0.908720097589 0.573104632233 0 0
7.6 17 15 0.159383 0.907610142932 0.572375165214 0 0
7.7 17 14 0.175709 0.90650361552 0.571642967512 0 0
7.8 17 14 0.176374 0.90539990328 0.570908098326 0 0
7.9 17 14 0.177857 0.904298443658 0.570170618683 0 0
8 17 14 0.176574 0.903198725178 0.569430591829 0 0
8.1 17 14 0.175661 0.902100290407 0.568688082898 0 0
8.2 17 14 0.176457 0.9010027369 0.567943159207 0 0
8.3 17 14 0.176519 0.899905718548 0.567195890222 0 0
8.4 17 14 0.176857 0.898808946466 0.566446347431 0 0
8.5 17 14 0.177196 0.897712187813 0.56569460433 0 0
8.6 17 14 0.177624 0.896615266653 0.564940736362 0 0
8.7 17 14 0.177266 0.895518062069 0.56418482081 0 0
8.8 17 14 0.177129 0.894420507359 0.563426936512 0 0
8.9 16 14 0.177033 0.893322587964 0.562667163815 0 0
9 16 14 0.156276 0.892224339787 0.561905584434 0 0
9.1 16 14 0.155665 0.891125846907 0.561142280874 0 0
9.2 16 14 0.154477 0.890027237989 0.560377336737 0 0
9.3 16 14 0.155857 0.888928683785 0.559610836143 0 0
9.4 16 14 0.155775 0.887830393704 0.558842863568 0 0
9.5 17 14 0.154529 0.886732612284 0.558073503598 0 0
9.6 17 14 0.177251 0.885635615503 0.557302840678 0 0
9.7 17 14 0.176438 0.884539706805 0.556530958922 0 0
9.8 17 14 0.176746 0.883445213456 0.555757941693 0 0
9.9 17 15 0.177364 0.882352482112 0.554983871442 0 0
10 17 14 0.177599 0.88126187495 0.554208829635 0 0
10.1 17 15 0.176487 0.880173766082 0.553432896268 0 0
10.2 17 14 0.178243 0.879088536474 0.552656149827 0 0
10.3 17 15 0.177092 0.878006571093 0.55187866696 0 0
10.4 17 15 0.177341 0.876928254376 0.55110052248 0 0
10.5 17 14 0.176903 0.875853966689 0.550321789007 0 0
10.6 18 15 0.176551 0.87478408046 0.549542536894 0 0
10.7 18 14 0.160975 0.873718957027 0.548762834113 0 0
10.8 18 14 0.179751 0.872658943442 0.547982746106 0 0
10.9 18 14 0.161481 0.871604369552 0.547202335626 0 0
11 18 14 0.197723 0.870555544945 0.546421662978 0 0
11.1 18 14 0.160852 0.86951275634 0.545640785542 0 0
11.2 17 14 0.159522 0.868476265695 0.544859758029 0 0
11.3 17 14 0.176084 0.867446309618 0.544078632371 0 0
11.4 17 14 0.176505 0.866423094478 0.543297457777 0 0
11.5 17 14 0.177939 0.865406798652 0.54251628081 0 0
11.6 17 14 0.177556 0.86439756871 0.541735145158 0 0
11.7 17 14 0.176589 0.863395520692 0.540954092123 0 0
11.8 17 14 0.179944 0.862400738251 0.540173160413 0 0
11.9 17 14 0.177793 0.861413274089 0.539392386434 0 0
12 17 14 0.176725 0.860433148687 0.538611804258 0 0
12.1 17 14 0.160527 0.85946035183 0.53783144578 0 0
12.2 17 14 0.160746 0.858494842063 0.537051340847 0 0
12.3 17 14 0.158723 0.857536548398 0.536271517384 0 0
12.4 18 15 0.158478 0.856585372404 0.535492001709 0 0
12.5 17 14 0.180311 0.855641188324 0.534712818637 0 0
12.6 17 14 0.159421 0.854703845213 0.533933991334 0 0
12.7 17 14 0.15817 0.853773168796 0.533155541961 0 0
12.8 17 15 0.158526 0.852848964006 0.532377491544 0 0
12.9 17 14 0.157706 0.851931016366 0.531599860443 0 0
13 17 14 0.158032 0.851019094253 0.530822667975 0 0
13.1 17 15 0.15784 0.8501129522 0.530045933192 0 0
13.2 17 14 0.158304 0.849212332747 0.5292696747 0 0
13.3 17 15 0.158284 0.848316968544 0.528493910859 0 0
13.4 17 15 0.159201 0.847426585686 0.527718659921 0 0
13.5 17 15 0.159544 0.846540905157 0.526943940353 0 0
13.6 17 15 0.157811 0.845659646453 0.526169770712 0 0
13.7 17 15 0.158418 0.844782530096 0.525396169938 0 0
13.8 17 15 0.158602 0.843909278728 0.524623157306 0 0
13.9 17 15 0.158618 0.843039620611 0.523850752784 0 0
14 17 15 0.160102 0.84217329133 0.523078976751 0 0
14.1 17 15 0.160854 0.841310036405 0.522307850453 0 0
14.2 17 15 0.160401 0.840449612674 0.521537395736 0 0
14.3 17 15 0.160334 0.839591790294 0.520767635301 0 0
14.4 17 15 0.163342 0.838736354858 0.519998592631 0 0
14.5 17 15 0.160399 0.837883108354 0.519230292061 0 0
14.6 17 15 0.158528 0.837031870223 0.518462758716 0 0
14.7 17 15 0.158911 0.836182479224 0.517696018565 0 0
14.8 17 15 0.162581 0.835334793958 0.516930098393 0 0
14.9 17 15 0.161189 0.834488693443 0.51616502574 0 0
15 17 15 0.161693 0.833644077682 0.515400828832 0 0
15.1 17 15 0.158403 0.8328008686 0.514637536616 0 0
15.2 17 15 0.158705 0.831959008997 0.513875178531 0 0
15.3 17 15 0.162615 0.831118463444 0.513113784653 0 0
15.4 17 15 0.161814 0.830279217449 0.512353385435 0 0
15.5 18 15 0.162053 0.829441277319 0.511594011716 0 0
15.6 18 15 0.14676 0.828604669022 0.510835694566 0 0
15.7 18 15 0.144576 0.827769437793 0.510078465225 0 0
15.8 18 15 0.144988 0.826935647168 0.509322355064 0 0
15.9 18 15 0.165271 0.826103377656 0.508567395378 0 0
16 18 15 0.142049 0.825272725652 0.507813617211 0 0
16.1 18 15 0.16166 0.824443801599 0.507061051537 0 0
16.2 18 15 0.167935 0.823616729432 0.506309728881 0 0
16.3 18 15 0.163493 0.822791644128 0.50555967939 0 0
16.4 18 15 0.164351 0.821968690178 0.504810932636 0 0
16.5 18 15 0.144329 0.821148020623 0.504063517447 0 0
16.6 18 15 0.162301 0.820329794329 0.503317462078 0 0
16.7 18 15 0.160907 0.819514175136 0.502572793991 0 0
16.8 18 15 0.144791 0.818701329218 0.501829539696 0 0
16.9 18 15 0.166281 0.817891424161 0.501087724819 0 0
17 18 15 0.162813 0.817084626741 0.500347373943 0 0
17.1 18 15 0.161237 0.816281101402 0.499608510603 0 0
17.2 18 15 0.186689 0.815481008644 0.498871157269 0 0
17.3 18 15 0.146259 0.814684503313 0.498135335297 0 0
17.4 18 15 0.168071 0.813891733193 0.497401064895 0 0
17.5 18 15 0.14598 0.813102837958 0.496668365049 0 0
17.6 18 15 0.143159 0.812317947304 0.495937253656 0 0
17.7 18 15 0.142106 0.811537180462 0.495207747417 0 0
17.8 18 15 0.141458 0.810760644486 0.494479861884 0 0
17.9 18 15 0.143497 0.809988433904 0.493753611431 0 0
18 18 15 0.144294 0.809220629917 0.493029009378 0 0
18.1 18 15 0.167665 0.808457299524 0.492306067985 0 0
18.2 18 15 0.217555 0.807698495078 0.491584798438 0 0
18.3 18 15 0.216894 0.806944253667 0.49086521093 0 0
18.4 18 15 0.213293 0.806194597759 0.490147314843 0 0
18.5 18 15 0.251109 0.805449534407 0.489431118596 0 0
18.6 18 15 0.249883 0.804709056351 0.488716630078 0 0
18.7 18 15 0.21387 0.803973140669 0.488003856086 0 0
18.8 18 15 0.215564 0.803241750009 0.487292803001 0 0
18.9 18 15 0.248966 0.802514833574 0.486583476589 0 0
19 18 15 0.211774 0.801792327244 0.485875882139 0 0
19.1 18 15 0.245222 0.801074154047 0.48517002453 0 0
19.2 18 15 0.212197 0.800360225514 0.484465908329 0 0
19.3 18 15 0.21229 0.799650442565 0.483763537746 0 0
19.4 18 16 0.212164 0.798944696248 0.483062916901 0 0
19.5 18 16 0.246019 0.798242869269 0.482364049839 0 0
19.6 18 17 0.212347 0.797544836607 0.481666940529 0 0
19.7 18 17 0.212497 0.796850466612 0.480971593055 0 0
19.8 19 17 0.245943 0.796159623037 0.480278011586 0 0
19.9 19 17 0.284418 0.79547216593 0.479586200391 0 0
20 19 17 0.259211 0.794787953069 0.478896164159 0 0
20.1 19 17 0.222657 0.794106840879 0.478207907556 0 0
20.2 19 17 0.239304 0.793428685916 0.477521435726 0 0
20.3 19 17 0.189497 0.792753346346 0.476836754139 0 0
20.4 19 17 0.278458 0.792080682948 0.47615386855 0 0
20.5 19 17 0.191107 0.791410560208 0.475472785498 0 0
20.6 20 17 0.18684 0.790742847507 0.474793511351 0 0
20.7 20 17 0.150832 0.790077420537 0.474116053324 0 0
20.8 20 17 0.150675 0.789414161498 0.473440419126 0 0
20.9 20 17 0.196605 0.788752960819 0.472766616717 0 0
21 20 17 0.171669 0.788093717578 0.472094654508 0 0
21.1 20 17 0.191145 0.787436340167 0.471424541307 0 0
21.2 20 17 0.18441 0.786780746597 0.470756286636 0 0
21.3 20 17 0.296269 0.786126866477 0.470089899819 0 0
21.4 20 17 0.286687 0.785474639029 0.469425391047 0 0
21.5 20 17 0.289526 0.784824015782 0.468762770638 0 0
21.6 19 17 0.223709 0.784174959067 0.468102049232 0 0
21.7 19 17 0.261097 0.783527443006 0.467443237516 0 0
21.8 20 17 0.259985 0.782881452825 0.466786346779 0 0
21.9 20 17 0.221555 0.782236985322 0.466131387818 0 0
22 20 17 0.253602 0.781594048891 0.465478371779 0 0
22.1 20 17 0.285306 0.7809526617 0.464827309773 0 0
22.2 20 17 0.254297 0.780312852642 0.464178213456 0 0
22.3 20 17 0.255549 0.779674660342 0.463531093558 0 0
22.4 20 17 0.255606 0.779038132895 0.462885961541 0 0
22.5 20 17 0.280613 0.778403326587 0.46224282766 0 0
22.6 20 17 0.252354 0.777770305355 0.461601702371 0 0
22.7 20 17 0.284729 0.777139140027 0.460962595939 0 0
22.8 20 17 0.218079 0.776509907556 0.460325518414 0 0
22.9 20 17 0.220889 0.775882690161 0.459690479219 0 0
23 20 17 0.28274 0.77525757369 0.459057487376 0 0
23.1 20 17 0.25171 0.774634647579 0.458426551767 0 0
23.2 20 17 0.256347 0.774014003599 0.45779768046 0 0
23.3 20 17 0.216755 0.773395733988 0.457170880852 0 0
23.4 20 17 0.220038 0.772779931962 0.456546160366 0 0
23.5 20 16 0.255397 0.772166689194 0.455923524896 0 0
23.6 20 16 0.248952 0.771556096186 0.455302980741 0 0
23.7 20 16 0.283725 0.770948240807 0.454684532918 0 0
23.8 20 16 0.253195 0.770343207448 0.454068186418 0 0
23.9 20 16 0.281083 0.769741075999 0.45345394524 0 0
24 20 16 0.252963 0.769141921319 0.452841812885 0 0
24.1 20 16 0.21873 0.768545812291 0.452231792192 0 0
24.2 20 16 0.252393 0.767952811072 0.45162388548 0 0
24.3 20 16 0.251345 0.767362973211 0.451018094459 0 0
24.4 20 16 0.219196 0.766776346717 0.45041442036 0 0
24.5 20 16 0.251637 0.766192970964 0.449812863674 0 0
24.6 20 16 0.215627 0.765612877548 0.449213425003 0 0
24.7 20 16 0.25089 0.765036088835 0.448616103839 0 0
24.8 20 16 0.219878 0.764462618935 0.44802089959 0 0
24.9 20 16 0.216382 0.763892473209 0.447427810862 0 0
25 20 16 0.252092 0.763325647195 0.446836836652 0 0
25.1 20 16 0.255072 0.76276212917 0.44624797516 0 0
25.2 20 16 0.256173 0.762201897433 0.445661224798 0 0
25.3 20 17 0.287114 0.761644922431 0.445076583123 0 0
25.4 20 17 0.285883 0.761091166752 0.44449404809 0 0
25.5 20 16 0.288882 0.760540585347 0.443913617338 0 0
25.6 20 16 0.220945 0.759993125638 0.443335288302 0 0
25.7 20 16 0.254073 0.759448728726 0.442759058177 0 0
25.8 20 16 0.281803 0.758907329091 0.442184924599 0 0
25.9 20 16 0.216576 0.75836885681 0.441612885109 0 0
26 20 16 0.218402 0.757833236007 0.441042937236 0 0
26.1 20 16 0.252567 0.757300387755 0.440475078514 0 0
26.2 20 16 0.218727 0.756770229179 0.439909307257 0 0
26.3 20 16 0.25336 0.756242675142 0.439345620966 0 0
26.4 20 16 0.251762 0.755717638758 0.438784018182 0 0
26.5 20 16 0.220353 0.755195031872 0.438224497555 0 0
26.6 20 16 0.251944 0.754674766409 0.437667057938 0 0
26.7 20 16 0.251736 0.754156754939 0.437111698196 0 0
26.8 20 16 0.28523 0.753640911132 0.436558417522 0 0
26.9 20 16 0.253098 0.753127150986 0.436007215361 0 0
27 20 16 0.280654 0.752615392821 0.435458091528 0 0
27.1 20 16 0.252342 0.752105558907 0.434911045942 0 0
27.2 20 16 0.218701 0.75159757549 0.434366079002 0 0
27.3 20 16 0.281836 0.751091373133 0.433823190972 0 0
27.4 20 16 0.251838 0.750586887649 0.433282383011 0 0
27.5 20 16 0.251753 0.750084060956 0.432743656286 0 0
27.6 20 16 0.254755 0.749582840472 0.432207012109 0 0
27.7 20 16 0.250985 0.749083180599 0.43167245206 0 0
27.8 20 16 0.254186 0.748585041954 0.43113997738 0 0
27.9 20 16 0.259233 0.748088392217 0.430609590217 0 0
28 20 16 0.255321 0.747593206219 0.430081292351 0 0
28.1 20 16 0.219718 0.747099464979 0.429555085907 0 0
28.2 20 16 0.255595 0.746607158616 0.42903097285 0 0
28.3 20 17 0.257825 0.746116281829 0.428508955504 0 0
28.4 20 18 0.229601 0.745626837145 0.427989035876 0 0
28.5 20 17 0.269512 0.745138837364 0.427471215863 0 0
28.6 20 17 0.263232 0.744652298813 0.426955498016 0 0
28.7 20 17 0.294577 0.744167244883 0.426441884114 0 0
28.8 20 17 0.23098 0.743683702927 0.425930376417 0 0
28.9 20 17 0.227168 0.743201708401 0.425420976333 0 0
29 20 17 0.283492 0.742721298476 0.424913685269 0 0
29.1 20 17 0.291045 0.742242516696 0.424408504702 0 0
29.2 20 17 0.225786 0.741765409495 0.423905435833 0 0
29.3 20 17 0.269117 0.741290026227 0.423404479477 0 0
29.4 20 18 0.295109 0.740816420482 0.42290563644 0 0
29.5 20 17 0.260249 0.740344647792 0.422408906706 0 0
29.6 20 17 0.291209 0.739874764745 0.421914290308 0 0
29.7 20 17 0.258246 0.739406829198 0.421421787064 0 0
29.8 20 17 0.259691 0.738940898884 0.420931396376 0 0
29.9 20 18 0.253773 0.738477031364 0.420443116933 0 0
30 20 18 0.286881 0.73801528308 0.419956947525 0 0
30.1 20 18 0.29226 0.737555708515 0.419472886571 0 0
30.2 20 18 0.295526 0.737098360488 0.418990931826 0 0
30.3 20 18 0.287013 0.736643288643 0.41851108114 0 0
30.4 20 18 0.256849 0.736190539622 0.418033331816 0 0
30.5 20 18 0.211511 0.735740156302 0.417557680505 0 0
30.6 20 18 0.198486 0.735292177188 0.417084123797 0 0
30.7 20 18 0.177016 0.734846636638 0.41661265815 0 0
30.8 20 18 0.154647 0.734403564008 0.416143279708 0 0
30.9 20 18 0.196288 0.7339629831 0.415675983796 0 0
31 20 18 0.178266 0.73352491279 0.415210766113 0 0
31.1 20 18 0.176452 0.733089365665 0.41474762219 0 0
31.2 20 18 0.195731 0.732656349136 0.414286546907 0 0
31.3 20 18 0.17533 0.732225864577 0.413827535407 0 0
31.4 20 18 0.175401 0.731797907714 0.413370582615 0 0
31.5 20 18 0.197505 0.73137246827 0.412915683043 0 0
31.6 20 18 0.157625 0.730949530742 0.412462831578 0 0
31.7 20 18 0.182433 0.730529073587 0.412012022525 0 0
31.8 20 18 0.231609 0.73011107033 0.411563250664 0 0
31.9 20 18 0.253918 0.729695488928 0.411116510142 0 0
32 20 18 0.311953 0.729282292648 0.410671795917 0 0
32.1 20 18 0.222637 0.728871441233 0.410229102683 0 0
32.2 20 18 0.223802 0.728462889547 0.409788424934 0 0
32.3 20 18 0.25942 0.728056588931 0.409349757308 0 0
32.4 20 18 0.258828 0.727652487588 0.408913094989 0 0
32.5 20 18 0.26057 0.727250531492 0.408478432693 0 0
32.6 20 18 0.246899 0.72685066348 0.408045765721 0 0
32.7 20 18 0.289908 0.726452825611 0.407615089212 0 0
32.8 20 18 0.263876 0.726056958194 0.407186398744 0 0
32.9 20 18 0.291925 0.72566300106 0.406759690195 0 0
33 20 18 0.2607 0.725270893598 0.406334959411 0 0
33.1 20 18 0.296447 0.724880576345 0.405912202223 0 0
33.2 20 18 0.298218 0.724491989861 0.405491414801 0 0
33.3 20 18 0.230049 0.72410507672 0.405072593776 0 0
33.4 20 18 0.297913 0.723719781162 0.404655735694 0 0
33.5 20 18 0.264751 0.72333604954 0.404240837298 0 0
33.6 20 18 0.296379 0.722953831068 0.403827895442 0 0
33.7 20 18 0.259429 0.722573078278 0.403416907343 0 0
33.8 20 18 0.225524 0.722193747295 0.403007870332 0 0
33.9 20 18 0.262829 0.721815797755 0.402600782087 0 0
34 20 18 0.228633 0.721439193708 0.402195639952 0 0
34.1 20 18 0.248802 0.721063903307 0.401792441614 0 0
34.2 20 18 0.159023 0.720689899298 0.401391185165 0 0
34.3 20 18 0.260841 0.720317159362 0.400991868462 0 0
34.4 20 18 0.259936 0.71994566572 0.400594489265 0 0
34.5 20 18 0.203163 0.719575405883 0.400199045798 0 0
34.6 20 18 0.18168 0.719206371741 0.399805536148 0 0
34.7 20 18 0.1982 0.718838560246 0.399413958374 0 0
34.8 20 18 0.180075 0.718471973056 0.399024310343 0 0
34.9 20 18 0.176751 0.718106616381 0.398636590133 0 0
35 20 19 0.176293 0.717742501209 0.39825079577 0 0
35.1 20 18 0.176162 0.717379642585 0.397866925335 0 0
35.2 20 19 0.197039 0.71701805962 0.397484976258 0 0
35.3 20 18 0.157214 0.716657774575 0.397104947054 0 0
35.4 20 18 0.19618 0.716298813997 0.39672683369 0 0
35.5 20 18 0.177658 0.71594120697 0.396350634109 0 0
35.6 20 18 0.197548 0.715584985282 0.395976345677 0 0
35.7 20 18 0.196709 0.715230182742 0.395603965523 0 0
35.8 20 18 0.176944 0.714876835563 0.39523349056 0 0
35.9 20 18 0.177486 0.714524980721 0.394864917252 0 0
36 20 18 0.177056 0.714174656795 0.394498242132 0 0
36.1 20 18 0.154851 0.713825902635 0.394133461601 0 0
36.2 20 18 0.176847 0.713478757486 0.39377057143 0 0
36.3 20 18 0.156383 0.713133259854 0.393409567727 0 0
36.4 20 18 0.198684 0.712789447714 0.393050445738 0 0
36.5 20 18 0.156218 0.712447357599 0.392693201306 0 0
36.6 20 18 0.177087 0.712107025188 0.392337829408 0 0
36.7 20 18 0.177542 0.711768483365 0.391984325052 0 0
36.8 20 18 0.198317 0.71143176341 0.391632682837 0 0
36.9 20 18 0.177594 0.711096893315 0.391282897763 0 0
37 20 18 0.198552 0.710763899043 0.390934964079 0 0
37.1 20 18 0.198234 0.710432802202 0.390588876017 0 0
37.2 20 18 0.198544 0.710103621917 0.39024462779 0 0
37.3 20 18 0.198549 0.709776373196 0.389902213483 0 0
37.4 20 18 0.178259 0.709451067497 0.389561627082 0 0
37.5 20 18 0.199645 0.709127711902 0.389222862136 0 0
37.6 20 18 0.197969 0.708806309987 0.388885912525 0 0
37.7 20 18 0.178158 0.708486860946 0.38855077163 0 0
37.8 20 19 0.198355 0.708169360107 0.388217433487 0 0
37.9 20 19 0.196611 0.707853799004 0.387885891299 0 0
38 20 18 0.178081 0.707540164422 0.387556138773 0 0
38.1 20 18 0.179577 0.707228440026 0.387228169364 0 0
38.2 20 19 0.158117 0.706918605517 0.386901977233 0 0
38.3 20 19 0.152861 0.706610636806 0.386577555464 0 0
38.4 20 18 0.174199 0.706304506896 0.386254897617 0 0
38.5 20 18 0.175385 0.706000185867 0.38593399748 0 0
38.6 20 18 0.176402 0.705697640415 0.385614848827 0 0
38.7 20 18 0.177098 0.7053968354 0.38529744553 0 0
38.8 20 19 0.176948 0.705097733256 0.384981781669 0 0
38.9 20 18 0.197213 0.704800293959 0.384667851458 0 0
39 20 18 0.177307 0.704504476719 0.384355649236 0 0
39.1 20 18 0.195484 0.704210239727 0.384045169162 0 0
39.2 20 19 0.176944 0.703917539568 0.383736406146 0 0
39.3 20 20 0.155233 0.703626332914 0.383429354431 0 0
39.4 20 20 0.19896 0.703336577122 0.383124008977 0 0
39.5 20 20 0.178056 0.703048228662 0.382820364837 0 0
39.6 20 20 0.198554 0.702761245345 0.382518417235 0 0
39.7 20 20 0.178147 0.702475586491 0.382218161681 0 0
39.8 20 20 0.17918 0.702191212154 0.3819195936 0 0
39.9 20 20 0.157022 0.701908085105 0.381622708028 0 0
40 20 20 0.158296 0.701626169241 0.38132750071 0 0
40.1 20 21 0.158646 0.701345431051 0.381033967208 0 0
40.2 20 20 0.158745 0.701065839197 0.380742103979 0 0
40.3 20 20 0.158157 0.700787365575 0.380451907432 0 0
40.4 20 20 0.157039 0.700509984759 0.380163370312 0 0
40.5 20 20 0.179893 0.700233674261 0.379876493784 0 0
40.6 20 21 0.179243 0.699958415449 0.379591272463 0 0
40.7 20 21 0.180301 0.699684192381 0.37930770437 0 0
40.8 20 20 0.179805 0.699410993014 0.379025786152 0 0
40.9 20 21 0.197851 0.699138809011 0.378745513696 0 0
41 20 20 0.199997 0.698867634833 0.378466883842 0 0
41.1 20 20 0.180473 0.698597468918 0.378189892928 0 0
41.2 20 20 0.157162 0.698328312663 0.377914536528 0 0
41.3 20 20 0.179073 0.698060170707 0.377640811356 0 0
41.4 20 20 0.179135 0.697793051508 0.377368713275 0 0
41.5 20 20 0.180366 0.697526965636 0.377098239024 0 0
41.6 20 20 0.197636 0.697261926884 0.37682938416 0 0
41.7 20 20 0.177662 0.69699795187 0.376562145012 0 0
41.8 20 20 0.179477 0.696735058893 0.376296516682 0 0
41.9 20 20 0.180424 0.69647326885 0.376032495219 0 0
42 20 20 0.199661 0.696212604204 0.375770076103 0 0
42.1 20 20 0.179525 0.695953089226 0.375509254979 0 0
42.2 20 20 0.158482 0.695694748911 0.37525002702 0 0
42.3 20 20 0.158256 0.695437609531 0.374992387019 0 0
42.4 20 20 0.199651 0.695181697705 0.37473632996 0 0
42.5 20 20 0.179345 0.694927040926 0.374481851385 0 0
42.6 20 20 0.158276 0.694673665759 0.374228944231 0 0
42.7 20 20 0.158619 0.694421598734 0.373977604186 0 0
42.8 20 20 0.15856 0.694170866189 0.373727825574 0 0
42.9 20 20 0.198819 0.693921492894 0.373479603116 0 0
43 20 20 0.159369 0.693673502776 0.373232930375 0 0
43.1 20 20 0.159594 0.693426918054 0.372987801939 0 0
43.2 20 20 0.202235 0.693181759298 0.37274421175 0 0
43.3 20 21 0.158598 0.692938044705 0.372502153541 0 0
43.4 20 20 0.180588 0.692695790742 0.372261620951 0 0
43.5 20 21 0.20031 0.692455010975 0.372022607952 0 0
43.6 20 21 0.200231 0.692215716855 0.371785108369 0 0
43.7 20 21 0.198786 0.691977916482 0.37154911572 0 0
43.8 20 20 0.179412 0.691741616017 0.371314623608 0 0
43.9 20 20 0.180216 0.691506818215 0.371081625706 0 0
44 20 21 0.181628 0.691273522799 0.370850115961 0 0
44.1 20 21 0.159362 0.691041727076 0.37062008779 0 0
44.2 20 20 0.181349 0.690811424559 0.370391534851 0 0
44.3 20 20 0.183146 0.690582606466 0.37016445054 0 0
44.4 20 21 0.17995 0.690355260834 0.36993882927 0 0
44.5 20 20 0.203743 0.690129373327 0.369714664765 0 0
44.6 20 20 0.158758 0.68990492627 0.36949195103 0 0
44.7 20 20 0.179915 0.689681900639 0.36927068224 0 0
44.8 20 20 0.160872 0.689460274287 0.369050852432 0 0
44.9 20 21 0.200879 0.689240022908 0.3688324562 0 0
45 20 20 0.180912 0.689021120361 0.36861548785 0 0
45.1 20 20 0.159111 0.688803538726 0.36839994184 0 0
45.2 20 20 0.177802 0.688587249093 0.368185812923 0 0
45.3 20 20 0.201459 0.688372220078 0.36797309627 0 0
45.4 20 20 0.199857 0.688158420343 0.367761786427 0 0
45.5 20 20 0.180236 0.687945817327 0.367551878137 0 0
45.6 20 20 0.200663 0.687734378205 0.36734336684 0 0
45.7 20 20 0.178972 0.687524070088 0.367136247696 0 0
45.8 20 20 0.198016 0.687314860109 0.366930516266 0 0
45.9 20 20 0.179779 0.687106715991 0.366726168022 0 0
46 20 20 0.179525 0.686899606105 0.366523198766 0 0
46.1 20 20 0.180187 0.686693499383 0.366321604069 0 0
46.2 20 20 0.158754 0.686488366176 0.366121379965 0 0
46.3 20 20 0.179166 0.686284178208 0.365922521855 0 0
46.4 20 20 0.18057 0.686080908734 0.365725026034 0 0
46.5 20 20 0.179437 0.685878533012 0.365528888523 0 0
46.6 20 20 0.179752 0.685677028303 0.365334105024 0 0
46.7 20 20 0.179285 0.685476373551 0.365140671798 0 0
46.8 20 20 0.198388 0.685276550825 0.364948585137 0 0
46.9 20 20 0.158581 0.685077543979 0.364757840694 0 0
47 20 20 0.197011 0.684879339057 0.364568435236 0 0
47.1 20 20 0.177815 0.684681925824 0.364380365029 0 0
47.2 20 20 0.176764 0.684485295859 0.364193626443 0 0
47.3 20 20 0.179208 0.684289443032 0.364008215006 0 0
47.4 20 20 0.180176 0.684094364013 0.363824127082 0 0
47.5 20 20 0.180406 0.683900058197 0.363641358498 0 0
47.6 20 20 0.199261 0.683706527392 0.363459905149 0 0
47.7 20 21 0.200918 0.683513776134 0.363279763213 0 0
47.8 20 20 0.199467 0.683321810705 0.363100928434 0 0
47.9 20 20 0.178999 0.68313064097 0.362923396745 0 0
48 20 20 0.203428 0.682940276755 0.362747164317 0 0
48.1 20 20 0.177839 0.682750731016 0.362572225851 0 0
48.2 20 20 0.177246 0.682562019031 0.362398577149 0 0
48.3 20 20 0.20091 0.682374154882 0.362226212892 0 0
48.4 20 20 0.180623 0.682187156295 0.362055128451 0 0
48.5 20 21 0.200685 0.682001042163 0.36188531914 0 0
48.6 20 20 0.161151 0.681815830624 0.361716780011 0 0
48.7 20 20 0.243073 0.68163154168 0.361549505221 0 0
48.8 20 20 0.233624 0.681448195431 0.361383490184 0 0
48.9 20 20 0.20297 0.681265811607 0.361218729708 0 0
49 20 20 0.200036 0.681084410604 0.36105521749 0 0
49.1 20 20 0.179633 0.680904011804 0.360892947681 0 0
49.2 20 20 0.179311 0.680724634261 0.360731915024 0 0
49.3 20 20 0.201245 0.680546295888 0.360572113158 0 0
49.4 20 21 0.188284 0.680369013996 0.360413536338 0 0
49.5 20 20 0.202883 0.680192804046 0.360256178529 0 0
49.6 20 21 0.182567 0.680017680589 0.360100034143 0 0
49.7 20 20 0.181521 0.679843656285 0.359945096868 0 0
49.8 20 20 0.183629 0.679670742301 0.359791360852 0 0
49.9 20 20 0.186947 0.679498947914 0.359638819901 0 0
50 20 20 0.181692 0.679328279964 0.359487467704 0 0
50.1 20 20 0.185572 0.679158743302 0.359337298242 0 0
50.2 20 20 0.203917 0.678990340765 0.359188305323 0 0
50.3 20 21 0.163504 0.678823072637 0.359040482504 0 0
50.4 20 21 0.202557 0.678656936932 0.358893823877 0 0
50.5 20 20 0.20454 0.678491929935 0.358748323367 0 0
50.6 20 20 0.253766 0.678328045588 0.358603975459 0 0
50.7 20 20 0.214832 0.678165274786 0.358460774068 0 0
50.8 20 20 0.22836 0.678003607057 0.358318713368 0 0
50.9 20 20 0.231746 0.677843030203 0.35817778752 0 0
51 20 20 0.269068 0.677683528979 0.358037990908 0 0
51.1 20 20 0.302213 0.677525086902 0.357899317776 0 0
51.2 20 20 0.292639 0.677367686036 0.357761762521 0 0
51.3 20 20 0.22353 0.677211306984 0.35762531999 0 0
51.4 20 20 0.270061 0.677055927968 0.357489984894 0 0
51.5 20 20 0.301374 0.676901526718 0.357355752118 0 0
51.6 21 20 0.301268 0.676748079443 0.357222616621 0 0
51.7 21 20 0.27728 0.676595561981 0.357090573555 0 0
51.8 21 20 0.310761 0.676443949526 0.35695961808 0 0
51.9 21 20 0.276708 0.676293216847 0.356829745617 0 0
52 21 20 0.277447 0.676143337946 0.356700951843 0 0
52.1 21 20 0.30539 0.675994287585 0.356573232068 0 0
52.2 21 20 0.277615 0.675846041288 0.356446581849 0 0
52.3 21 20 0.244736 0.67569857358 0.356320996954 0 0
52.4 21 20 0.279525 0.675551860117 0.356196473773 0 0
52.5 21 20 0.277107 0.675405877395 0.356073011304 0 0
52.6 21 20 0.306847 0.675260602627 0.355950605712 0 0
52.7 21 20 0.261291 0.675116014721 0.355829255786 0 0
52.8 21 20 0.209013 0.674972093876 0.355708956304 0 0
52.9 21 20 0.24374 0.67482882187 0.355589705677 0 0
53 21 20 0.276542 0.674686181593 0.3554714992 0 0
53.1 21 20 0.272756 0.674544158124 0.355354333355 0 0
53.2 21 20 0.198544 0.674402738584 0.355238203103 0 0
53.3 21 20 0.211912 0.674261911437 0.355123105469 0 0
53.4 21 20 0.18975 0.674121667385 0.355009035758 0 0
53.5 21 20 0.188121 0.673981999464 0.354895989419 0 0
53.6 21 20 0.19387 0.673842902071 0.354783963515 0 0
53.7 21 20 0.19018 0.673704372399 0.354672953179 0 0
53.8 21 20 0.187833 0.673566409083 0.354562954398 0 0
53.9 21 20 0.208372 0.673429013344 0.354453961687 0 0
54 21 20 0.210809 0.673292187185 0.354345971238 0 0
54.1 21 20 0.188467 0.673155935384 0.354238979249 0 0
54.2 21 20 0.190284 0.673020264079 0.354132981301 0 0
54.3 21 20 0.190921 0.67288518139 0.35402797325 0 0
54.4 21 20 0.192414 0.672750696382 0.353923950382 0 0
54.5 21 20 0.212049 0.6726168199 0.353820907814 0 0
54.6 21 20 0.244112 0.67248356366 0.353718841612 0 0
54.7 21 20 0.282668 0.672350940616 0.353617746174 0 0
54.8 21 20 0.253136 0.672218964255 0.353517616457 0 0
54.9 21 21 0.185437 0.672087648859 0.353418447471 0 0
55 21 21 0.187026 0.671957010419 0.353320234841 0 0
55.1 21 21 0.188629 0.671827063777 0.353222972543 0 0
55.2 21 21 0.190661 0.67169782414 0.353126655881 0 0
55.3 21 21 0.18839 0.671569306873 0.353031280017 0 0
55.4 21 21 0.211819 0.671441527215 0.352936839034 0 0
55.5 21 21 0.169201 0.67131449996 0.352843327936 0 0
55.6 21 21 0.211678 0.671188239502 0.352750740736 0 0
55.7 21 21 0.19207 0.671062759139 0.352659072311 0 0
55.8 21 21 0.18973 0.670938071496 0.352568317627 0 0
55.9 21 21 0.170232 0.670814188249 0.352478470283 0 0
56 21 21 0.19357 0.670691120084 0.352389524293 0 0
56.1 21 21 0.18972 0.670568874945 0.352301475593 0 0
56.2 21 21 0.192872 0.670447460971 0.352214318203 0 0
56.3 21 21 0.16853 0.670326883579 0.352128046737 0 0
56.4 21 21 0.209036 0.670207147666 0.352042655622 0 0
56.5 21 21 0.186665 0.670088255313 0.35195813988 0 0
56.6 21 21 0.166592 0.669970207338 0.351874494464 0 0
56.7 21 21 0.206372 0.669853002904 0.351791713644 0 0
56.8 21 21 0.16556 0.669736639003 0.35170979279 0 0
56.9 21 21 0.189312 0.669621111564 0.351628727185 0 0
57 21 21 0.188531 0.669506413577 0.351548511332 0 0
57.1 21 21 0.187051 0.669392537554 0.35146914052 0 0
57.2 21 21 0.164885 0.669279473312 0.351390610619 0 0
57.3 21 21 0.186411 0.669167210056 0.35131291681 0 0
57.4 21 21 0.187008 0.669055735097 0.351236053952 0 0
57.5 21 21 0.188148 0.668945034015 0.35116001851 0 0
57.6 21 21 0.187152 0.66883509104 0.351084806972 0 0
57.7 21 21 0.186054 0.668725889492 0.351010414947 0 0
57.8 21 21 0.185565 0.668617412174 0.350936837287 0 0
57.9 21 22 0.186895 0.668509639984 0.350864071063 0 0
58 21 21 0.188975 0.668402554288 0.350792111628 0 0
58.1 21 21 0.187315 0.668296135358 0.350720955315 0 0
58.2 21 21 0.207618 0.668190362629 0.350650598684 0 0
58.3 21 21 0.20688 0.668085216053 0.350581038298 0 0
58.4 21 21 0.206702 0.667980674814 0.350512271304 0 0
58.5 21 22 0.186702 0.66787671839 0.350444295024 0 0
58.6 21 21 0.187446 0.667773327347 0.35037710641 0 0
58.7 21 22 0.206352 0.667670481857 0.350310702672 0 0
58.8 21 21 0.188699 0.667568163248 0.350245080802 0 0
58.9 21 21 0.204393 0.667466352748 0.350180238457 0 0
59 21 22 0.187344 0.66736503345 0.350116173061 0 0
59.1 21 21 0.188322 0.667264189257 0.350052881785 0 0
59.2 21 21 0.20803 0.667163805012 0.349990362603 0 0
59.3 21 21 0.206638 0.667063866938 0.349928613025 0 0
59.4 21 21 0.208939 0.666964362497 0.3498676309 0 0
59.5 21 22 0.206649 0.666865281031 0.349807413232 0 0
59.6 21 22 0.205109 0.66676661263 0.349747957711 0 0
59.7 21 21 0.185026 0.666668349608 0.349689261897 0 0
59.8 21 22 0.206295 0.666570485556 0.349631323212 0 0
59.9 21 22 0.165929 0.666473016095 0.349574139208 0 0
60 21 22 0.205737 0.666375938542 0.349517706849 0 0
60.1 21 23 0.186522 0.666279251164 0.349462023241 0 0
60.2 21 23 0.187759 0.666182956769 0.349407085826 0 0
60.3 21 23 0.165841 0.666087055509 0.349352891572 0 0
60.4 21 23 0.186826 0.66599155202 0.349299437211 0 0
60.5 21 23 0.206295 0.665896450985 0.349246719815 0 0
60.6 21 23 0.206051 0.665801757962 0.349194734786 0 0
60.7 21 23 0.188024 0.665707479677 0.349143479548 0 0
60.8 21 23 0.167375 0.66561362491 0.349092950543 0 0
60.9 21 23 0.208637 0.665520202634 0.349043143553 0 0
61 21 23 0.209157 0.665427223434 0.348994054525 0 0
61.1 21 23 0.16736 0.665334697966 0.348945679979 0 0
61.2 21 23 0.188537 0.665242638005 0.348898015497 0 0
61.3 21 23 0.1686 0.665151055728 0.348851056809 0 0
61.4 21 23 0.209454 0.665059962849 0.348804800094 0 0
61.5 21 23 0.207248 0.664969372184 0.348759240713 0 0
61.6 21 23 0.190288 0.664879296072 0.348714373877 0 0
61.7 21 23 0.167951 0.66478974689 0.348670194792 0 0
61.8 21 23 0.188859 0.664700736568 0.348626698988 0 0
61.9 21 23 0.208201 0.66461227713 0.348583881705 0 0
62 21 23 0.1876 0.66452437891 0.348541738447 0 0
62.1 21 23 0.189578 0.664437052995 0.348500263476 0 0
62.2 21 23 0.188981 0.66435030808 0.348459452438 0 0
62.3 21 23 0.208356 0.664264153103 0.348419300738 0 0
62.4 21 23 0.188131 0.664178595189 0.348379803451 0 0
62.5 21 23 0.189671 0.664093640859 0.348340955244 0 0
62.6 21 23 0.20963 0.664009295732 0.34830275145 0 0
62.7 21 23 0.189138 0.663925563351 0.348265186849 0 0
62.8 21 23 0.188784 0.663842445797 0.348228257641 0 0
62.9 21 23 0.20761 0.663759944568 0.348191958506 0 0
63 21 23 0.189487 0.663678059103 0.348156285206 0 0
63.1 21 23 0.189422 0.663596787722 0.348121233649 0 0
63.2 21 23 0.210823 0.663516127562 0.348086798418 0 0
63.3 21 23 0.209919 0.663436074271 0.348052976106 0 0
63.4 21 23 0.168271 0.663356621951 0.34801976156 0 0
63.5 21 23 0.188929 0.663277763012 0.347987151425 0 0
63.6 21 23 0.20761 0.663199489401 0.347955140637 0 0
63.7 21 24 0.188135 0.663121791102 0.347923726116 0 0
63.8 21 23 0.187858 0.663044657529 0.347892903404 0 0
63.9 21 23 0.186245 0.66296807731 0.3478626688 0 0
64 21 23 0.186301 0.662892036973 0.347833019495 0 0
64.1 21 23 0.188884 0.662816523121 0.34780395171 0 0
64.2 21 23 0.186975 0.662741521399 0.347775461762 0 0
64.3 21 23 0.189089 0.662667016869 0.347747546128 0 0
64.4 21 23 0.186731 0.662592994363 0.347720202591 0 0
64.5 21 23 0.206085 0.662519437771 0.347693427409 0 0
64.6 21 23 0.206645 0.662446331553 0.347667218073 0 0
64.7 21 23 0.206568 0.662373659207 0.347641571441 0 0
64.8 21 23 0.23065 0.662301404944 0.347616485415 0 0
64.9 21 23 0.225574 0.662229553297 0.347591957385 0 0
65 21 23 0.210192 0.662158089035 0.347567984786 0 0
65.1 21 23 0.206466 0.662086997244 0.347544565133 0 0
65.2 21 23 0.171374 0.662016263235 0.347521695997 0 0
65.3 21 23 0.205373 0.661945873939 0.347499375282 0 0
65.4 21 23 0.192854 0.661875816624 0.347477600866 0 0
65.5 21 23 0.196407 0.661806079239 0.347456370414 0 0
65.6 21 23 0.199804 0.661736650932 0.34743568175 0 0
65.7 21 23 0.223392 0.661667521761 0.347415532444 0 0
65.8 21 23 0.223823 0.661598682774 0.347395920181 0 0
65.9 21 24 0.200222 0.661530126784 0.347376843141 0 0
66 21 25 0.201984 0.661461847313 0.347358299158 0 0
66.1 21 24 0.275794 0.661393839336 0.347340285849 0 0
66.2 21 24 0.337441 0.661326098781 0.347322801567 0 0
66.3 21 24 0.274218 0.661258623167 0.347305843394 0 0
66.4 21 24 0.227109 0.661191411598 0.347289409001 0 0
66.5 21 24 0.271124 0.661124464042 0.347273496313 0 0
66.6 21 24 0.26541 0.66105778167 0.347258102698 0 0
66.7 21 24 0.237391 0.660991366884 0.347243226328 0 0
66.8 21 24 0.253548 0.660925223419 0.34722886362 0 0
66.9 21 25 0.223206 0.66085935603 0.347215012806 0 0
67 21 24 0.223433 0.66079377054 0.347201670619 0 0
67.1 21 25 0.180811 0.660728473543 0.347188834701 0 0
67.2 21 24 0.179386 0.660663472043 0.347176501615 0 0
67.3 21 25 0.202538 0.660598774547 0.347164668706 0 0
67.4 21 24 0.180623 0.660534389671 0.347153333043 0 0
67.5 21 23 0.20516 0.66047032686 0.347142491417 0 0
67.6 21 24 0.207085 0.660406595717 0.347132140639 0 0
67.7 22 23 0.20291 0.660343206198 0.347122277265 0 0
67.8 22 24 0.228943 0.66028016836 0.3471128979 0 0
67.9 22 25 0.186883 0.660217491722 0.347103999385 0 0
68 22 24 0.229991 0.660155187045 0.347095577859 0 0
68.1 22 23 0.229612 0.660093263728 0.347087629747 0 0
68.2 22 24 0.231153 0.660031731677 0.347080151254 0 0
68.3 22 23 0.209837 0.659970599087 0.34707313881 0 0
68.4 22 24 0.208429 0.659909874804 0.34706658858 0 0
68.5 21 25 0.186522 0.659849566799 0.347060496599 0 0
68.6 21 23 0.205683 0.659789682399 0.347054858788 0 0
68.7 21 24 0.207365 0.659730226385 0.347049671819 0 0
68.8 21 24 0.182651 0.659671204088 0.347044932264 0 0
68.9 21 24 0.206162 0.659612619823 0.347040635756 0 0
69 21 25 0.18234 0.659554476808 0.347036778706 0 0
69.1 21 24 0.205017 0.65949677731 0.347033356861 0 0
69.2 21 23 0.204588 0.659439521718 0.347030366744 0 0
69.3 21 23 0.208395 0.659382710138 0.347027804864 0 0
69.4 21 24 0.208132 0.659326340152 0.347025667386 0 0
69.5 21 23 0.206618 0.659270409751 0.347023950662 0 0
69.6 21 23 0.185484 0.659214914782 0.347022651477 0 0
69.7 21 23 0.186261 0.659159850545 0.347021765925 0 0
69.8 21 23 0.309211 0.659105211147 0.347021290644 0 0
69.9 21 23 0.256013 0.659050989066 0.347021222461 0 0
70 22 23 0.203465 0.658997176477 0.347021558517 0 0
70.1 22 23 0.230184 0.658943764302 0.347022295609 0 0
70.2 22 24 0.209068 0.658890742568 0.347023430355 0 0
70.3 22 23 0.20777 0.65883810091 0.34702495946 0 0
70.4 22 23 0.214799 0.658785828001 0.347026880731 0 0
70.5 22 23 0.229221 0.658733911769 0.347029191608 0 0
70.6 22 23 0.211265 0.658682340233 0.347031889431 0 0
70.7 22 23 0.207332 0.658631100438 0.347034971953 0 0
70.8 22 23 0.231001 0.658580179469 0.347038436333 0 0
70.9 22 24 0.209545 0.658529564493 0.347042280426 0 0
71 22 23 0.2096 0.658479241836 0.347046501931 0 0
71.1 22 23 0.231717 0.658429198403 0.347051098814 0 0
71.2 22 23 0.211276 0.658379421416 0.347056068899 0 0
71.3 22 23 0.215411 0.658329898463 0.347061410236 0 0
71.4 22 23 0.212296 0.658280617555 0.347067121001 0 0
71.5 22 23 0.231767 0.658231567107 0.347073199008 0 0
71.6 22 23 0.209373 0.658182735599 0.347079642897 0 0
71.7 22 23 0.230674 0.658134113174 0.347086450528 0 0
71.8 22 23 0.229924 0.658085689879 0.347093620401 0 0
71.9 22 23 0.231306 0.658037456955 0.347101150585 0 0
72 22 23 0.231106 0.657989406618 0.347109039051 0 0
72.1 22 23 0.208294 0.657941531908 0.347117284304 0 0
72.2 22 23 0.209021 0.657893826458 0.34712588427 0 0
72.3 22 23 0.23292 0.657846285836 0.347134837841 0 0
72.4 22 24 0.230952 0.657798906159 0.347144142803 0 0
72.5 21 23 0.20978 0.657751684533 0.34715379763 0 0
72.6 21 23 0.204036 0.657704619282 0.347163800603 0 0
72.7 21 23 0.182759 0.65765770986 0.347174149452 0 0
72.8 21 24 0.207295 0.657610956873 0.347184842843 0 0
72.9 21 23 0.182738 0.657564361765 0.347195878231 0 0
73 21 23 0.182772 0.657517927128 0.347207253694 0 0
73.1 21 23 0.24801 0.65747165629 0.347218966991 0 0
73.2 21 23 0.205269 0.657425553835 0.347231015568 0 0
73.3 21 23 0.186189 0.657379624563 0.347243396914 0 0
73.4 21 23 0.210536 0.6573338747 0.347256109012 0 0
73.5 21 23 0.210225 0.657288310795 0.347269149537 0 0
73.6 21 23 0.207639 0.657242940304 0.347282515963 0 0
73.7 21 23 0.184876 0.657197771009 0.347296205731 0 0
73.8 21 23 0.184516 0.657152811185 0.347310216232 0 0
73.9 21 23 0.186021 0.657108069182 0.347324544505 0 0
74 21 23 0.209512 0.657063553684 0.347339187768 0 0
74.1 21 23 0.185446 0.657019273574 0.34735414334 0 0
74.2 21 23 0.209933 0.656975237678 0.347369408159 0 0
74.3 21 23 0.187362 0.656931454772 0.347384979385 0 0
74.4 21 23 0.18481 0.656887933709 0.347400853706 0 0
74.5 21 23 0.207636 0.656844682203 0.347417029031 0 0
74.6 21 23 0.207204 0.656801708202 0.347433501695 0 0
74.7 21 24 0.205325 0.65675901931 0.347450268394 0 0
74.8 21 24 0.182489 0.65671662202 0.347467326787 0 0
74.9 21 24 0.183298 0.65667452305 0.347484673429 0 0
75 21 24 0.183932 0.656632726952 0.347502305268 0 0
75.1 21 24 0.207861 0.656591239009 0.347520219437 0 0
75.2 21 24 0.205794 0.656550062909 0.347538412477 0 0
75.3 21 24 0.184195 0.656509201409 0.347556881487 0 0
75.4 22 24 0.185348 0.656468656779 0.347575623217 0 0
75.5 22 24 0.232835 0.656428429838 0.347594635056 0 0
75.6 22 24 0.186154 0.656388520703 0.347613914453 0 0
75.7 22 24 0.21275 0.656348928162 0.34763345824 0 0
75.8 22 24 0.186037 0.656309650612 0.34765326411 0 0
75.9 22 24 0.210341 0.656270684995 0.347673329169 0 0
76 22 24 0.210198 0.656232026988 0.347693650992 0 0
76.1 22 25 0.186587 0.656193672074 0.347714227307 0 0
76.2 22 24 0.185992 0.656155614321 0.347735055102 0 0
76.3 22 24 0.211606 0.656117847295 0.347756132015 0 0
76.4 22 24 0.212404 0.656080363652 0.347777456406 0 0
76.5 22 24 0.208415 0.656043155433 0.347799025983 0 0
76.6 22 24 0.234475 0.656006213654 0.347820838853 0 0
76.7 22 24 0.232011 0.655969529117 0.347842892707 0 0
76.8 22 24 0.232426 0.655933091616 0.347865185784 0 0
76.9 22 24 0.21057 0.65589689104 0.347887716271 0 0
77 22 24 0.234705 0.655860917059 0.347910482543 0 0
77.1 22 24 0.188313 0.65582515828 0.347933483219 0 0
77.2 22 24 0.189391 0.655789604108 0.347956716218 0 0
77.3 22 24 0.215674 0.655754243248 0.347980180556 0 0
77.4 22 24 0.240366 0.655719064726 0.34800387394 0 0
77.5 22 25 0.212941 0.655684057843 0.348027795615 0 0
77.6 22 24 0.213148 0.65564921221 0.348051944362 0 0
77.7 22 24 0.192075 0.655614516964 0.348076318535 0 0
77.8 22 24 0.213724 0.655579962407 0.348100916809 0 0
77.9 22 24 0.21173 0.655545539832 0.348125737897 0 0
78 22 24 0.214318 0.655511239922 0.348150780739 0 0
78.1 22 24 0.233929 0.655477054821 0.348176044432 0 0
78.2 22 24 0.21624 0.655442976719 0.348201527615 0 0
78.3 22 25 0.214287 0.655408999441 0.348227228606 0 0
78.4 22 24 0.282693 0.655375116927 0.348253146472 0 0
78.5 22 24 0.252799 0.655341324318 0.348279280008 0 0
78.6 22 24 0.363338 0.655307617571 0.348305627673 0 0
78.7 22 24 0.286765 0.655273993463 0.348332188428 0 0
78.8 22 24 0.329235 0.655240450252 0.34835896057 0 0
78.9 22 24 0.290496 0.655206986678 0.348385942938 0 0
79 22 24 0.3244 0.65517360256 0.348413133657 0 0
79.1 22 24 0.320595 0.65514029871 0.348440531512 0 0
79.2 22 24 0.324628 0.655107076668 0.34846813495 0 0
79.3 22 24 0.326121 0.655073938955 0.348495942118 0 0
79.4 22 24 0.359955 0.65504088934 0.348523951872 0 0
79.5 22 24 0.308479 0.655007931779 0.348552162318 0 0
79.6 22 24 0.19279 0.654975070898 0.348580571688 0 0
79.7 22 24 0.21496 0.654942312493 0.348609177972 0 0
79.8 22 24 0.236654 0.654909663117 0.348637979244 0 0
79.9 22 24 0.214304 0.654877129302 0.348666973572 0 0
80 22 24 0.213952 0.654844718084 0.348696159361 0 0
80.1 22 24 0.215084 0.654812437131 0.348725534352 0 0
80.2 22 24 0.23806 0.654780294491 0.34875509615 0 0
80.3 22 24 0.239711 0.654748297965 0.348784842448 0 0
80.4 22 24 0.214889 0.65471645598 0.348814771503 0 0
80.5 22 24 0.238906 0.654684776493 0.348844880946 0 0
80.6 22 24 0.219691 0.654653267708 0.348875168888 0 0
80.7 22 24 0.219195 0.654621937609 0.348905632258 0 0
80.8 22 24 0.219181 0.654590793841 0.34893626934 0 0
80.9 22 24 0.21989 0.654559843502 0.348967077664 0 0
81 22 24 0.240675 0.654529093797 0.348998055078 0 0
81.1 22 24 0.191511 0.654498551161 0.349029199087 0 0
81.2 22 24 0.239905 0.654468221041 0.349060507629 0 0
81.3 22 24 0.214887 0.654438108901 0.349091978398 0 0
81.4 22 24 0.214966 0.654408219032 0.349123609229 0 0
81.5 22 24 0.214978 0.654378555364 0.349155397983 0 0
81.6 22 24 0.237265 0.654349120929 0.349187342302 0 0
81.7 22 24 0.216337 0.654319917842 0.34921944045 0 0
81.8 22 25 0.236588 0.654290947207 0.349251690463 0 0
81.9 22 26 0.191928 0.654262209335 0.349284090449 0 0
82 22 24 0.215173 0.654233704234 0.349316637752 0 0
82.1 22 24 0.190148 0.654205430283 0.349349331194 0 0
82.2 22 24 0.192367 0.654177385289 0.349382168836 0 0
82.3 22 24 0.215853 0.654149566044 0.349415149091 0 0
82.4 22 24 0.215749 0.654121969023 0.349448270075 0 0
82.5 22 24 0.21494 0.654094589407 0.349481530419 0 0
82.6 22 25 0.215414 0.654067421366 0.349514928908 0 0
82.7 22 25 0.215092 0.654040458904 0.349548463541 0 0
82.8 22 24 0.237788 0.654013695244 0.349582133311 0 0
82.9 22 24 0.21232 0.653987122612 0.349615936956 0 0
83 22 24 0.236688 0.653960733517 0.349649873031 0 0
83.1 22 24 0.214944 0.653934519051 0.349683940255 0 0
83.2 22 24 0.236543 0.65390847068 0.34971813747 0 0
83.3 22 24 0.192485 0.653882579086 0.349752463863 0 0
83.4 22 24 0.214299 0.653856834988 0.349786918308 0 0
83.5 22 24 0.236889 0.653831229236 0.349821499676 0 0
83.6 22 24 0.237438 0.653805752078 0.349856207185 0 0
83.7 22 25 0.235025 0.653780393977 0.349891039844 0 0
83.8 22 24 0.237814 0.653755145877 0.349925996466 0 0
83.9 22 24 0.216276 0.653729998174 0.349961076967 0 0
84 22 24 0.236824 0.653704942441 0.349996280143 0 0
84.1 22 24 0.21557 0.653679969747 0.35003160503 0 0
84.2 22 24 0.191006 0.653655072194 0.350067051025 0 0
84.3 22 24 0.214027 0.653630242979 0.350102616734 0 0
84.4 22 24 0.21722 0.653605474413 0.350138301919 0 0
84.5 22 24 0.237106 0.653580760472 0.35017410563 0 0
84.6 22 24 0.192005 0.653556095172 0.350210027215 0 0
84.7 22 24 0.215545 0.653531474048 0.350246065601 0 0
84.8 22 24 0.213953 0.653506892836 0.350282219702 0 0
84.9 22 24 0.215252 0.653482348298 0.350318488472 0 0
85 22 24 0.214454 0.65345783753 0.350354871329 0 0
85.1 22 24 0.214611 0.653433359053 0.350391367158 0 0
85.2 22 24 0.23763 0.653408912058 0.350427974745 0 0
85.3 22 24 0.236148 0.653384496532 0.350464692745 0 0
85.4 22 24 0.237697 0.65336011329 0.350501520364 0 0
85.5 22 24 0.235812 0.653335763912 0.350538456802 0 0
85.6 22 24 0.23591 0.653311451233 0.350575500349 0 0
85.7 22 24 0.214784 0.653287177996 0.350612650163 0 0
85.8 22 24 0.235325 0.653262948199 0.350649904605 0 0
85.9 22 24 0.213636 0.653238766569 0.350687262751 0 0
86 22 24 0.23766 0.653214638133 0.350724723047 0 0
86.1 22 24 0.23736 0.653190568586 0.350762283913 0 0
86.2 22 25 0.236828 0.653166564208 0.350799944437 0 0
86.3 22 24 0.214076 0.653142631569 0.350837703009 0 0
86.4 22 24 0.214317 0.653118777687 0.350875558135 0 0
86.5 22 24 0.191524 0.653095009758 0.350913508151 0 0
86.6 22 24 0.213573 0.653071335392 0.350951551749 0 0
86.7 22 24 0.221762 0.653047761731 0.350989686985 0 0
86.8 22 24 0.236726 0.653024296637 0.351027912417 0 0
86.9 22 24 0.219493 0.653000947376 0.351066226555 0 0
87 22 24 0.217829 0.652977721263 0.351104627906 0 0
87.1 22 24 0.237251 0.652954625674 0.35114311479 0 0
87.2 22 24 0.236394 0.652931667497 0.35118168541 0 0
87.3 22 25 0.190342 0.652908853182 0.351220338738 0 0
87.4 22 24 0.214966 0.652886188578 0.351259072873 0 0
87.5 22 24 0.235412 0.652863679497 0.351297886563 0 0
87.6 22 24 0.236312 0.652841330891 0.351336778316 0 0
87.7 22 24 0.215459 0.652819147166 0.351375746115 0 0
87.8 22 24 0.235473 0.652797132005 0.351414789113 0 0
87.9 22 24 0.235146 0.65277528848 0.351453905431 0 0
88 22 24 0.23622 0.652753618834 0.35149309366 0 0
88.1 22 24 0.214241 0.65273212448 0.351532352642 0 0
88.2 22 24 0.236376 0.652710806458 0.351571680666 0 0
88.3 22 24 0.213875 0.652689664599 0.351611076818 0 0
88.4 22 25 0.191748 0.652668698071 0.351650540019 0 0
88.5 23 26 0.218848 0.652647905498 0.351690068303 0 0
88.6 23 24 0.220509 0.652627284361 0.351729661118 0 0
88.7 23 24 0.240942 0.65260683135 0.351769317237 0 0
88.8 23 25 0.24173 0.652586542714 0.351809035337 0 0
88.9 23 25 0.242588 0.652566413707 0.351848814665 0 0
89 23 24 0.222475 0.652546439586 0.351888653953 0 0
89.1 23 24 0.246216 0.652526613953 0.351928552446 0 0
89.2 23 24 0.221792 0.652506930537 0.351968509097 0 0
89.3 23 24 0.22332 0.65248738266 0.352008523003 0 0
89.4 23 25 0.222394 0.652467962307 0.352048592922 0 0
89.5 23 24 0.245678 0.652448661976 0.352088718369 0 0
89.6 23 24 0.201388 0.652429473628 0.352128898784 0 0
89.7 23 24 0.22249 0.652410388928 0.352169133041 0 0
89.8 23 24 0.224998 0.652391399601 0.352209420406 0 0
89.9 23 24 0.243946 0.652372497152 0.352249760064 0 0
90 23 25 0.244632 0.652353673358 0.352290151286 0 0
90.1 23 24 0.200809 0.652334919653 0.352330593652 0 0
90.2 23 24 0.244922 0.652316227948 0.352371086129 0 0
90.3 23 24 0.222953 0.652297590249 0.352411628153 0 0
90.4 23 26 0.225213 0.652278998949 0.352452218977 0 0
90.5 23 25 0.226053 0.652260446691 0.352492858092 0 0
90.6 23 25 0.200447 0.652241926937 0.352533544758 0 0
90.7 23 25 0.199215 0.65222343353 0.352574277931 0 0
90.8 23 25 0.246181 0.652204960137 0.352615057069 0 0
90.9 23 25 0.223404 0.652186502231 0.352655881049 0 0
91 23 26 0.244952 0.652168055233 0.35269674982 0 0
91.1 23 26 0.255837 0.65214961572 0.352737662085 0 0
91.2 23 25 0.205065 0.652131179993 0.352778616948 0 0
91.3 23 25 0.200443 0.652112745802 0.352819613932 0 0
91.4 23 25 0.247354 0.652094311555 0.352860651693 0 0
91.5 23 25 0.226469 0.652075876198 0.352901729637 0 0
91.6 23 25 0.225139 0.652057439785 0.352942846902 0 0
91.7 23 25 0.248064 0.652039003062 0.352984002104 0 0
91.8 23 25 0.229009 0.65202056739 0.353025194142 0 0
91.9 23 26 0.223794 0.65200213473 0.353066421786 0 0
92 23 25 0.223523 0.651983708152 0.353107684216 0 0
92.1 23 25 0.223668 0.651965290921 0.35314898045 0 0
92.2 23 25 0.245967 0.651946887643 0.353190309178 0 0
92.3 23 25 0.221459 0.651928502388 0.353231669624 0 0
92.4 23 25 0.223227 0.651910140842 0.353273060068 0 0
92.5 23 26 0.224198 0.651891808338 0.353314479719 0 0
92.6 23 25 0.224483 0.651873511044 0.353355927318 0 0
92.7 23 25 0.223352 0.651855255016 0.353397401928 0 0
92.8 23 25 0.223 0.651837046911 0.353438902244 0 0
92.9 23 25 0.224328 0.651818893787 0.353480426592 0 0
93 23 25 0.245776 0.651800802266 0.353521974207 0 0
93.1 23 25 0.244501 0.651782779423 0.353563544031 0 0
93.2 23 25 0.199458 0.651764832427 0.353605134609 0 0
93.3 23 25 0.200085 0.651746967715 0.353646744961 0 0
93.4 23 25 0.223664 0.65172919249 0.353688373918 0 0
93.5 23 26 0.205602 0.651711512664 0.353730020438 0 0
93.6 23 26 0.204062 0.651693934596 0.353771682884 0 0
93.7 23 25 0.224836 0.65167646419 0.353813360337 0 0
93.8 23 25 0.244544 0.651659106552 0.353855052091 0 0
93.9 23 25 0.246799 0.651641866173 0.353896757204 0 0
94 23 24 0.223228 0.651624748015 0.353938474312 0 0
94.1 23 25 0.201917 0.651607755457 0.353980202593 0 0
94.2 23 25 0.245049 0.651590892095 0.354021940908 0 0
94.3 23 24 0.2463 0.651574160609 0.354063687802 0 0
94.4 23 24 0.245888 0.651557562353 0.354105443029 0 0
94.5 23 25 0.223531 0.651541098715 0.354147205476 0 0
94.6 23 25 0.223819 0.65152477018 0.354188974524 0 0
94.7 23 24 0.244973 0.651508576597 0.354230749295 0 0
94.8 23 25 0.222962 0.651492517083 0.35427252876 0 0
94.9 23 24 0.223772 0.651476589391 0.354314312932 0 0
95 23 26 0.24486 0.651460791608 0.354356100428 0 0
95.1 23 25 0.201237 0.651445121142 0.354397890809 0 0
95.2 23 25 0.246661 0.651429573454 0.354439683876 0 0
95.3 23 24 0.244906 0.651414144963 0.354481478566 0 0
95.4 23 24 0.224052 0.651398830325 0.354523274519 0 0
95.5 23 24 0.246478 0.651383624341 0.354565071408 0 0
95.6 23 24 0.2262 0.651368521307 0.354606868754 0 0
95.7 23 26 0.224816 0.65135351484 0.354648666281 0 0
95.8 23 25 0.203193 0.651338598497 0.354690463618 0 0
95.9 23 25 0.224586 0.651323765466 0.354732259562 0 0
96 23 24 0.225537 0.651309008554 0.354774054624 0 0
96.1 23 24 0.245471 0.65129432041 0.354815848015 0 0
96.2 23 26 0.22355 0.651279694094 0.354857639387 0 0
96.3 23 25 0.245699 0.651265121919 0.354899428674 0 0
96.4 23 25 0.245622 0.65125059656 0.354941215383 0 0
96.5 23 24 0.338491 0.651236110656 0.354982999295 0 0
96.6 23 24 0.273769 0.651221657539 0.355024779982 0 0
96.7 23 25 0.244469 0.65120723035 0.355066556979 0 0
96.8 23 25 0.243216 0.651192822465 0.355108330249 0 0
96.9 23 24 0.222134 0.651178427873 0.355150099527 0 0
97 23 24 0.222521 0.651164040875 0.355191864377 0 0
97.1 23 24 0.244571 0.65114965648 0.355233624284 0 0
97.2 23 25 0.24614 0.651135269865 0.355275378881 0 0
97.3 23 24 0.24582 0.651120877408 0.355317127949 0 0
97.4 23 25 0.224206 0.651106475169 0.355358870868 0 0
97.5 23 25 0.224622 0.65109206006 0.355400607092 0 0
97.6 23 25 0.22804 0.651077630309 0.355442336296 0 0
97.7 23 24 0.245927 0.651063184574 0.355484057737 0 0
97.8 23 24 0.222851 0.651048721812 0.355525771128 0 0
97.9 23 24 0.222304 0.651034241586 0.355567475848 0 0
98 23 24 0.244734 0.651019744661 0.355609171141 0 0
98.1 23 24 0.244116 0.651005232243 0.355650856382 0 0
98.2 23 24 0.220491 0.650990705417 0.355692531532 0 0
98.3 23 24 0.242119 0.650976167052 0.355734195466 0 0
98.4 23 26 0.224699 0.650961620468 0.355775847748 0 0
98.5 23 25 0.200772 0.650947069239 0.355817487879 0 0
98.6 23 24 0.246041 0.650932517694 0.355859114552 0 0
98.7 23 26 0.245374 0.650917970073 0.35590072736 0 0
98.8 23 24 0.246042 0.650903431386 0.355942325608 0 0
98.9 23 25 0.200069 0.650888906626 0.355983908768 0 0
99 23 24 0.223686 0.650874401791 0.356025475849 0 0
99.1 23 25 0.22441 0.650859923194 0.356067025825 0 0
99.2 23 24 0.245856 0.650845475956 0.356108558392 0 0
99.3 23 24 0.245925 0.650831066865 0.356150072669 0 0
99.4 23 24 0.225949 0.650816702411 0.356191567903 0 0
99.5 23 26 0.223299 0.650802388406 0.356233043347 0 0
99.6 23 24 0.245611 0.650788131389 0.356274497856 0 0
99.7 23 24 0.224279 0.650773937418 0.356315930636 0 0
99.8 23 25 0.265834 0.650759812399 0.356357341221 0 0
99.9 23 25 0.22549 0.650745762074 0.356398728921 0 0
100 23 24 0.224282 0.650731791418 0.356440093021 0 0
