# SIAM excitation B=c_0up^dag|gs> (normalized), method=fbr
# L=100 U=0.1 V=0.1 dt=0.1 tmax=30 max_bond_dim=512 mps_cutoff=1e-11 activity_tol=1e-11
# gs loaded from cache app/output/gs_cache/siam_L100_U0.1 gs_n_active=14 gs_bond_dim=13
# nrm=0.707098203116
# t  n_active  bond_dim  renyi_half  slater_activity  n0up  n0dw  norm  wall_s  ReA  ImA
0 14 13 0.216534280434 2.63864186449e-11 1 0.68694673581 1 0.001884 0 0
0.1 15 14 0.115729253727 2.34099318168e-11 0.999961338234 0.686927425652 0.999999999925 0.068318 0 0
0.2 17 13 0.115741408555 2.38693880356e-11 0.999845450569 0.686869528401 0.999999999925 0.069706 0 0
0.3 16 13 0.11577667795 1.3560887862e-11 0.999652629211 0.68677312602 0.999999999942 0.073125 0 0
0.4 16 13 0.115826105695 1.33916059741e-11 0.999383359695 0.686638354764 0.999999999953 0.053597 0 0
0.5 16 13 0.115889882877 2.19902622556e-11 0.999038318664 0.68646540432 0.999999999964 0.053411 0 0
0.6 16 13 0.115967660981 2.43442787413e-11 0.998618370751 0.686254516972 0.999999999954 0.06341 0 0
0.7 16 13 0.116059531307 1.50995964199e-11 0.998124564587 0.686005986506 0.99999999995 0.062988 0 0
0.8 17 13 0.11616543712 2.24540954925e-11 0.997558128053 0.685720156786 0.999999999933 0.070941 0 0
0.9 17 13 0.116284854942 2.39615996285e-11 0.996920462571 0.685397420171 0.999999999939 0.064558 0 0
1 17 13 0.116418121657 2.3563040707e-11 0.996213136785 0.685038215673 0.99999999993 0.064914 0 0
1.1 17 13 0.116564550747 2.79493976592e-11 0.995437879405 0.68464302687 0.999999999932 0.065174 0 0
1.2 17 13 0.11672421192 2.75947871294e-11 0.99459657141 0.684212379772 0.999999999925 0.055662 0 0
1.3 16 14 0.224291041533 2.49619597456e-11 0.993691237397 0.683746840429 0.999999999936 0.065129 0 0
1.4 16 15 0.225854581617 2.42999348309e-11 0.992724036622 0.683247012507 0.999999999917 0.07226 0 0
1.5 17 14 0.226977621928 2.23391086322e-11 0.991697253393 0.682713534502 0.999999999922 0.072676 0 0
1.6 17 14 0.117498908743 2.06874748913e-11 0.990613286693 0.682147076634 0.999999999918 0.055326 0 0
1.7 16 14 0.117733639698 1.91259109832e-11 0.989474639826 0.681548338415 0.999999999936 0.072765 0 0
1.8 16 14 0.117983220405 1.721112645e-11 0.988283909284 0.680918045296 0.999999999937 0.071282 0 0
1.9 16 14 0.118246227652 1.6168321656e-11 0.98704377346 0.680256946426 0.999999999949 0.071658 0 0
2 16 14 0.118522446864 1.39499709566e-11 0.985756981116 0.679565811053 0.999999999942 0.07213 0 0
2.1 17 14 0.118811965564 1.50011417584e-11 0.984426339585 0.678845425519 0.999999999936 0.072735 0 0
2.2 17 14 0.119114448409 2.29504901243e-11 0.983054702868 0.678096590194 0.999999999929 0.065578 0 0
2.3 17 14 0.119429866185 2.16872129048e-11 0.981644959641 0.677320116351 0.999999999918 0.05684 0 0
2.4 17 14 0.119758490598 1.79011851382e-11 0.980200021368 0.676516823287 0.999999999923 0.065539 0 0
2.5 17 14 0.120100120769 2.13818572613e-11 0.978722810109 0.675687535313 0.999999999922 0.065726 0 0
2.6 17 14 0.12045429648 1.94939373745e-11 0.977216247041 0.674833078761 0.999999999916 0.065956 0 0
2.7 16 14 0.120821800136 2.01656194344e-11 0.975683240562 0.673954279283 0.999999999917 0.057034 0 0
2.8 16 14 0.121202317786 2.07446621944e-11 0.974126675263 0.673051959147 0.999999999903 0.064959 0 0
2.9 16 14 0.121595769543 2.12246105073e-11 0.972549400572 0.672126934669 0.999999999894 0.064942 0 0
3 18 14 0.122002497851 2.15999858795e-11 0.970954220189 0.671180013721 0.999999999917 0.06605 0 0
3.1 17 14 0.12242180006 2.18664731909e-11 0.969343881853 0.670211993407 0.99999999989 0.07861 0 0
3.2 17 15 0.122862154974 2.20212586476e-11 0.967721067482 0.669223657925 0.999999999909 0.068671 0 0
3.3 16 15 0.123312241816 2.20634867849e-11 0.966088383713 0.668215776541 0.999999999899 0.06893 0 0
3.4 17 15 0.123777342604 2.19941846843e-11 0.964448353494 0.667189101725 0.999999999928 0.058146 0 0
3.5 16 15 0.124254926922 2.18166612344e-11 0.962803407666 0.666144367481 0.99999999992 0.078106 0 0
3.6 18 15 0.124745514663 2.15364168461e-11 0.961155877634 0.665082287851 0.999999999915 0.058633 0 0
3.7 18 15 0.125248522174 2.11610673173e-11 0.95950798837 0.664003555435 0.999999999891 0.081925 0 0
3.8 18 15 0.125763343435 2.07001327126e-11 0.957861852397 0.662908840387 0.999999999902 0.073387 0 0
3.9 18 15 0.126289882489 2.01647528266e-11 0.95621946426 0.661798789294 0.999999999885 0.081489 0 0
4 18 15 0.12682677071 1.95672326231e-11 0.954582695889 0.660674024477 0.999999999884 0.073276 0 0
4.1 18 15 0.127374230395 1.89204214804e-11 0.952953292597 0.65953514323 0.999999999885 0.074005 0 0
4.2 19 15 0.12793186586 1.82374890504e-11 0.951332869936 0.658382717414 0.999999999893 0.08325 0 0
4.3 19 15 0.128499092709 1.76533117636e-11 0.949722911235 0.657217293114 0.99999999989 0.075702 0 0
4.4 19 15 0.129075938836 1.70647204026e-11 0.948124765938 0.656039390433 0.999999999877 0.066757 0 0
4.5 18 15 0.129661977275 1.86058423331e-11 0.946539648653 0.654849503564 0.999999999878 0.066584 0 0
4.6 18 15 0.13025685006 1.5885594734e-11 0.944968639059 0.653648100836 0.999999999894 0.074675 0 0
4.7 18 15 0.130860261343 1.5299131884e-11 0.943412682283 0.652435625054 0.999999999903 0.065111 0 0
4.8 19 15 0.131471935722 1.4717185521e-11 0.941872590278 0.651212493872 0.999999999886 0.065536 0 0
4.9 20 15 0.132092069624 1.41407189921e-11 0.940349043853 0.649979100368 0.999999999908 0.077079 0 0
5 18 15 0.132720397863 1.35696918593e-11 0.938842595056 0.648735813611 0.999999999855 0.079736 0 0
5.1 18 16 0.230645864421 1.31036822994e-11 0.93735367077 0.647482979496 0.999999999889 0.084111 0 0
5.2 19 16 0.231021676851 1.33612381017e-11 0.935882576167 0.646220921426 0.999999999876 0.075561 0 0
5.3 18 17 0.231423020804 1.35465223919e-11 0.934429499352 0.644949941394 0.99999999986 0.06853 0 0
5.4 18 17 0.231842492324 1.36555159452e-11 0.93299451615 0.643670320919 0.999999999887 0.067554 0 0
5.5 18 17 0.232281055076 1.36838075411e-11 0.931577595669 0.642382322099 0.999999999891 0.076153 0 0
5.6 18 17 0.232740735064 1.46833162449e-11 0.930178606004 0.641086188739 0.999999999898 0.085518 0 0
5.7 18 17 0.233220470656 1.37029134906e-11 0.928797320478 0.63978214752 0.999999999879 0.076547 0 0
5.8 18 18 0.233724517343 1.32508889763e-11 0.927433424283 0.638470409193 0.999999999891 0.085606 0 0
5.9 19 18 0.234242148041 1.2928915218e-11 0.926086521077 0.637151169736 0.99999999988 0.07746 0 0
6 19 18 0.234778427567 1.52015957548e-11 0.924756140408 0.635824611678 0.999999999843 0.078706 0 0
6.1 19 18 0.235334443295 1.67115893683e-11 0.923441744748 0.634490905293 0.999999999829 0.070827 0 0
6.2 19 18 0.235909284029 1.16992548956e-11 0.922142737038 0.633150209804 0.999999999838 0.079513 0 0
6.3 19 18 0.236500881617 1.71938801352e-11 0.92085846811 0.631802674624 0.99999999985 0.07949 0 0
6.4 20 18 0.237112822542 1.33962874074e-11 0.919588244213 0.63044844059 0.999999999847 0.070686 0 0
6.5 19 18 0.237738921926 1.03470957102e-11 0.91833133453 0.629087641185 0.999999999839 0.082091 0 0
6.6 19 18 0.238382822612 1.09404708126e-11 0.917086978797 0.627720403597 0.999999999859 0.08026 0 0
6.7 20 18 0.239042706288 1.24620195438e-11 0.915854394427 0.626346849821 0.999999999865 0.079601 0 0
6.8 20 18 0.239718816057 1.17256114156e-11 0.914632783901 0.624967097806 0.999999999828 0.090247 0 0
6.9 20 18 0.240410862995 1.23399753812e-11 0.913421341704 0.623581262396 0.99999999986 0.090606 0 0
7 20 18 0.241116108715 1.53030920279e-11 0.912219260998 0.622189456235 0.99999999981 0.091532 0 0
7.1 20 18 0.241834778014 1.5753162068e-11 0.911025740308 0.62079179073 0.999999999811 0.08282 0 0
7.2 20 18 0.242566980565 1.12317104993e-11 0.909839989489 0.619388376787 0.999999999818 0.08326 0 0
7.3 20 18 0.243313001701 1.54535532306e-11 0.908661235791 0.617979325648 0.999999999825 0.091755 0 0
7.4 20 18 0.244069355853 1.18180641442e-11 0.907488729235 0.616564749509 0.999999999785 0.092065 0 0
7.5 20 18 0.244837697089 1.25604908808e-11 0.906321747694 0.615144762169 0.999999999825 0.083545 0 0
7.6 20 18 0.245617533226 1.32238883997e-11 0.905159601104 0.613719479372 0.999999999813 0.074245 0 0
7.7 20 18 0.246409701233 1.36893314437e-11 0.904001636564 0.612289019581 0.999999999799 0.083625 0 0
7.8 20 18 0.247212845001 1.43223495011e-11 0.902847241814 0.610853504171 0.999999999807 0.074973 0 0
7.9 20 18 0.15389253784 1.48808367467e-11 0.901695848218 0.609413057703 0.999999999822 0.084352 0 0
8 20 18 0.248844710447 1.63172582681e-11 0.900546933939 0.607967807883 0.999999999796 0.093712 0 0
8.1 20 18 0.249672505579 1.66985130734e-11 0.899400026171 0.606517886681 0.999999999795 0.094595 0 0
8.2 20 18 0.250507141663 1.78955275133e-11 0.898254702895 0.605063429567 0.999999999803 0.085462 0 0
8.3 20 18 0.251348277142 1.83160645924e-11 0.897110594495 0.60360457557 0.999999999809 0.085081 0 0
8.4 20 18 0.252194816599 1.89696378832e-11 0.895967384441 0.602141467587 0.999999999811 0.085252 0 0
8.5 20 18 0.253045775035 1.95373918546e-11 0.894824809963 0.600674251958 0.999999999794 0.094687 0 0
8.6 20 18 0.253901262564 1.97910314584e-11 0.893682661957 0.599203078599 0.999999999803 0.084884 0 0
8.7 20 18 0.254761454833 2.02357868253e-11 0.892540784471 0.597728100568 0.999999999786 0.094578 0 0
8.8 20 18 0.255625160486 2.02503648101e-11 0.891399074109 0.596249473895 0.999999999807 0.094687 0 0
8.9 20 18 0.256492904966 2.04583155817e-11 0.890257478593 0.59476735734 0.999999999791 0.085468 0 0
9 20 18 0.257364529062 2.03417026409e-11 0.889115995233 0.593281911071 0.999999999818 0.07597 0 0
9.1 20 18 0.164331970647 2.0112096201e-11 0.887974669028 0.591793297598 0.999999999802 0.075595 0 0
9.2 20 18 0.165249641058 1.98800828927e-11 0.886833590136 0.590301682384 0.999999999814 0.076219 0 0
9.3 20 19 0.260000520658 1.93427820622e-11 0.885692891585 0.588807231442 0.99999999982 0.077925 0 0
9.4 20 18 0.167104344763 1.86226379881e-11 0.884552746161 0.587310111349 0.999999999817 0.086386 0 0
9.5 20 19 0.261770693768 1.78422975428e-11 0.883413363495 0.585810489046 0.999999999838 0.087972 0 0
9.6 20 18 0.168983698469 1.66850979769e-11 0.882274986561 0.584308531186 0.999999999813 0.087573 0 0
9.7 20 18 0.169931884607 1.5342287489e-11 0.881137888583 0.582804403941 0.999999999801 0.096494 0 0
9.8 20 19 0.264447545912 1.38688030059e-11 0.880002369108 0.581298272386 0.999999999822 0.087287 0 0
9.9 20 19 0.265346374757 1.3250990639e-11 0.878868750394 0.579790300213 0.999999999815 0.087099 0 0
10 20 19 0.266249200589 1.31549952368e-11 0.877737372723 0.578280649163 0.999999999788 0.07808 0 0
10.1 20 20 0.267160560994 1.32991659001e-11 0.876608593659 0.576769478712 0.999999999786 0.097407 0 0
10.2 20 19 0.268066916154 1.3908861318e-11 0.875482781082 0.575256945584 0.999999999807 0.097587 0 0
10.3 20 19 0.26898070433 1.44060215534e-11 0.874360310484 0.573743203463 0.999999999785 0.088703 0 0
10.4 21 19 0.176724276812 1.47863256411e-11 0.873241561278 0.572228402617 0.999999999787 0.088761 0 0
10.5 21 19 0.270824588205 1.5354136926e-11 0.872126913015 0.570712689632 0.999999999799 0.092571 0 0
10.6 20 18 0.178707114786 1.51844593227e-11 0.871016742011 0.569196207187 0.999999999787 0.093768 0 0
10.7 21 18 0.179708440998 1.51976686019e-11 0.869911417996 0.567679093661 0.999999999787 0.090123 0 0
10.8 20 19 0.273636672818 1.50868826116e-11 0.868811300997 0.566161483023 0.999999999804 0.10285 0 0
10.9 20 18 0.181726400626 1.48524832782e-11 0.867716737744 0.564643504632 0.999999999812 0.090832 0 0
11 20 18 0.182742928041 1.4498532823e-11 0.866628059745 0.563125283142 0.999999999812 0.089942 0 0
11.1 20 19 0.276510689677 1.40316021183e-11 0.865545579851 0.561606938314 0.999999999811 0.090758 0 0
11.2 21 19 0.277483923649 1.39320500195e-11 0.864469590364 0.560088585001 0.999999999811 0.090489 0 0
11.3 21 19 0.278465172152 1.43186298831e-11 0.863400360801 0.558570333157 0.9999999998 0.094142 0 0
11.4 21 19 0.279454168137 1.46566898557e-11 0.862338135616 0.55705228769 0.999999999793 0.094229 0 0
11.5 21 19 0.280451964397 1.48798357704e-11 0.861283133528 0.555534548663 0.99999999979 0.104178 0 0
11.6 21 19 0.188945363509 1.50752164304e-11 0.860235545777 0.554017211282 0.999999999802 0.103556 0 0
11.7 21 21 0.282487072134 1.51760056843e-11 0.859195535067 0.552500365994 0.999999999821 0.091866 0 0
11.8 21 20 0.283518834364 1.52641987438e-11 0.858163234721 0.550984098678 0.999999999831 0.101725 0 0
11.9 21 20 0.284564459515 1.52489377469e-11 0.857138748598 0.549468490772 0.999999999829 0.105445 0 0
12 21 20 0.28561925873 1.52274187741e-11 0.856122150493 0.547953619446 0.999999999811 0.104937 0 0
12.1 21 20 0.286683863455 1.51211920816e-11 0.855113484453 0.546439557822 0.999999999803 0.095287 0 0
12.2 21 20 0.287757510916 1.49836885778e-11 0.854112764972 0.544926375169 0.999999999779 0.086302 0 0
12.3 21 20 0.288841236914 1.48037693223e-11 0.853119977814 0.543414137134 0.999999999776 0.085418 0 0
12.4 21 20 0.289934862463 1.45779299879e-11 0.852135080732 0.541902906098 0.999999999798 0.086407 0 0
12.5 21 21 0.291042401903 1.43201369773e-11 0.851158004592 0.54039274131 0.999999999784 0.095796 0 0
12.6 21 20 0.29215135401 1.40501503047e-11 0.850188654651 0.538883699281 0.999999999782 0.097023 0 0
12.7 21 21 0.293279934174 1.37357756527e-11 0.849226911901 0.537375834028 0.999999999788 0.096309 0 0
12.8 22 21 0.294414128035 1.34408992846e-11 0.848272634879 0.53586919732 0.999999999766 0.096762 0 0
12.9 21 21 0.295558848043 1.31088501586e-11 0.847325661608 0.534363839004 0.999999999784 0.110107 0 0
13 21 21 0.296716405011 1.28070048967e-11 0.84638581123 0.532859807316 0.999999999781 0.0881 0 0
13.1 21 22 0.297888561696 1.31625878719e-11 0.845452886221 0.531357149152 0.999999999779 0.088246 0 0
13.2 21 22 0.299065745974 1.38796847448e-11 0.844526674617 0.529855910316 0.999999999787 0.087531 0 0
13.3 21 22 0.300253584266 1.42741798885e-11 0.843606952183 0.528356135765 0.999999999787 0.088265 0 0
13.4 22 22 0.301450738226 1.532212905e-11 0.842693484612 0.526857869936 0.999999999777 0.08914 0 0
13.5 22 22 0.302656445427 1.55121402044e-11 0.841786030049 0.525361156964 0.999999999768 0.101328 0 0
13.6 22 22 0.303870564088 1.61919911997e-11 0.840884341201 0.523866040807 0.999999999753 0.101656 0 0
13.7 22 22 0.305094443578 1.63975616976e-11 0.83998816788 0.522372565607 0.999999999782 0.091907 0 0
13.8 22 22 0.306324681171 1.70726288817e-11 0.839097259078 0.520880775822 0.999999999789 0.111637 0 0
13.9 21 22 0.307562682047 1.72892850663e-11 0.838211365365 0.519390716403 0.999999999789 0.111263 0 0
14 21 22 0.308807366708 1.7471368888e-11 0.837330241002 0.517902432958 0.999999999768 0.100454 0 0
14.1 21 22 0.310058332879 1.79367287158e-11 0.836453646006 0.516415971872 0.999999999754 0.090176 0 0
14.2 21 22 0.311315406896 1.78157086888e-11 0.835581348154 0.51493138041 0.99999999974 0.091106 0 0
14.3 21 22 0.312578074679 1.80511086669e-11 0.834713124856 0.513448706787 0.999999999748 0.091963 0 0
14.4 21 22 0.313845747638 1.79855834672e-11 0.83384876485 0.511968000291 0.99999999972 0.091431 0 0
14.5 21 22 0.315118715539 1.78250317709e-11 0.832988069797 0.510489311394 0.999999999737 0.10094 0 0
14.6 21 22 0.316396142965 1.76253166678e-11 0.832130855735 0.509012691626 0.999999999769 0.091117 0 0
14.7 21 22 0.317677716896 1.73507997733e-11 0.831276954399 0.507538193524 0.999999999769 0.101173 0 0
14.8 22 22 0.318963145922 1.69301493408e-11 0.830426214236 0.506065870897 0.999999999764 0.101207 0 0
14.9 22 23 0.320255255428 1.64154168873e-11 0.829578501281 0.504595778615 0.999999999747 0.113064 0 0
15 22 22 0.321544197193 1.60043406616e-11 0.828733699955 0.503127972575 0.999999999753 0.104663 0 0
15.1 22 22 0.322839587717 1.63553775856e-11 0.827891713631 0.501662509508 0.999999999757 0.104457 0 0
15.2 22 22 0.324138008966 1.72632890092e-11 0.827052464998 0.500199447134 0.999999999744 0.113473 0 0
15.3 22 22 0.32543989116 1.81891913929e-11 0.826215894994 0.498738843919 0.999999999732 0.09526 0 0
15.4 22 23 0.326747480874 1.91073251213e-11 0.825381966027 0.49728075895 0.999999999745 0.105092 0 0
15.5 22 23 0.199544380466 2.00136554524e-11 0.82455065922 0.495825251911 0.999999999787 0.105777 0 0
15.6 22 23 0.200482936874 2.08853715633e-11 0.823721974499 0.49437238286 0.999999999751 0.116277 0 0
15.7 22 23 0.330673899426 2.17228812053e-11 0.82289593028 0.492922212108 0.99999999974 0.115378 0 0
15.8 22 22 0.331983321692 2.25136726132e-11 0.82207256279 0.491474800073 0.999999999748 0.115302 0 0
15.9 22 23 0.333301873121 2.32651447494e-11 0.821251925177 0.490030207125 0.999999999732 0.106063 0 0
16 22 22 0.33461462649 2.39704242832e-11 0.820434086314 0.488588493505 0.999999999727 0.106522 0 0
16.1 22 22 0.335932714621 2.46366157743e-11 0.819619130738 0.487149719006 0.999999999759 0.116379 0 0
16.2 22 23 0.337255056461 2.52683237812e-11 0.818807156445 0.485713942614 0.999999999756 0.117204 0 0
16.3 22 22 0.243934663893 2.58679259886e-11 0.817998273563 0.484281222838 0.99999999974 0.117087 0 0
16.4 22 23 0.33989907538 2.64437663326e-11 0.817192603682 0.482851617944 0.999999999774 0.108066 0 0
16.5 22 22 0.341219492912 2.69990054131e-11 0.816390277979 0.481425184828 0.999999999764 0.116299 0 0
16.6 22 23 0.209813965803 2.75363704179e-11 0.815591435764 0.480001979267 0.999999999756 0.108232 0 0
16.7 22 23 0.343874517136 2.80650232608e-11 0.814796223034 0.478582055927 0.999999999709 0.108153 0 0
16.8 22 23 0.345202593193 2.85816369249e-11 0.814004790634 0.477165468826 0.999999999742 0.098672 0 0
16.9 22 24 0.212589889364 2.90943514922e-11 0.813217292798 0.475752269689 0.999999999743 0.108245 0 0
17 22 24 0.213512267957 2.96003500191e-11 0.812433885699 0.474342508836 0.999999999746 0.107756 0 0
17.1 22 24 0.34919782103 3.01025717143e-11 0.811654725755 0.472936234875 0.999999999756 0.108566 0 0
17.2 22 24 0.215354400762 3.06040482054e-11 0.810879968116 0.471533494547 0.999999999762 0.099552 0 0
17.3 22 23 0.351867222829 3.10944607261e-11 0.810109765119 0.470134332835 0.999999999763 0.109649 0 0
17.4 22 23 0.353206587347 3.15857967028e-11 0.809344264962 0.468738792883 0.999999999799 0.11855 0 0
17.5 22 24 0.354551248005 3.20625344726e-11 0.808583610252 0.467346915977 0.999999999763 0.108327 0 0
17.6 22 23 0.355890834378 3.25278774549e-11 0.807827936816 0.465958741499 0.999999999738 0.10918 0 0
17.7 22 24 0.357239492801 3.29769780613e-11 0.807077372416 0.464574306833 0.999999999743 0.109921 0 0
17.8 22 23 0.358584327683 3.33961722749e-11 0.806332035601 0.463193647542 0.999999999764 0.119101 0 0
17.9 22 24 0.359938621264 3.37895860401e-11 0.805592034839 0.461816797226 0.999999999756 0.109346 0 0
18 22 24 0.361291477212 3.4135121886e-11 0.804857467603 0.460443787569 0.999999999763 0.119351 0 0
18.1 22 25 0.223634930534 3.44313190549e-11 0.804128419459 0.459074648478 0.999999999755 0.109953 0 0
18.2 22 25 0.36401144789 3.4662565342e-11 0.803404963777 0.457709407931 0.999999999733 0.099716 0 0
18.3 22 25 0.365374256562 3.48188991035e-11 0.802687160878 0.45634809221 0.999999999763 0.100999 0 0
18.4 22 25 0.366739687656 3.48848762669e-11 0.801975057827 0.454990726067 0.999999999751 0.110687 0 0
18.5 22 26 0.368113457236 3.48538882776e-11 0.801268688204 0.453637332594 0.999999999748 0.100885 0 0
18.6 22 25 0.228275206529 3.47123875219e-11 0.800568071913 0.452287933445 0.999999999748 0.121452 0 0
18.7 22 25 0.370856877001 3.44545378294e-11 0.799873215252 0.450942548871 0.999999999742 0.111152 0 0
18.8 22 25 0.372235893465 3.40775079294e-11 0.79918411101 0.449601197761 0.999999999749 0.122304 0 0
18.9 22 25 0.373618912751 3.35797722952e-11 0.79850073876 0.448263897878 0.999999999725 0.101697 0 0
19 22 25 0.375001696506 3.29659357371e-11 0.797823065346 0.446930665904 0.999999999741 0.112463 0 0
19.1 22 26 0.232936544288 3.22451667403e-11 0.797151045138 0.445601517469 0.999999999736 0.112589 0 0
19.2 23 26 0.233870108592 3.14288203216e-11 0.796484620744 0.444276467385 0.999999999754 0.103404 0 0
19.3 23 25 0.379171115509 3.05320894408e-11 0.795823723894 0.442955529772 0.99999999973 0.130232 0 0
19.4 22 26 0.23573368562 2.95707520583e-11 0.795168275997 0.441638718044 0.999999999722 0.128791 0 0
19.5 22 26 0.236667571085 2.85655780755e-11 0.794518189008 0.440326045039 0.999999999728 0.115831 0 0
19.6 23 26 0.237602306247 2.75306335542e-11 0.793873366392 0.439017523222 0.999999999716 0.105293 0 0
19.7 23 25 0.238531315094 2.64861580405e-11 0.793233704251 0.437713164722 0.999999999713 0.11732 0 0
19.8 23 25 0.239463640251 2.54446904737e-11 0.792599092249 0.436412981429 0.99999999972 0.119054 0 0
19.9 22 25 0.38758513753 2.44225585485e-11 0.791969414741 0.435116985095 0.999999999754 0.118845 0 0
20 23 26 0.38900143668 2.34273475769e-11 0.791344551873 0.433825187437 0.999999999759 0.116268 0 0
20.1 23 25 0.242262257186 2.33522444409e-11 0.790724380759 0.43253760022 0.999999999724 0.130493 0 0
20.2 23 25 0.243195315269 2.39063935493e-11 0.790108776636 0.431254235253 0.999999999703 0.120377 0 0
20.3 23 26 0.393252601781 2.4445860325e-11 0.789497613912 0.429975104576 0.999999999725 0.109604 0 0
20.4 23 25 0.245063862829 2.49688356185e-11 0.788890767333 0.428700220393 0.999999999725 0.11987 0 0
20.5 23 25 0.396096297019 2.54736744483e-11 0.788288113087 0.42742959519 0.999999999735 0.120614 0 0
20.6 23 25 0.397523635616 2.59589977062e-11 0.787689529962 0.426163241682 0.999999999708 0.131427 0 0
20.7 23 26 0.398955289088 2.64237133327e-11 0.787094900154 0.42490117306 0.999999999691 0.121371 0 0
20.8 23 25 0.400384656173 2.68668645957e-11 0.786504110471 0.42364340279 0.999999999705 0.132416 0 0
20.9 23 26 0.401822669738 2.72877917568e-11 0.78591705303 0.422389944741 0.999999999743 0.13206 0 0
21 23 26 0.250671179843 2.76861364086e-11 0.78533362631 0.421140813118 0.999999999734 0.121569 0 0
21.1 23 26 0.251604581909 2.80615603277e-11 0.78475373579 0.419896022485 0.999999999691 0.111521 0 0
21.2 23 26 0.252538827578 2.84140707514e-11 0.784177294679 0.418655587769 0.999999999704 0.111624 0 0
21.3 23 27 0.253475381145 2.87437043264e-11 0.78360422454 0.417419524212 0.999999999718 0.111724 0 0
21.4 23 26 0.409033410796 2.90507224911e-11 0.783034455688 0.41618784747 0.999999999683 0.133115 0 0
21.5 23 28 0.255346061393 2.93354348853e-11 0.782467927773 0.414960573291 0.999999999716 0.122816 0 0
21.6 23 26 0.411927987867 2.95982471562e-11 0.78190459001 0.413737717739 0.999999999692 0.12333 0 0
21.7 23 27 0.257204839446 2.9839581306e-11 0.781344401414 0.412519297072 0.999999999727 0.123359 0 0
21.8 23 27 0.414830297121 3.0059899488e-11 0.780787330903 0.411305327726 0.99999999971 0.122906 0 0
21.9 23 27 0.416280879116 3.02596385917e-11 0.780233357469 0.410095826088 0.999999999733 0.134069 0 0
22 23 26 0.417728205101 3.04391880857e-11 0.779682469916 0.408890808683 0.999999999695 0.134069 0 0
22.1 23 27 0.260921871537 3.05988811517e-11 0.779134666892 0.407690291983 0.999999999744 0.124963 0 0
22.2 23 28 0.26185288656 3.07390043343e-11 0.778589956499 0.406494292388 0.99999999971 0.124853 0 0
22.3 23 28 0.262780226954 3.08596713411e-11 0.778048356137 0.405302826073 0.999999999722 0.125447 0 0
22.4 23 27 0.263700971427 3.09609862156e-11 0.777509891912 0.404115909022 0.999999999709 0.12593 0 0
22.5 24 27 0.264625975798 3.10428472999e-11 0.776974598203 0.402933556885 0.999999999706 0.125668 0 0
22.6 23 29 0.265557216781 3.11050721303e-11 0.776442517214 0.401755784931 0.999999999685 0.118137 0 0
22.7 23 28 0.266474675617 3.11473687325e-11 0.775913698271 0.400582608039 0.999999999718 0.126299 0 0
22.8 23 28 0.267396667801 3.11692824846e-11 0.775388197081 0.39941404068 0.999999999697 0.125906 0 0
22.9 23 29 0.268317423852 3.11702896816e-11 0.774866075155 0.398250096744 0.999999999704 0.136572 0 0
23 23 28 0.269231925827 3.11497046397e-11 0.774347398903 0.397090789563 0.999999999706 0.12709 0 0
23.1 23 29 0.270152119335 3.11068050594e-11 0.773832238912 0.395936131795 0.999999999683 0.137408 0 0
23.2 23 28 0.27106524723 3.10407316795e-11 0.77332066914 0.394786135377 0.999999999689 0.128232 0 0
23.3 24 27 0.436552690365 3.09505896618e-11 0.772812765943 0.393640811634 0.999999999698 0.127398 0 0
23.4 24 28 0.272893446946 3.08354002191e-11 0.772308607338 0.392500171124 0.999999999689 0.130526 0 0
23.5 23 27 0.273802698001 3.06941971757e-11 0.771808272154 0.391364223592 0.999999999699 0.130467 0 0
23.6 24 27 0.440872251575 3.05259309704e-11 0.771311839068 0.390232977981 0.999999999714 0.138745 0 0
23.7 24 27 0.275621568584 3.0329583548e-11 0.770819385957 0.389106442454 0.999999999693 0.13107 0 0
23.8 24 29 0.276534533306 3.01041369051e-11 0.770330988917 0.387984624267 0.999999999672 0.142226 0 0
23.9 24 29 0.277440787216 2.98485843629e-11 0.769846721608 0.38686752985 0.999999999726 0.131481 0 0
24 24 28 0.278342678276 2.95619976386e-11 0.769366654283 0.385755164835 0.999999999695 0.131862 0 0
24.1 24 27 0.279240939795 2.9243450567e-11 0.768890853478 0.384647533932 0.999999999716 0.1423 0 0
24.2 24 28 0.280146988865 2.88921100395e-11 0.768419380987 0.383544641061 0.999999999689 0.121856 0 0
24.3 24 28 0.281044211772 2.85072270668e-11 0.76795229353 0.382446489322 0.99999999971 0.142595 0 0
24.4 24 27 0.28193814886 2.8088133906e-11 0.76748964202 0.381353081008 0.999999999716 0.13211 0 0
24.5 24 27 0.282833863821 2.76342554214e-11 0.767031471194 0.38026441763 0.999999999718 0.121753 0 0
24.6 24 29 0.283735153118 2.71451749388e-11 0.766577819166 0.379180499931 0.999999999691 0.143206 0 0
24.7 24 29 0.284626821767 2.66205462969e-11 0.76612871718 0.378101327966 0.999999999678 0.122742 0 0
24.8 24 27 0.28550913658 2.6060248211e-11 0.765684189204 0.377026901062 0.999999999708 0.133584 0 0
24.9 24 27 0.367813207247 2.54642651446e-11 0.76524425179 0.375957217997 0.999999999717 0.13263 0 0
25 24 27 0.460847820367 2.48328171219e-11 0.764808914059 0.374892276924 0.999999999737 0.13275 0 0
25.1 24 27 0.370877291376 2.41662670657e-11 0.764378177568 0.373832075351 0.999999999715 0.14416 0 0
25.2 24 27 0.463675393892 2.34652719668e-11 0.763952036294 0.372776610336 0.999999999721 0.144844 0 0
25.3 24 27 0.465088169118 2.27306358709e-11 0.763530476854 0.371725878543 0.999999999691 0.123155 0 0
25.4 24 27 0.466498981674 2.19635433236e-11 0.763113478567 0.370679876155 0.999999999687 0.135327 0 0
25.5 24 27 0.467908286219 2.11653710285e-11 0.762701013716 0.36963859899 0.999999999683 0.134592 0 0
25.6 24 27 0.37852517038 2.03378392869e-11 0.762293047901 0.368602042547 0.999999999661 0.13403 0 0
25.7 24 27 0.293451169264 1.94828934785e-11 0.761889540352 0.367570202076 0.999999999687 0.134512 0 0
25.8 24 29 0.294333890464 1.86028495629e-11 0.761490444249 0.366543072607 0.999999999681 0.125577 0 0
25.9 24 27 0.473532643257 1.77002343107e-11 0.761095707409 0.365520648955 0.999999999637 0.135786 0 0
26 24 27 0.384635271535 1.67779667734e-11 0.760705272706 0.364502925868 0.999999999665 0.135463 0 0
26.1 24 27 0.386159791156 1.58391477399e-11 0.760319078439 0.363489898041 0.999999999671 0.137112 0 0
26.2 24 28 0.477744937604 1.48871179732e-11 0.759937059155 0.362481560107 0.999999999677 0.136633 0 0
26.3 24 28 0.479146373059 1.39253840947e-11 0.759559146146 0.361477906652 0.999999999674 0.136063 0 0
26.4 24 29 0.480548358816 1.31106881709e-11 0.759185268128 0.360478932371 0.999999999696 0.136696 0 0
26.5 24 28 0.481947438915 1.30925007779e-11 0.758815351891 0.35948463189 0.999999999633 0.136921 0 0
26.6 24 28 0.483348198552 1.30710554803e-11 0.75844932282 0.358495000062 0.999999999713 0.127735 0 0
26.7 24 28 0.484746902744 1.30433425873e-11 0.758087105647 0.357510031836 0.999999999682 0.147684 0 0
26.8 24 30 0.486151288586 1.30066832065e-11 0.757728625119 0.356529722293 0.999999999676 0.138373 0 0
26.9 24 30 0.48755297633 1.29582038366e-11 0.757373806735 0.35555406663 0.999999999658 0.12668 0 0
27 24 30 0.488954975469 1.28954650237e-11 0.757022577126 0.35458306022 0.999999999668 0.127277 0 0
27.1 24 29 0.490351706134 1.28159587629e-11 0.756674864913 0.353616698641 0.99999999968 0.148148 0 0
27.2 24 29 0.491750662511 1.27176373194e-11 0.756330601094 0.352654977647 0.999999999671 0.137591 0 0
27.3 24 28 0.493146636776 1.25985478509e-11 0.755989718084 0.351697893189 0.999999999694 0.139064 0 0
27.4 24 29 0.494547557071 1.24571648643e-11 0.755652152901 0.350745441315 0.999999999684 0.128091 0 0
27.5 24 29 0.495944380237 1.22922115875e-11 0.755317847948 0.349797618325 0.99999999969 0.127804 0 0
27.6 24 31 0.497349138909 1.21027032149e-11 0.754986749144 0.348854420608 0.999999999677 0.139043 0 0
27.7 24 30 0.498743384665 1.18879700327e-11 0.754658806994 0.347915844829 0.999999999699 0.150027 0 0
27.8 24 31 0.311751207498 1.1647629179e-11 0.75433397667 0.346981887675 0.999999999685 0.150802 0 0
27.9 24 30 0.501539915287 1.13815534187e-11 0.754012218942 0.346052545963 0.99999999968 0.12848 0 0
28 24 31 0.50293945021 1.10898582053e-11 0.753693500314 0.345127816593 0.999999999703 0.15216 0 0
28.1 24 31 0.314366952191 1.07729065594e-11 0.75337779229 0.344207696573 0.999999999671 0.140837 0 0
28.2 24 30 0.505730281776 1.04311279309e-11 0.75306507242 0.343292182897 0.99999999969 0.14077 0 0
28.3 24 29 0.507121794845 1.00654160294e-11 0.752755324017 0.342381272604 0.999999999702 0.140804 0 0
28.4 24 29 0.508514815196 9.67656458672e-12 0.752448536004 0.341474962705 0.99999999971 0.140251 0 0
28.5 24 30 0.317835998136 9.26569232163e-12 0.752144702985 0.340573250093 0.999999999678 0.130841 0 0
28.6 25 29 0.511295147258 8.83388669155e-12 0.751843825178 0.339676131587 0.999999999682 0.15198 0 0
28.7 25 31 0.512687455989 8.38255260676e-12 0.75154590788 0.338783603979 0.999999999666 0.136109 0 0
28.8 24 30 0.514068558958 7.91321564005e-12 0.751250961569 0.33789566385 0.999999999684 0.147017 0 0
28.9 25 29 0.515447099508 1.11200196956e-11 0.750959001473 0.337012307558 0.999999999693 0.15367 0 0
29 25 31 0.322149450348 1.03043955135e-11 0.750670047287 0.336133531285 0.999999999642 0.137521 0 0
29.1 25 30 0.518203495422 1.47530325833e-11 0.750384122693 0.335259330936 0.999999999688 0.147896 0 0
29.2 25 31 0.519581326687 1.35953784582e-11 0.750101255113 0.334389702207 0.999999999645 0.148969 0 0
29.3 25 31 0.52094713888 9.73861709415e-12 0.749821475181 0.333524640502 0.999999999636 0.159143 0 0
29.4 25 34 0.325564346682 1.22593066454e-11 0.749544816247 0.332664140764 0.999999999657 0.160918 0 0
29.5 25 33 0.326408970009 1.1576293306e-11 0.749271313907 0.331808197722 0.999999999648 0.149951 0 0
29.6 25 32 0.327245688043 9.31834381451e-12 0.749001005576 0.330956805718 0.999999999637 0.161142 0 0
29.7 25 32 0.328086974306 1.24977657231e-11 0.748733929805 0.330109958761 0.999999999657 0.141208 0 0
29.8 25 31 0.328921308101 6.84471876742e-12 0.748470125983 0.329267650352 0.999999999664 0.15107 0 0
29.9 25 31 0.329756717864 7.3728704715e-12 0.748209633653 0.328429873644 0.999999999642 0.141398 0 0
30 25 32 0.330592869548 7.89788193166e-12 0.74795249207 0.327596621261 0.999999999628 0.143359 0 0
