# SIAM excitation B=c_0up^dag|gs> (normalized), method=fbr
# L=100 U=0.1 V=0.1 dt=0.1 tmax=30 max_bond_dim=512 mps_cutoff=1e-09 activity_tol=1e-11
# E_gs=-30.9227535891 gs_n_active=20 gs_bond_dim=24 gs_wall_s=67.902842
# nrm=0.707106781787
# t  n_active  bond_dim  renyi_half  slater_activity  n0up  n0dw  norm  wall_s  ReA  ImA
0 20 24 0.217133016235 3.06088487889e-13 1 0.686975497316 1 0.002419 0 0
0.1 19 11 0.116004973303 5.63837865286e-12 0.999961337253 0.686956187739 0.99999998713 0.087115 0 0
0.2 16 11 0.115990238014 5.53557200078e-13 0.999845453952 0.686898291481 0.999999995116 0.070329 0 0
0.3 16 11 0.116002348398 5.38569189246e-13 0.999652631115 0.68680188761 0.999999997479 0.064369 0 0
0.4 16 10 0.115980629284 1.29085631073e-12 0.999383355812 0.686667111837 0.999999995343 0.064936 0 0
0.5 16 10 0.116013865552 9.65560964516e-13 0.999038306291 0.686494157015 0.999999995955 0.054762 0 0
0.6 16 10 0.116048150168 9.49129663752e-13 0.998618344909 0.686283264297 0.999999996003 0.063983 0 0
0.7 16 9 0.116037823655 9.31477117661e-13 0.998124520165 0.686034727225 0.999999995576 0.073161 0 0
0.8 16 9 0.116107652253 9.13047415452e-13 0.997558062041 0.685748891574 0.999999995953 0.054142 0 0
0.9 16 9 0.116194263083 8.94395668638e-13 0.99692037252 0.685426147161 0.999999997212 0.065458 0 0
1 16 9 0.215293907197 8.74411654195e-13 0.996213021974 0.685066934423 0.999999996795 0.066756 0 0
1.1 16 9 0.218717986698 8.53650483634e-13 0.995437738654 0.684671737169 0.999999997401 0.075621 0 0
1.2 16 9 0.221417647074 8.32556246166e-13 0.994596405294 0.684241082276 0.999999996963 0.065137 0 0
1.3 16 9 0.223485012472 8.11128941791e-13 0.993691047875 0.683775535703 0.99999999699 0.074441 0 0
1.4 16 9 0.225020237217 7.89146525904e-13 0.992723828379 0.683275701843 0.999999996257 0.055126 0 0
1.5 16 9 0.226120595783 7.67386154621e-13 0.991697030959 0.682742218633 0.999999996628 0.065277 0 0
1.6 16 9 0.226874964739 7.45181694128e-13 0.990613056632 0.682175756345 0.999999996848 0.065175 0 0
1.7 16 10 0.227409959303 7.22866211333e-13 0.989474411481 0.681577015102 0.999999997 0.055075 0 0
1.8 16 10 0.227696297441 7.00106639329e-13 0.988283692276 0.680946720483 0.999999996618 0.05459 0 0
1.9 16 10 0.227845000546 6.77569111929e-13 0.987043580468 0.680285621825 0.999999996518 0.054674 0 0
2 16 10 0.227883625687 6.55364651436e-13 0.98575682259 0.679594487121 0.999999996386 0.064971 0 0
2.1 16 11 0.22790116922 6.33160190944e-13 0.984426228807 0.6788741037 0.999999996057 0.064947 0 0
2.2 16 11 0.227798647098 6.11066752754e-13 0.983054655064 0.678125270741 0.999999996201 0.074511 0 0
2.3 16 11 0.227662214568 5.89306381471e-13 0.981644990802 0.677348798909 0.999999997326 0.074117 0 0
2.4 16 11 0.227500992208 5.67434987886e-13 0.980200148166 0.676545506982 0.999999996863 0.06598 0 0
2.5 16 11 0.227325850813 5.46118705813e-13 0.978723051031 0.675716218214 0.999999996311 0.075685 0 0
2.6 16 10 0.227089846344 5.25468557555e-13 0.977216621393 0.674861758429 0.999999996292 0.074113 0 0
2.7 16 10 0.226920846667 5.04596364692e-13 0.975683768184 0.673982952844 0.999999996136 0.055031 0 0
2.8 16 10 0.226759807879 4.84723372551e-13 0.974127376779 0.673080622285 0.999999996691 0.065553 0 0
2.9 16 10 0.22661248378 4.64850380411e-13 0.972550293484 0.672155581592 0.999999996374 0.074687 0 0
3 16 10 0.226483134637 4.45643522085e-13 0.970955319276 0.671208638447 0.999999995975 0.074968 0 0
3.1 16 10 0.226374041095 4.26769730666e-13 0.969345201072 0.670240589312 0.999999994815 0.075106 0 0
3.2 16 10 0.226285844381 4.08340028457e-13 0.967722619415 0.669252217294 0.999999995023 0.065894 0 0
3.3 16 10 0.226217568077 3.90576460063e-13 0.966090176665 0.668244290429 0.999999995743 0.055383 0 0
3.4 16 10 0.226171843265 3.73701070089e-13 0.964450392492 0.66721755932 0.999999994706 0.074015 0 0
3.5 16 10 0.226147674244 3.57602836232e-13 0.962805696541 0.666172757988 0.999999995347 0.065419 0 0
3.6 16 10 0.226145925798 3.41837669282e-13 0.961158416707 0.665110599242 0.999999995299 0.07546 0 0
3.7 16 10 0.226166670851 3.26960680752e-13 0.959510774981 0.664031775946 0.999999994924 0.065406 0 0
3.8 16 10 0.226207855875 3.12638803734e-13 0.957864880555 0.66293695653 0.999999994135 0.074624 0 0
3.9 16 10 0.226273624464 2.98649993624e-13 0.956222724209 0.661826787791 0.999999992968 0.066039 0 0
4 16 10 0.226362374786 2.91877633174e-13 0.954586176907 0.660701891568 0.999999993586 0.074876 0 0
4.1 16 10 0.226473771823 2.89546164822e-13 0.952956976528 0.659562864438 0.999999993782 0.074383 0 0
4.2 16 10 0.226607389115 2.86659584958e-13 0.951336736761 0.658410278646 0.999999993544 0.055564 0 0
4.3 16 11 0.22682020042 2.84328116607e-13 0.949726935723 0.657244679388 0.999999993748 0.074512 0 0
4.4 16 11 0.227000781814 2.82107670557e-13 0.948128920773 0.656066587956 0.999999993738 0.065653 0 0
4.5 16 11 0.227204550006 2.79665179903e-13 0.946543902368 0.654876498011 0.999999993116 0.065766 0 0
4.6 16 11 0.227429780148 2.77000644644e-13 0.944972957424 0.653674878647 0.99999999275 0.065981 0 0
4.7 16 11 0.22767810697 2.74669176292e-13 0.943417028854 0.652462174208 0.999999993259 0.065591 0 0
4.8 16 11 0.227948819932 2.72226685638e-13 0.941876923713 0.651238801678 0.999999993149 0.065427 0 0
4.9 16 11 0.228249675659 2.69895217286e-13 0.940353321129 0.650005155265 0.999999994128 0.074627 0 0
5 16 11 0.228572064646 2.6734170433e-13 0.938846770508 0.648761604547 0.999999993942 0.066231 0 0
5.1 16 11 0.228914488175 2.64899213676e-13 0.937357697683 0.647508497435 0.999999993962 0.066249 0 0
5.2 16 11 0.229279524866 2.62345700719e-13 0.935886399927 0.64624615844 0.999999994757 0.075678 0 0
5.3 16 11 0.229666280776 2.59903210065e-13 0.934433065536 0.644974890757 0.999999994104 0.056009 0 0
5.4 16 11 0.230074251957 2.57682764015e-13 0.932997770344 0.643694976902 0.999999994458 0.065888 0 0
5.5 16 11 0.230504826471 2.55018228756e-13 0.931580478654 0.642406681025 0.999999993499 0.065961 0 0
5.6 16 11 0.23095147776 2.52686760405e-13 0.930181060665 0.641110247877 0.999999994161 0.065502 0 0
5.7 16 11 0.231424291544 2.50022225146e-13 0.928799286954 0.639805905683 0.999999993887 0.065408 0 0
5.8 16 11 0.231914356348 2.47801779096e-13 0.927434841993 0.638493866606 0.999999993414 0.074853 0 0
5.9 16 11 0.232419651873 2.45359288442e-13 0.926087332187 0.637174328107 0.999999993803 0.06543 0 0
6 16 11 0.232950573906 2.4302782009e-13 0.924756286655 0.635847473554 0.999999993448 0.065933 0 0
6.1 16 11 0.233500735363 2.40696351739e-13 0.923441168638 0.634513475992 0.999999993974 0.066182 0 0
6.2 16 11 0.234072139851 2.38919994899e-13 0.922141383482 0.633172493743 0.999999994608 0.05602 0 0
6.3 16 11 0.234663424752 2.36921593455e-13 0.920856282269 0.631824678333 0.999999994018 0.066424 0 0
6.4 16 11 0.23527402234 2.34812169708e-13 0.91958517691 0.630470171952 0.999999994305 0.076145 0 0
6.5 16 11 0.235900966001 2.32480701357e-13 0.918327337662 0.629109108513 0.999999993985 0.0755 0 0
6.6 16 11 0.236550333795 2.3081536682e-13 0.91708200795 0.627741617201 0.999999993906 0.066645 0 0
6.7 16 11 0.237215499358 2.28816965375e-13 0.915848409761 0.626367820479 0.999999993638 0.06679 0 0
6.8 16 11 0.237895478032 2.26818563931e-13 0.914625749231 0.624987836762 0.999999993516 0.05678 0 0
6.9 16 11 0.238588338167 2.25153229394e-13 0.913413226389 0.623601781089 0.999999991947 0.066023 0 0
7 16 11 0.239295248108 2.23709939462e-13 0.912210041499 0.622209767381 0.999999992843 0.066582 0 0
7.1 16 11 0.240025701643 2.2182256032e-13 0.911015393559 0.620811906636 0.999999992374 0.075433 0 0
7.2 16 11 0.240765615768 2.19713136573e-13 0.909828500243 0.619408310646 0.999999991913 0.065773 0 0
7.3 16 11 0.241516756285 2.18380868944e-13 0.908648595325 0.617999090798 0.999999991108 0.0757 0 0
7.4 16 11 0.24227956322 2.16937579012e-13 0.907474933917 0.616584359069 0.999999992062 0.075816 0 0
7.5 16 11 0.243049630925 2.15272244475e-13 0.906306799006 0.615164229204 0.999999990782 0.068613 0 0
7.6 16 11 0.243829533399 2.13939976845e-13 0.905143508262 0.61373881793 0.999999994301 0.076654 0 0
7.7 16 11 0.244620548333 2.12607709216e-13 0.903984410534 0.612308241281 0.999999994383 0.067311 0 0
7.8 16 11 0.245416495324 2.11608508494e-13 0.902828903787 0.610872621787 0.999999992023 0.056769 0 0
7.9 16 11 0.246222893031 2.10831352376e-13 0.901676427878 0.609432084784 0.999999994054 0.06653 0 0
8 16 11 0.247035174555 2.10276240864e-13 0.900526461413 0.607986755605 0.999999993902 0.075914 0 0
8.1 16 11 0.247828426485 2.09721129352e-13 0.899378540947 0.606536766443 0.999999993496 0.074951 0 0
8.2 16 11 0.24863037311 2.08943973234e-13 0.898232250632 0.605082252 0.999999995011 0.075158 0 0
8.3 16 12 0.249491531399 2.09054995537e-13 0.89708722544 0.603623350564 0.999999995241 0.066868 0 0
8.4 16 12 0.25029746296 2.08943973234e-13 0.895943156713 0.60216020502 0.999999994178 0.066227 0 0
8.5 16 12 0.251108305968 2.0872192863e-13 0.894799786898 0.600692961765 0.999999994492 0.066275 0 0
8.6 16 12 0.251926581606 2.09054995537e-13 0.89365691081 0.599221769007 0.999999994156 0.066085 0 0
8.7 16 12 0.252746205743 2.09388062444e-13 0.892514378495 0.597746780013 0.999999994658 0.066116 0 0
8.8 16 12 0.253567741396 2.09499084747e-13 0.891372089268 0.596268148518 0.999999994483 0.065367 0 0
8.9 16 12 0.25439702295 2.10054196259e-13 0.890229996389 0.594786034365 0.999999994628 0.076118 0 0
9 16 12 0.255232853071 2.10387263166e-13 0.889088093038 0.59330059825 0.999999995274 0.056582 0 0
9.1 16 12 0.256071601405 2.10498285469e-13 0.887946427415 0.591812001 0.999999994939 0.055843 0 0
9.2 16 12 0.256892806685 2.11053396981e-13 0.886805092107 0.59032040752 0.999999994229 0.06594 0 0
9.3 16 12 0.257746131006 2.11608508494e-13 0.885664223603 0.588825984494 0.999999994188 0.066049 0 0
9.4 16 12 0.258587365513 2.12052597703e-13 0.88452399274 0.587328896612 0.999999993294 0.056358 0 0
9.5 16 12 0.259427248345 2.12052597703e-13 0.883384610988 0.585829311313 0.999999994682 0.066783 0 0
9.6 16 12 0.26028588693 2.12496686913e-13 0.882246318659 0.584327392643 0.999999995499 0.057126 0 0
9.7 16 12 0.261146047181 2.12385664611e-13 0.881109388537 0.582823307498 0.999999994664 0.056322 0 0
9.8 16 12 0.262024466631 2.12274642308e-13 0.879974120894 0.581317221267 0.999999994408 0.05724 0 0
9.9 16 12 0.262885686531 2.11830553098e-13 0.878840835596 0.579809296879 0.999999993653 0.076191 0 0
10 16 12 0.263761039117 2.11497486191e-13 0.877709873118 0.578299696296 0.999999994348 0.075886 0 0
10.1 16 12 0.264633913582 2.10387263166e-13 0.876581586358 0.576788577323 0.999999993037 0.066633 0 0
10.2 16 12 0.265510288266 2.09054995537e-13 0.875456342562 0.57527609767 0.999999992968 0.067287 0 0
10.3 16 12 0.266378689598 2.08055794815e-13 0.874334513462 0.57376241116 0.999999994058 0.066749 0 0
10.4 16 12 0.267258441039 2.06390460278e-13 0.873216473702 0.572247667974 0.999999992969 0.067182 0 0
10.5 16 12 0.26813228887 2.04170014229e-13 0.872102600983 0.570732014018 0.999999993233 0.06638 0 0
10.6 16 12 0.269032537945 2.01727523574e-13 0.870993266792 0.569215592424 0.99999999347 0.056825 0 0
10.7 16 12 0.269917476219 1.99396055223e-13 0.869888836351 0.567698539741 0.99999999217 0.067234 0 0
10.8 16 12 0.270818837466 1.96953564569e-13 0.868789665878 0.566180992525 0.999999992891 0.076394 0 0
10.9 16 12 0.271720937998 1.94066984704e-13 0.867696096695 0.564663078964 0.999999993483 0.076011 0 0
11 16 12 0.272625309581 1.90514271026e-13 0.866608455492 0.563144923027 0.999999992895 0.075929 0 0
11.1 16 12 0.273532626314 1.90181204118e-13 0.865527050304 0.561626646033 0.999999992917 0.075682 0 0
11.2 16 12 0.27446149526 1.90625293328e-13 0.86445216911 0.560108362104 0.99999999231 0.066379 0 0
11.3 16 12 0.275387763537 1.90625293328e-13 0.863384075507 0.558590181467 0.999999991657 0.067205 0 0
11.4 16 12 0.276328579334 1.89737114908e-13 0.862323008851 0.5570722087 0.999999991389 0.066745 0 0
11.5 16 12 0.277263920514 1.89070981094e-13 0.861269183588 0.555554544547 0.999999993301 0.066819 0 0
11.6 16 12 0.278212760716 1.87183601952e-13 0.860222782977 0.554037283405 0.999999992118 0.06737 0 0
11.7 16 12 0.279184936872 1.8529622281e-13 0.859183966916 0.55252051705 0.999999992362 0.066868 0 0
11.8 16 12 0.280154069338 1.83075776761e-13 0.858152863639 0.551004331696 0.999999992206 0.076429 0 0
11.9 16 12 0.281136190405 1.80300219199e-13 0.857129571129 0.549488808101 0.999999991873 0.075716 0 0
12 16 12 0.282112609045 1.7719159473e-13 0.856114159007 0.547974025255 0.999999990475 0.067382 0 0
12.1 16 12 0.283109450171 1.73749903354e-13 0.855106667487 0.546460054654 0.999999992221 0.076758 0 0
12.2 16 12 0.284116783556 1.69642078163e-13 0.854107103565 0.544946967044 0.999999992128 0.067607 0 0
12.3 16 12 0.28514819153 1.64979141459e-13 0.853115450924 0.543434828261 0.999999992885 0.067726 0 0
12.4 16 12 0.28617831173 1.60094160151e-13 0.852131662259 0.541923701089 0.9999999915 0.067882 0 0
12.5 16 12 0.28721426499 1.5465406733e-13 0.851155666497 0.540413644052 0.999999991925 0.066483 0 0
12.6 16 12 0.288258925588 1.487698853e-13 0.850187364502 0.538904716167 0.999999990592 0.057011 0 0
12.7 16 12 0.289324035417 1.42663658664e-13 0.849226635326 0.537396969632 0.999999991308 0.0675 0 0
12.8 16 12 0.290389286457 1.38888900381e-13 0.848273334273 0.535890457813 0.99999999071 0.067714 0 0
12.9 16 12 0.291452595154 1.37001521239e-13 0.847327297034 0.534385232159 0.999999991262 0.057747 0 0
13 16 12 0.29255156043 1.36113342819e-13 0.846388340139 0.53288133896 0.999999992446 0.05723 0 0
13.1 16 12 0.293647893643 1.35336186702e-13 0.845456263704 0.531378825588 0.999999993394 0.067264 0 0
13.2 16 12 0.294764434541 1.3433698598e-13 0.844530843643 0.529877739336 0.999999992034 0.067089 0 0
13.3 16 12 0.295903762209 1.3389289677e-13 0.843611860907 0.528378126608 0.999999990983 0.067234 0 0
13.4 16 13 0.297095223864 1.33226762955e-13 0.842699077292 0.526880031315 0.999999991109 0.056918 0 0
13.5 16 12 0.298177602574 1.32671651443e-13 0.841792250377 0.52538349718 0.999999991949 0.067032 0 0
13.6 16 12 0.299351700257 1.3256062914e-13 0.840891128328 0.523888569937 0.999999991388 0.076759 0 0
13.7 16 12 0.300501264216 1.32893696048e-13 0.839995463596 0.522395294768 0.999999992576 0.076172 0 0
13.8 16 12 0.301673604619 1.33337785257e-13 0.839105002816 0.52090371596 0.999999992141 0.067323 0 0
13.9 16 12 0.302883194245 1.3344880756e-13 0.838219500857 0.519413879732 0.999999992067 0.057151 0 0
14 16 12 0.30405781907 1.34114941375e-13 0.837338712165 0.517925833618 0.999999990193 0.076317 0 0
14.1 16 12 0.305259249496 1.34448008282e-13 0.836462398275 0.516439625498 0.999999991427 0.066908 0 0
14.2 16 12 0.306464629776 1.35003119794e-13 0.835590329255 0.514955302614 0.999999988742 0.076501 0 0
14.3 16 12 0.30768085051 1.35225164399e-13 0.834722285729 0.513472914668 0.99999999061 0.066964 0 0
14.4 16 11 0.308856490808 1.35447209004e-13 0.833858055283 0.511992511533 0.99999999047 0.075699 0 0
14.5 16 11 0.310080241596 1.35447209004e-13 0.832997446099 0.510514145911 0.999999989284 0.057697 0 0
14.6 16 11 0.311319605172 1.42996725572e-13 0.832140276235 0.509037868457 0.999999990121 0.066902 0 0
14.7 16 12 0.312611986731 1.53210777398e-13 0.831286379941 0.50756373303 0.99999999039 0.057425 0 0
14.8 16 12 0.313855218798 1.6409096304e-13 0.830435609729 0.506091793323 0.999999991781 0.076932 0 0
14.9 16 11 0.315054727441 1.74305014866e-13 0.82958783361 0.504622105119 0.999999991753 0.057687 0 0
15 16 12 0.31634961234 1.84741111298e-13 0.828742940677 0.503154724311 0.999999992827 0.068447 0 0
15.1 16 11 0.317553084354 1.94066984704e-13 0.827900836143 0.501689708309 0.999999993497 0.077174 0 0
15.2 16 11 0.318809095673 2.03392858111e-13 0.827061446371 0.500227114737 0.999999990644 0.077204 0 0
15.3 16 11 0.320071720133 2.12607709216e-13 0.826224720126 0.498767003373 0.999999992252 0.057362 0 0
15.4 16 11 0.321337517873 2.21600515715e-13 0.825390619762 0.497309432221 0.999999990938 0.066766 0 0
15.5 16 11 0.322605464973 2.3037127761e-13 0.824559130833 0.495854460755 0.999999991662 0.067153 0 0
15.6 16 11 0.323876878728 2.38142838782e-13 0.823730254975 0.494402149731 0.999999992203 0.066985 0 0
15.7 16 11 0.325151176403 2.4569235535e-13 0.822904013378 0.492952559071 0.99999999288 0.076136 0 0
15.8 16 11 0.326432419928 2.52686760405e-13 0.822080445064 0.49150574939 0.999999992717 0.066173 0 0
15.9 16 11 0.327717751578 2.59459120855e-13 0.821259606382 0.490061779701 0.999999992359 0.06446 0 0
16 16 11 0.329003055479 2.6512125828e-13 0.820441568968 0.488620709469 0.999999992941 0.073386 0 0
16.1 16 11 0.330290982658 2.70672373404e-13 0.819626418077 0.487182599543 0.999999990357 0.072189 0 0
16.2 16 11 0.33157803339 2.75557354712e-13 0.818814258636 0.485747509085 0.999999992785 0.0642 0 0
16.3 16 11 0.332872092773 2.79887224508e-13 0.818005196155 0.484315495094 0.999999994948 0.062901 0 0
16.4 16 11 0.334166947991 2.83439938187e-13 0.817199354938 0.482886613507 0.999999994794 0.07243 0 0
16.5 16 11 0.335460511554 2.86326518051e-13 0.816396869525 0.481460920884 0.999999993517 0.072696 0 0
16.6 16 11 0.336757542466 2.88435941798e-13 0.815597880952 0.480038472388 0.999999991345 0.06257 0 0
16.7 16 12 0.338098832299 2.89768209427e-13 0.81480253754 0.478619321339 0.99999999031 0.063498 0 0
16.8 16 11 0.339348122202 2.90434343242e-13 0.814010988867 0.477203517608 0.999999992118 0.062957 0 0
16.9 16 11 0.340647362216 2.90434343242e-13 0.813223386523 0.475791112507 0.999999991999 0.072542 0 0
17 16 11 0.341948674034 2.89546164822e-13 0.812439891955 0.474382157231 0.999999991743 0.072168 0 0
17.1 16 11 0.343248944091 2.8810287489e-13 0.811660659689 0.472976695078 0.999999993423 0.063042 0 0
17.2 16 11 0.344547486563 2.85882428841e-13 0.810885843455 0.471574772851 0.999999993332 0.072235 0 0
17.3 16 11 0.345848208241 2.83106871279e-13 0.810115598319 0.470176435398 0.999999993711 0.053496 0 0
17.4 16 11 0.347151399559 2.79665179903e-13 0.809350072093 0.468781722874 0.99999999302 0.055149 0 0
17.5 16 11 0.34845440421 2.750022432e-13 0.808589406532 0.467390673969 0.99999999505 0.063909 0 0
17.6 16 11 0.349758026783 2.69340105774e-13 0.807833734951 0.466003327566 0.999999993227 0.062911 0 0
17.7 16 11 0.35106417047 2.63788990651e-13 0.807083187142 0.464619719295 0.999999993841 0.063713 0 0
17.8 16 11 0.352370713738 2.57460719411e-13 0.806337879288 0.463239882329 0.999999994913 0.064312 0 0
17.9 16 11 0.353678676277 2.50355292053e-13 0.805597918687 0.461863849441 0.9999999954 0.06351 0 0
18 16 11 0.354988756807 2.42472708578e-13 0.804863402661 0.460491650275 0.999999993439 0.072374 0 0
18.1 16 11 0.356300527618 2.34368080498e-13 0.804134417784 0.459123312856 0.999999993985 0.071809 0 0
18.2 16 11 0.357614018096 2.25375273999e-13 0.803411035601 0.457758865069 0.999999992782 0.06376 0 0
18.3 16 11 0.358928629666 2.16160422895e-13 0.80269331556 0.456398331247 0.999999994605 0.063713 0 0
18.4 16 11 0.360245228437 2.06834549488e-13 0.801981301863 0.455041734094 0.999999993379 0.07204 0 0
18.5 16 11 0.361564080061 1.97619698383e-13 0.801275030916 0.453689096785 0.999999991136 0.063058 0 0
18.6 16 11 0.362883956802 1.87849735767e-13 0.800574522098 0.452340439988 0.999999990987 0.053893 0 0
18.7 16 11 0.364206610593 1.78190795452e-13 0.799879779096 0.450995781906 0.999999992286 0.053399 0 0
18.8 16 11 0.365529881386 1.72084568817e-13 0.79919079334 0.449655140299 0.999999993503 0.063516 0 0
18.9 16 11 0.366858281533 1.66644475996e-13 0.798507545158 0.448318532726 0.999999992823 0.070687 0 0
19 16 11 0.368187745996 1.66533453694e-13 0.797830003115 0.446985974128 0.999999993087 0.071703 0 0
19.1 16 11 0.369518957093 1.78745906965e-13 0.797158120366 0.445657481765 0.999999990932 0.060013 0 0
19.2 16 11 0.370852074927 1.90403248723e-13 0.796491841959 0.444333068476 0.999999993997 0.051107 0 0
19.3 16 11 0.372188102718 2.01394456667e-13 0.795831094708 0.443012747012 0.999999992079 0.068399 0 0
19.4 16 11 0.373526967005 2.11275441586e-13 0.795175805759 0.441696532505 0.999999993926 0.068074 0 0
19.5 16 11 0.374866676134 2.21600515715e-13 0.79452588399 0.44038443729 0.999999992507 0.059852 0 0
19.6 16 11 0.376208658758 2.30149233005e-13 0.793881235848 0.439076474845 0.999999992523 0.051499 0 0
19.7 16 11 0.377552747501 2.38142838782e-13 0.79324175726 0.437772655483 0.999999991665 0.060198 0 0
19.8 16 11 0.378897731407 2.45581333047e-13 0.792607339047 0.436472991917 0.999999990863 0.060324 0 0
19.9 16 11 0.380245341308 2.5202062659e-13 0.791977867415 0.43517749553 0.999999992033 0.051288 0 0
20 16 11 0.381594529876 2.56905607898e-13 0.791353222666 0.433886179404 0.999999993673 0.051405 0 0
20.1 16 11 0.38294569652 2.60680366182e-13 0.790733282086 0.432599054898 0.999999993301 0.068873 0 0
20.2 16 11 0.384298011466 2.63788990651e-13 0.790117923863 0.431316135648 0.999999992519 0.06033 0 0
20.3 16 11 0.385652125406 2.65676369793e-13 0.789507023733 0.430037434084 0.999999994078 0.060407 0 0
20.4 16 11 0.387008030012 2.66564548213e-13 0.788900456213 0.428762963737 0.999999993491 0.051529 0 0
20.5 16 11 0.388363926938 2.65898414398e-13 0.788298100149 0.427492736858 0.999999992525 0.068516 0 0
20.6 16 11 0.389721606275 2.64233079861e-13 0.787699835705 0.426226767025 0.999999992642 0.059954 0 0
20.7 16 11 0.391079703235 2.61235477694e-13 0.787105545768 0.424965070447 0.999999992109 0.060021 0 0
20.8 16 11 0.392438999107 2.57349697108e-13 0.786515118446 0.423707659033 0.999999992608 0.051058 0 0
20.9 16 11 0.393798093831 2.5202062659e-13 0.78592844725 0.422454548254 0.999999993032 0.059837 0 0
21 16 11 0.395158300334 2.46247466862e-13 0.78534543114 0.421205752996 0.999999992091 0.06823 0 0
21.1 16 11 0.396518799085 2.39586128714e-13 0.78476597798 0.419961289161 0.999999992928 0.0688 0 0
21.2 16 11 0.397879491504 2.31925589844e-13 0.784190000227 0.418721172945 0.999999993072 0.069009 0 0
21.3 16 11 0.399238895661 2.2359891716e-13 0.783617421482 0.417485421036 0.999999992976 0.051555 0 0
21.4 16 11 0.400601207109 2.1460611066e-13 0.783048172385 0.416254048707 0.999999992177 0.059748 0 0
21.5 16 11 0.401968460675 2.04947170346e-13 0.782482193175 0.415027072001 0.999999992341 0.060396 0 0
21.6 16 11 0.403329722364 1.94955163124e-13 0.781919434263 0.413804508573 0.999999992455 0.068824 0 0
21.7 16 11 0.404690755414 1.84297022088e-13 0.781359853722 0.412586376764 0.999999991249 0.059985 0 0
21.8 16 11 0.406051484115 1.73638881051e-13 0.780803421525 0.411372691475 0.999999991595 0.060527 0 0
21.9 16 11 0.407413285547 1.62980740015e-13 0.780250115757 0.410163469379 0.99999999031 0.06053 0 0
22 16 11 0.408771476603 1.52433621281e-13 0.779699925247 0.408958728663 0.999999992997 0.060995 0 0
22.1 16 11 0.410129517433 1.42219569454e-13 0.779152846191 0.407758485088 0.999999992443 0.068827 0 0
22.2 16 11 0.411486752912 1.31228361511e-13 0.778608888051 0.406562755787 0.999999992824 0.0518 0 0
22.3 16 11 0.412843566152 1.21014309684e-13 0.778068067229 0.405371557768 0.999999991774 0.060939 0 0
22.4 16 11 0.414199852667 1.11133324765e-13 0.777530410084 0.404184906614 0.999999993508 0.060689 0 0
22.5 16 11 0.415553961851 1.05582209642e-13 0.776995946547 0.403002818149 0.999999993064 0.060353 0 0
22.6 16 11 0.416909613083 1.04360964315e-13 0.776464720444 0.401825307571 0.999999992144 0.060653 0 0
22.7 16 11 0.418263564992 1.01252339846e-13 0.77593677873 0.400652389564 0.999999992722 0.061138 0 0
22.8 16 11 0.4196154052 1.05360165037e-13 0.775412176595 0.399484078549 0.99999999345 0.053544 0 0
22.9 16 11 0.420967061494 1.12132525487e-13 0.774890972862 0.398320388162 0.999999992217 0.069099 0 0
23 16 11 0.422318635511 1.17572618308e-13 0.774373233911 0.39716133153 0.999999992747 0.06067 0 0
23.1 16 11 0.42367144142 1.21791465801e-13 0.77385902691 0.396006920336 0.999999993196 0.068927 0 0
23.2 16 11 0.425020952938 1.23456800338e-13 0.773348423644 0.394857167184 0.999999993614 0.051845 0 0
23.3 16 11 0.426372550518 1.22568621919e-13 0.772841499199 0.393712081296 0.999999993757 0.068626 0 0
23.4 16 11 0.427720816855 1.18349774425e-13 0.77233832952 0.392571674098 0.999999993763 0.060616 0 0
23.5 16 11 0.429069442476 1.10800257858e-13 0.771838992066 0.391435954043 0.999999992883 0.068389 0 0
23.6 16 11 0.43041945983 9.94759830064e-14 0.77134356422 0.39030492976 0.999999992202 0.059964 0 0
23.7 16 11 0.43176675292 1.05360165037e-13 0.7708521212 0.389178608299 0.999999992538 0.051207 0 0
23.8 16 11 0.433115273949 1.34003919072e-13 0.770364736171 0.388056996064 0.999999992888 0.052273 0 0
23.9 16 11 0.434464542349 1.65312208367e-13 0.76988148172 0.386940098712 0.999999993362 0.069322 0 0
24 16 11 0.435808413704 1.9972912213e-13 0.769402425936 0.38582792114 0.999999992245 0.069175 0 0
24.1 16 11 0.437157924706 2.3669954885e-13 0.768927634201 0.384720468083 0.999999992991 0.05975 0 0
24.2 16 11 0.4385065668 2.7455815399e-13 0.768457164969 0.383617742148 0.999999993397 0.060573 0 0
24.3 16 11 0.439855195426 3.1241675913e-13 0.767991074432 0.382519745952 0.99999999357 0.068245 0 0
24.4 16 11 0.441205113232 3.49276163547e-13 0.767529411481 0.381426480755 0.999999992535 0.067787 0 0
24.5 16 11 0.442555713567 3.82915921193e-13 0.767072220364 0.380337947364 0.999999992558 0.059631 0 0
24.6 16 12 0.443943928043 4.12669898253e-13 0.766619536319 0.379254145372 0.999999991801 0.067623 0 0
24.7 16 11 0.445253099716 4.36761737888e-13 0.76617138989 0.378175074368 0.999999992266 0.059615 0 0
24.8 16 11 0.446606662675 4.54525306282e-13 0.765727795571 0.377100732578 0.999999990936 0.051532 0 0
24.9 16 11 0.447957032773 4.64961402713e-13 0.765288777949 0.376031120746 0.999999992699 0.06091 0 0
25 16 11 0.449313522577 4.68181049484e-13 0.764854343455 0.374966237302 0.99999999143 0.059713 0 0
25.1 16 11 0.450663335612 4.63185045874e-13 0.764424493344 0.373906077284 0.999999992461 0.050615 0 0
25.2 16 11 0.452014565311 4.50528503393e-13 0.763999219831 0.372850639033 0.999999992822 0.050899 0 0
25.3 16 11 0.453368758691 4.3010039974e-13 0.763578507754 0.371799917573 0.999999992947 0.059612 0 0
25.4 16 11 0.454721759086 4.03121980241e-13 0.763162336201 0.370753909154 0.999999992592 0.067864 0 0
25.5 16 11 0.456075336528 3.69593244898e-13 0.762750677132 0.369712609437 0.999999991944 0.059791 0 0
25.6 16 11 0.457431338764 3.30957483641e-13 0.762343494981 0.368676013856 0.999999992597 0.067928 0 0
25.7 16 11 0.458788662181 2.87214696471e-13 0.761940746772 0.367644117772 0.999999991642 0.059651 0 0
25.8 16 11 0.460146127704 2.39364084109e-13 0.761542384143 0.36661691604 0.999999991202 0.060074 0 0
25.9 16 13 0.461583172986 1.89293025699e-13 0.761148356253 0.365594403207 0.999999992419 0.06856 0 0
26 16 13 0.462959213145 1.78301817755e-13 0.760758575176 0.364576573275 0.999999991622 0.069376 0 0
26.1 16 12 0.464345466991 2.35700348128e-13 0.76037298768 0.363563423993 0.999999991012 0.05238 0 0
26.2 16 13 0.465818415576 2.82551759767e-13 0.759991534027 0.362554948915 0.999999991902 0.061022 0 0
26.3 16 12 0.46722088739 3.34954286529e-13 0.759614143394 0.361551143136 0.999999993377 0.06116 0 0
26.4 16 12 0.468661200621 3.64708263589e-13 0.7592407405 0.360552002353 0.99999999392 0.07007 0 0
26.5 16 13 0.470133591577 3.62709862145e-13 0.75887125424 0.359557512915 0.999999993698 0.061563 0 0
26.6 16 12 0.471534360325 2.89546164822e-13 0.758505610276 0.358567669925 0.999999994461 0.061539 0 0
26.7 16 12 0.472971753447 1.49102952207e-13 0.758143734068 0.357582470287 0.999999992938 0.070486 0 0
26.8 16 13 0.474450335324 2.33590924381e-13 0.757785551421 0.356601907512 0.999999994247 0.070512 0 0
26.9 16 13 0.475900319826 2.74780198595e-13 0.757430982242 0.355625974592 0.999999993115 0.053031 0 0
27 16 13 0.477353179784 3.246292124e-13 0.757079959166 0.354654669681 0.999999993904 0.053336 0 0
27.1 16 13 0.478804555305 2.76445533132e-13 0.756732408165 0.353687990698 0.999999993473 0.070675 0 0
27.2 16 13 0.480250694862 2.48912002121e-13 0.756388262182 0.352725933364 0.999999994125 0.052989 0 0
27.3 16 13 0.481692554945 2.33257857474e-13 0.756047455346 0.351768496956 0.999999993664 0.061361 0 0
27.4 16 13 0.483128401824 1.78190795452e-13 0.75570992535 0.350815678007 0.999999991784 0.052764 0 0
27.5 16 13 0.484561858711 1.77524661638e-13 0.755375617393 0.349867473899 0.999999993627 0.069977 0 0
27.6 16 13 0.485988179841 1.15574216863e-13 0.755044473757 0.348923886368 0.999999990769 0.052899 0 0
27.7 16 13 0.487421616997 1.1857181903e-13 0.75471644885 0.347984911993 0.99999999398 0.070047 0 0
27.8 16 13 0.488837455704 1.21791465801e-13 0.754391492529 0.347050551287 0.999999991711 0.061595 0 0
27.9 16 13 0.49024784827 1.24567023363e-13 0.754069571112 0.346120801842 0.99999999185 0.052541 0 0
28 16 13 0.491664816454 1.40998324127e-13 0.753750649574 0.345195663653 0.999999994286 0.052565 0 0
28.1 16 13 0.493059663243 1.68309810533e-13 0.753434695224 0.344275135397 0.999999992192 0.053043 0 0
28.2 16 13 0.494462852397 1.89070981094e-13 0.753121693016 0.343359216219 0.999999991937 0.053283 0 0
28.3 16 13 0.49585763031 2.03059791204e-13 0.752811623349 0.342447904555 0.999999992299 0.070065 0 0
28.4 16 13 0.49723996786 2.09610107049e-13 0.752504473562 0.341541200807 0.999999992364 0.061915 0 0
28.5 16 13 0.498614596891 2.10498285469e-13 0.752200238646 0.340639103263 0.999999992785 0.061732 0 0
28.6 16 13 0.499990912843 2.05391259556e-13 0.751898916596 0.339741611025 0.999999993896 0.065959 0 0
28.7 16 13 0.501354857467 1.95399252334e-13 0.751600509833 0.338848721673 0.999999992943 0.066228 0 0
28.8 16 13 0.502706798716 1.82187598341e-13 0.751305029777 0.337960434061 0.999999991863 0.066877 0 0
28.9 16 13 0.504062184376 1.66533453694e-13 0.751012489018 0.33707674494 0.999999992219 0.066717 0 0
29 16 13 0.505408259197 1.49769086022e-13 0.750722904279 0.33619765239 0.999999992648 0.076679 0 0
29.1 16 13 0.506745410324 1.42996725572e-13 0.750436295945 0.335323153385 0.999999992681 0.075801 0 0
29.2 16 13 0.508074278797 1.43551837084e-13 0.7501526906 0.334453244706 0.99999999231 0.067197 0 0
29.3 16 13 0.509398419932 1.43662859386e-13 0.749872115628 0.333587921807 0.999999990959 0.067047 0 0
29.4 16 13 0.510711773483 1.43329792479e-13 0.74959460284 0.332727180221 0.999999993212 0.057079 0 0
29.5 16 13 0.512019738704 1.42885703269e-13 0.749320181319 0.331871015748 0.999999993179 0.066768 0 0
29.6 16 13 0.513318722462 1.42219569454e-13 0.749048886868 0.331019421086 0.999999992746 0.056889 0 0
29.7 16 13 0.51460938071 1.41442413337e-13 0.748780755264 0.330172390483 0.9999999926 0.05678 0 0
29.8 16 13 0.515895265129 1.42330591757e-13 0.748515823118 0.329329918714 0.999999992323 0.057567 0 0
29.9 16 13 0.517173483429 1.43107747874e-13 0.748254126736 0.328491995709 0.999999993223 0.066739 0 0
30 16 13 0.518445673629 1.43329792479e-13 0.747995700309 0.327658616361 0.999999992983 0.057249 0 0
