# SIAM excitation B=c_0up^dag|gs> (normalized), method=star
# L=200 U=0.4 V=0.1 dt=0.1 tmax=100 cutoff=1e-10 max_bond_dim=1024
# E_gs=-62.881175996 gs_bond_dim=53 gs_wall_s=72.470704
# nrm=0.707106781152  G00(t) = -i nrm^2 exp(i E_gs t) A(t)
# t  n_active  bond_dim  wall_s  n0up  n0dw  ReA  ImA
0 200 53 0.007479 1 0.927381218081 1 0
0.1 200 25 1.449263 0.999955978026 0.927334698812 0.999835057371 -0.0147507736668
0.2 200 24 1.475563 0.999823591659 0.927195179 0.999340246838 -0.0294918907892
0.3 200 24 1.155094 0.99960295886 0.926962842088 0.998516125339 -0.0442137058494
0.4 200 24 1.154387 0.99929441114 0.926638002207 0.997363688683 -0.0589066165701
0.5 200 24 1.154495 0.998898413231 0.926221100002 0.995884327805 -0.073561086281
0.6 200 24 1.127556 0.998415561371 0.92571269662 0.994079822589 -0.0881676650834
0.7 200 24 1.103917 0.997846581394 0.925113472761 0.991952335624 -0.102717010819
0.8 200 24 1.128322 0.997192326825 0.924424226952 0.98950440437 -0.117199909594
0.9 200 24 1.116583 0.996453776346 0.923645871057 0.986738932036 -0.131607295352
1 200 24 1.110436 0.995632030677 0.922779426863 0.983659177257 -0.145930269109
1.1 200 24 1.122997 0.994728309157 0.92182602196 0.980268742933 -0.160160117289
1.2 200 24 1.130942 0.993743946656 0.920786885023 0.976571563522 -0.174288328983
1.3 200 24 1.108987 0.992680389487 0.919663341866 0.972571891264 -0.188306612399
1.4 200 24 1.113603 0.991539191282 0.918456808858 0.968274281308 -0.20220691035
1.5 200 24 1.109373 0.990322008177 0.917168789141 0.963683576682 -0.215981414682
1.6 200 24 1.103747 0.989030593702 0.915800865303 0.958804891553 -0.229622579219
1.7 200 24 1.107119 0.987666794464 0.914354695655 0.953643594399 -0.243123131961
1.8 200 24 1.103436 0.986232544081 0.912832004926 0.94820529021 -0.256476085578
1.9 200 24 1.105908 0.984729857509 0.911234581193 0.942495802562 -0.269674747481
2 200 24 1.102301 0.983160825163 0.909564267131 0.93652115523 -0.282712727015
2.1 200 24 1.109366 0.981527606895 0.90782295482 0.930287552789 -0.295583943099
2.2 200 24 1.110547 0.979832425685 0.906012580518 0.923801362063 -0.308282630046
2.3 200 24 1.101229 0.978077561015 0.904135113205 0.917069091868 -0.320803340905
2.4 200 24 1.100717 0.976265342254 0.902192555448 0.910097375026 -0.333140951206
2.5 200 24 1.110307 0.974398141753 0.900186931608 0.902892948072 -0.345290660234
2.6 200 24 1.11297 0.972478368702 0.89812028454 0.895462632872 -0.357247991608
2.7 200 24 1.118691 0.970508461475 0.895994668275 0.887813317 -0.369008792467
2.8 200 24 1.118177 0.968490878286 0.893812136139 0.879951934738 -0.380569229628
2.9 200 24 1.120848 0.966428097018 0.891574761289 0.871885454581 -0.391925790744
3 200 24 1.117567 0.964322595261 0.889284599846 0.863620852856 -0.403075272235
3.1 200 24 1.118283 0.962176857227 0.886943709957 0.855165105179 -0.414014783198
3.2 200 24 1.192708 0.959993363477 0.884554136958 0.846525165841 -0.424741733775
3.3 200 24 1.116664 0.957774581134 0.882117904157 0.837707949674 -0.43525382799
3.4 200 24 1.119053 0.95552296378 0.879637023253 0.828720323012 -0.445549057832
3.5 200 24 1.122758 0.953240928308 0.877113476501 0.819569086266 -0.455625689578
3.6 200 24 1.127708 0.950930858655 0.874549206663 0.810260955983 -0.465482255537
3.7 200 24 1.124355 0.94859511278 0.871946148445 0.800802566495 -0.475117547257
3.8 200 24 1.128275 0.94623600591 0.869306187754 0.791200440885 -0.484530601658
3.9 200 24 1.117659 0.943855794408 0.866631179614 0.781460996863 -0.493720685346
4 200 24 1.134398 0.94145668124 0.863922933169 0.771590520548 -0.502687288648
4.1 200 24 1.136362 0.939040818141 0.861183234869 0.76159517664 -0.511430112172
4.2 200 24 1.149066 0.936610288762 0.858413818435 0.751480984902 -0.519949053508
4.3 200 24 1.142554 0.934167114377 0.855616373943 0.741253823335 -0.528244187496
4.4 200 24 1.140717 0.931713228936 0.852792544557 0.730919415745 -0.536315759749
4.5 200 24 1.138712 0.929250503162 0.849943939105 0.720483339619 -0.544164169448
4.6 200 24 1.122407 0.92678072662 0.847072117743 0.7099510105 -0.551789963678
4.7 200 24 1.086913 0.924305599716 0.844178593396 0.699327678444 -0.559193818463
4.8 200 24 1.1066 0.921826750788 0.841264827422 0.688618439443 -0.566376521809
4.9 200 24 1.138581 0.919345719153 0.838332238603 0.677828222084 -0.573338970834
5 200 24 1.135583 0.916863955145 0.83538220515 0.666961798885 -0.580082146358
5.1 200 24 1.119394 0.914382822189 0.832416061976 0.656023778875 -0.586607113064
5.2 200 24 1.126623 0.911903595883 0.829435087485 0.645018613483 -0.5929149986
5.3 200 24 1.122679 0.909427463099 0.826440522303 0.633950598865 -0.599006986556
5.4 200 24 1.119563 0.906955521641 0.823433561542 0.622823880321 -0.60488430533
5.5 200 24 1.126938 0.90448878231 0.820415358695 0.611642451358 -0.610548222054
5.6 200 24 1.097519 0.902028168409 0.817387024021 0.600410169842 -0.616000018643
5.7 200 24 1.106915 0.89957451787 0.814349630719 0.589130756418 -0.621240995004
5.8 200 24 1.143568 0.897128583994 0.81130420989 0.577807800061 -0.626272458256
5.9 200 24 1.135794 0.89469103864 0.80825175518 0.566444765884 -0.631095713763
6 200 24 1.144391 0.89226247403 0.805193220338 0.555045003072 -0.635712057591
6.1 200 24 1.14441 0.889843405167 0.802129527854 0.543611750218 -0.640122772264
6.2 200 24 1.140474 0.887434273112 0.799061564136 0.532148144701 -0.644329118684
6.3 200 24 1.137221 0.885035447487 0.795990182487 0.52065724187 -0.648332334929
6.4 200 24 1.142869 0.882647229568 0.792916200634 0.509141989828 -0.652133625985
6.5 200 24 1.151244 0.880269857493 0.789840407046 0.497605277265 -0.65573416628
6.6 200 24 1.130049 0.877903508082 0.786763557475 0.486049905543 -0.659135091731
6.7 200 24 1.13218 0.875548303432 0.783686393099 0.474478630816 -0.662337511744
6.8 200 24 1.15043 0.87320431228 0.780609615751 0.46289414414 -0.665342483578
6.9 200 24 1.144262 0.870871555961 0.777533904462 0.451299096801 -0.668151031947
7 200 24 1.139569 0.868550009818 0.774459920837 0.439696095228 -0.670764141278
7.1 200 24 1.145253 0.866239612952 0.77138829826 0.428087721484 -0.673182760307
7.2 200 24 1.141473 0.863940267357 0.768319646702 0.416476532473 -0.675407801576
7.3 200 24 1.136468 0.861651843233 0.765254560464 0.404865069748 -0.67744014277
7.4 200 24 1.144262 0.859374183156 0.762193603881 0.393255863754 -0.679280624538
7.5 200 24 1.156035 0.857107107409 0.759137339415 0.381651438955 -0.680930073618
7.6 200 24 1.155725 0.854850416357 0.756086303496 0.370054320422 -0.682389279443
7.7 200 24 1.167817 0.852603894073 0.753041017073 0.358467043461 -0.683659014161
7.8 200 24 1.162055 0.850367314664 0.750001981759 0.346892146966 -0.684740031328
7.9 200 24 1.150642 0.848140444975 0.746969693132 0.335332190511 -0.685633077195
8 200 24 1.140714 0.845923047651 0.743944629836 0.323789747722 -0.686338888746
8.1 200 24 1.286635 0.843714885058 0.74092725733 0.31226741473 -0.686858200329
8.2 200 24 1.584942 0.841515722671 0.737918030529 0.30076781404 -0.687191750189
8.3 200 24 1.571604 0.839325331916 0.734917391818 0.289293588712 -0.687340285194
8.4 200 24 1.576587 0.837143493669 0.731925780383 0.277847411159 -0.687304569435
8.5 200 24 1.575595 0.834969997453 0.728943613462 0.266431979353 -0.68708538144
8.6 200 24 1.548297 0.832804649053 0.725971308466 0.255050023403 -0.686683528579
8.7 200 24 1.158131 0.830647268821 0.723009273792 0.243704297045 -0.686099849063
8.8 200 24 1.182853 0.828497695022 0.720057906908 0.232397582588 -0.685335215788
8.9 200 24 1.301774 0.826355784812 0.71711760315 0.221132681121 -0.684390544951
9 200 24 1.167846 0.824221416646 0.714188747372 0.209912425882 -0.683266797014
9.1 200 24 1.172088 0.822094490205 0.711271720482 0.198739664305 -0.681964983066
9.2 200 24 1.430647 0.819974929403 0.708366897515 0.187617267142 -0.680486170772
9.3 200 24 1.598348 0.817862676506 0.705474650107 0.176548105876 -0.678831489004
9.4 200 24 1.600429 0.815757703718 0.702595342506 0.165535079253 -0.677002125861
9.5 200 24 1.589985 0.813660005036 0.699729335461 0.15458108736 -0.674999335851
9.6 200 24 1.338364 0.811569601917 0.696876984849 0.143689038763 -0.67282444192
9.7 200 24 1.156957 0.809486534531 0.694038646517 0.132861830216 -0.670478841328
9.8 200 24 1.159836 0.807410870034 0.691214669472 0.122102359128 -0.667964001291
9.9 200 24 1.160771 0.805342697379 0.688405402338 0.111413511133 -0.665281470213
10 200 24 1.222061 0.803282130842 0.685611188857 0.100798160827 -0.662432872025
10.1 200 24 1.17759 0.801229320147 0.682832377499 0.0902591433522 -0.659419914644
10.2 200 24 1.181543 0.799184412194 0.680069302919 0.0797992957918 -0.656244368284
10.3 200 24 1.163515 0.797147582263 0.677322300456 0.0694214132637 -0.652908090722
10.4 200 24 1.160324 0.795119019227 0.674591715093 0.0591282615985 -0.649413020005
10.5 200 24 1.163544 0.793098944801 0.671877854208 0.0489225565058 -0.645761157567
10.6 200 24 1.154293 0.791087577829 0.669181075845 0.0388069803466 -0.641954602477
10.7 200 24 1.162719 0.78908517583 0.666501676334 0.0287841634465 -0.637995507688
10.8 200 24 1.164092 0.787091984567 0.663839999899 0.0188566759444 -0.633886107039
10.9 200 24 1.156878 0.785108272745 0.661196355302 0.0090270379845 -0.629628695671
11 200 24 1.160811 0.783134321698 0.658571065009 -0.000702301519846 -0.625225643711
11.1 200 24 1.264214 0.781170410745 0.655964452666 -0.0103289462019 -0.620679383918
11.2 200 24 1.294991 0.779216834326 0.653376832443 -0.0198505779793 -0.615992407122
11.3 200 24 1.17326 0.777273892835 0.6508085105 -0.0292649503392 -0.611167262779
11.4 200 24 1.154532 0.775341897107 0.648259792276 -0.0385698965876 -0.60620655039
11.5 200 24 1.150751 0.77342116731 0.645730964646 -0.0477633314481 -0.601112914746
11.6 200 24 1.162313 0.771512016394 0.643222309558 -0.056843242052 -0.595889042559
11.7 200 24 1.138689 0.769614740047 0.640734090444 -0.0658076753856 -0.590537647446
11.8 200 25 1.139871 0.76772964052 0.638266621165 -0.0746547983165 -0.585061513171
11.9 200 25 1.141093 0.765857016556 0.635820183127 -0.0833828354846 -0.579463440897
12 200 25 1.128317 0.763997167625 0.633395048291 -0.0919901115628 -0.573746257527
12.1 200 25 1.142821 0.762150383268 0.630991481044 -0.10047503393 -0.567912809352
12.2 200 25 1.166248 0.760316948415 0.628609737184 -0.108836097714 -0.561965961518
12.3 200 25 1.161285 0.758497139706 0.626250062503 -0.117071885864 -0.555908591602
12.4 200 25 1.163956 0.756691222732 0.623912695885 -0.125181058624 -0.549743586425
12.5 200 25 1.16 0.754899457952 0.621597857297 -0.133162363903 -0.543473832835
12.6 200 25 1.151722 0.753122091781 0.619305770188 -0.141014635952 -0.537102224975
12.7 200 25 1.145488 0.751359366577 0.617036636316 -0.148736793797 -0.530631649722
12.8 200 25 1.146235 0.749611497297 0.614790649476 -0.156327820837 -0.52406498517
12.9 200 25 1.1422 0.747878692889 0.612567990315 -0.163786784816 -0.517405098906
13 200 25 1.14288 0.746161143909 0.610368830861 -0.17111282526 -0.510654846181
13.1 200 25 1.151702 0.744459035042 0.608193324396 -0.178305162057 -0.50381706245
13.2 200 26 1.151587 0.742772536023 0.606041613501 -0.185363091234 -0.496894560479
13.3 200 26 1.151688 0.741101796126 0.603913833826 -0.192285952747 -0.489890140711
13.4 200 26 1.164155 0.739446946705 0.601810104977 -0.199073152508 -0.482806573466
13.5 200 26 1.179709 0.737808118703 0.599730527029 -0.205724173574 -0.475646598913
13.6 200 26 1.181005 0.73618542403 0.597675191781 -0.212238552205 -0.468412937315
13.7 200 26 1.175601 0.734578956859 0.595644177013 -0.218615883045 -0.461108270716
13.8 200 27 1.174978 0.732988794454 0.593637537531 -0.224855807601 -0.453735249168
13.9 200 27 1.176852 0.731414995997 0.59165533079 -0.230958017855 -0.446296501839
14 200 27 1.173357 0.729857595849 0.589697601567 -0.23692224841 -0.438794617165
14.1 200 27 1.175019 0.728316641403 0.587764355338 -0.242748277452 -0.431232149061
14.2 200 27 1.17275 0.726792146832 0.585855610915 -0.248435914407 -0.423611620678
14.3 200 27 1.173329 0.725284132103 0.583971359707 -0.25398501694 -0.415935525982
14.4 200 27 1.171074 0.723792599597 0.582111575168 -0.25939546957 -0.408206319046
14.5 200 27 1.170156 0.722317537783 0.580276226089 -0.264667187415 -0.40042643088
14.6 200 27 1.167192 0.720858929536 0.578465265893 -0.269800114594 -0.392598263501
14.7 200 28 1.177707 0.71941674101 0.576678638053 -0.274794225328 -0.384724189044
14.8 200 28 1.197228 0.717990930885 0.574916272894 -0.279649504843 -0.376806549606
14.9 200 28 1.282302 0.716581447843 0.573178090649 -0.284365963549 -0.368847660366
15 200 28 1.202748 0.715188241179 0.571464001004 -0.288943638707 -0.360849820372
15.1 200 28 1.202399 0.713811250345 0.569773890123 -0.293382582515 -0.352815290632
15.2 200 28 1.20486 0.71245039182 0.568107660834 -0.297682858423 -0.344746332245
15.3 200 28 1.20634 0.711105585606 0.566465188954 -0.301844553373 -0.336645164046
15.4 200 28 1.202394 0.709776736417 0.564846352909 -0.30586775923 -0.328514001586
15.5 200 28 1.20459 0.70846374913 0.563251023074 -0.309752590434 -0.320355047972
15.6 200 28 1.200373 0.707166504425 0.561679063451 -0.313499162478 -0.312170480878
15.7 200 28 1.207043 0.705884909602 0.560130319455 -0.317107613995 -0.30396246953
15.8 200 28 1.216834 0.704618837581 0.558604648995 -0.320578092967 -0.295733181413
15.9 200 28 1.224529 0.703368171953 0.557101892857 -0.323910763537 -0.287484770532
16 200 28 1.213064 0.702132793121 0.555621887807 -0.327105804699 -0.279219386802
16.1 200 28 1.221233 0.700912578194 0.554164464788 -0.33016340976 -0.270939174846
16.2 200 28 1.2253 0.699707401454 0.55272945167 -0.333083788883 -0.262646277886
16.3 200 28 1.234292 0.698517136317 0.551316671937 -0.335867168182 -0.254342836013
16.4 200 28 1.633437 0.697341652203 0.549925947017 -0.33851379338 -0.246030990213
16.5 200 28 1.635997 0.696180823651 0.548557093219 -0.341023933012 -0.23771288121
16.6 200 28 1.628367 0.695034510397 0.547209936969 -0.343397871053 -0.229390660921
16.7 200 28 1.62531 0.693902590213 0.545884289337 -0.345635926704 -0.221066466676
16.8 200 28 1.633859 0.692784918533 0.544579966155 -0.347738423012 -0.212742454399
16.9 200 28 1.622925 0.691681356025 0.543296773433 -0.349705712396 -0.204420766906
17 200 28 1.62034 0.690591771401 0.54203451916 -0.351538179744 -0.196103557987
17.1 200 28 1.626115 0.689516029707 0.540793008503 -0.35323623873 -0.187792983869
17.2 200 28 1.395546 0.688453990959 0.539572054822 -0.354800333672 -0.179491212782
17.3 200 28 1.20191 0.687405527044 0.538371457963 -0.356230945216 -0.171200401158
17.4 200 28 1.380377 0.686370504447 0.537191022839 -0.357528584092 -0.162922711407
17.5 200 28 1.628522 0.685348788695 0.536030551214 -0.358693794683 -0.154660308111
17.6 200 28 1.630343 0.684340248039 0.534889845708 -0.359727162292 -0.146415356049
17.7 200 28 1.630322 0.683344750173 0.533768712078 -0.360629311917 -0.13819002109
17.8 200 28 1.626198 0.682362168725 0.532666947325 -0.361400907094 -0.129986460156
17.9 200 28 1.630369 0.681392373303 0.531584355544 -0.362042655002 -0.121806829109
18 200 28 1.630748 0.68043523896 0.530520732553 -0.362555300722 -0.113653279353
18.1 200 28 1.633856 0.679490641166 0.52947587723 -0.362939637954 -0.105527949793
18.2 200 29 1.638377 0.678558453905 0.528449587899 -0.363196501207 -0.0974329760265
18.3 200 29 1.638956 0.677638556151 0.527441653434 -0.363326766282 -0.0893704758104
18.4 200 29 1.64821 0.676730823999 0.526451870709 -0.363331358128 -0.0813425600068
18.5 200 30 1.653824 0.67583513598 0.525480029579 -0.36321124193 -0.0733513251863
18.6 200 30 1.65865 0.674951373036 0.524525930302 -0.362967443672 -0.0653988463385
18.7 200 30 1.645527 0.674079419486 0.523589358273 -0.362601026133 -0.0574871730741
18.8 200 30 1.236033 0.673219158883 0.522670101805 -0.362113097781 -0.0496183373265
18.9 200 30 1.231316 0.672370476574 0.52176794712 -0.361504814205 -0.0417943466243
19 200 30 1.273436 0.67153326004 0.520882676453 -0.360777366949 -0.0340171849956
19.1 200 30 1.237134 0.670707397077 0.520014072396 -0.359932004022 -0.0262888032772
19.2 200 30 1.245266 0.669892778959 0.519161916379 -0.358970010792 -0.0186111162557
19.3 200 30 1.237214 0.669089297305 0.518325985525 -0.357892714161 -0.01098601171
19.4 200 30 1.243583 0.668296839721 0.517506050882 -0.356701471991 -0.00341534082799
19.5 200 30 1.244237 0.667515309629 0.516701870323 -0.355397696289 0.00409907365495
19.6 200 30 1.252091 0.666744585168 0.515913259177 -0.35398283907 0.0115554661297
19.7 200 30 1.251669 0.665984568122 0.515139965089 -0.352458372707 0.0189521021935
19.8 200 30 1.243436 0.665235155735 0.514381755538 -0.350825810733 0.0262872885692
19.9 200 30 1.244275 0.66449624942 0.51363840407 -0.349086703725 0.0335593773783
20 200 30 1.240871 0.663767741748 0.512909656547 -0.347242619821 0.0407667620913
20.1 200 30 1.238512 0.663049533456 0.512195288368 -0.345295168088 0.0479078819078
20.2 200 30 1.240963 0.662341527672 0.511495057166 -0.343245976317 0.054981231391
20.3 200 30 1.249428 0.661643624561 0.510808723109 -0.341096697321 0.0619853439444
20.4 200 31 1.260898 0.660955728529 0.510136038636 -0.338849007219 0.0689188078268
20.5 200 32 1.250187 0.660277734892 0.509476768918 -0.336504593805 0.075780245037
20.6 200 32 1.264813 0.659609549984 0.508830663152 -0.334065170915 0.0825683376776
20.7 200 32 1.25574 0.658951072229 0.508197478285 -0.331532460134 0.08928181605
20.8 200 32 1.260064 0.658302202001 0.50757696436 -0.328908191501 0.0959194524098
20.9 200 32 1.264044 0.657662853579 0.506968869489 -0.326194120608 0.102480083855
21 200 32 1.261389 0.657032921595 0.506372947776 -0.323391996166 0.108962568068
21.1 200 32 1.266236 0.656412306995 0.505788951231 -0.320503576799 0.115365821788
21.2 200 32 1.250246 0.655800913741 0.50521662764 -0.317530618769 0.12168882093
21.3 200 32 1.26567 0.655198646528 0.504655731721 -0.31447489359 0.127930573855
21.4 200 32 1.262422 0.65460539618 0.504106017586 -0.311338158581 0.134090123595
21.5 200 32 1.262464 0.654021071271 0.503567233558 -0.308122180316 0.140166575873
21.6 200 32 1.257094 0.65344556579 0.503039135974 -0.304828719464 0.146159060018
21.7 200 32 1.267096 0.652878779783 0.502521478413 -0.301459532278 0.152066754703
21.8 200 32 1.270834 0.652320622385 0.502014007295 -0.298016374301 0.15788888691
21.9 200 32 1.464461 0.651770979544 0.501516488974 -0.294500988053 0.163624707097
22 200 32 1.721134 0.651229745233 0.50102868484 -0.290915110937 0.16927350373
22.1 200 32 1.728207 0.650696815313 0.500550354128 -0.287260470314 0.17483460633
22.2 200 32 1.727515 0.650172080725 0.50008125803 -0.283538783837 0.180307373994
22.3 200 32 1.622927 0.649655431886 0.499621165214 -0.279751767567 0.185691197535
22.4 200 32 1.734084 0.64914676029 0.499169836713 -0.275901118758 0.190985501517
22.5 200 33 1.735694 0.648645945831 0.498727041688 -0.271988517064 0.196189729639
22.6 200 33 1.742134 0.648152880281 0.498292548649 -0.268015640952 0.20130336913
22.7 200 33 1.739217 0.647667448991 0.497866126033 -0.263984160346 0.206325922248
22.8 200 33 1.740611 0.64718953431 0.497447550609 -0.259895738728 0.21125690864
22.9 200 33 1.7368 0.646719018509 0.497036595717 -0.255752021138 0.216095882763
23 200 33 1.73964 0.646255827059 0.496633010742 -0.251554669826 0.220842434088
23.1 200 33 1.753562 0.645799789911 0.496236599685 -0.247305284268 0.225496135408
23.2 200 33 1.75381 0.645350784073 0.495847139522 -0.243005481161 0.230056598612
23.3 200 33 1.756904 0.644908689803 0.495464408719 -0.238656872175 0.234523461097
23.4 200 33 1.75772 0.644473377634 0.495088190992 -0.234261060389 0.238896366871
23.5 200 33 1.764954 0.644044717218 0.49471826979 -0.229819638826 0.243174973381
23.6 200 34 1.512937 0.643622581603 0.49435442902 -0.225334200231 0.247358970598
23.7 200 34 1.261379 0.643206843595 0.493996448828 -0.220806329062 0.251448059278
23.8 200 34 1.73211 0.642797370921 0.493644116347 -0.216237603958 0.25544195288
23.9 200 34 1.491006 0.642394025957 0.493297218681 -0.211629595116 0.259340375603
24 200 34 1.267851 0.641996676828 0.492955545188 -0.206983873058 0.263143074194
24.1 200 34 1.27266 0.64160518792 0.492618872317 -0.202302000159 0.266849801637
24.2 200 34 1.2669 0.641219434531 0.492287011674 -0.197585573495 0.27046035009
24.3 200 34 1.269076 0.640839275376 0.491959765482 -0.192836162539 0.273974508428
24.4 200 35 1.275796 0.64046459691 0.491636901096 -0.188055331565 0.277392103049
24.5 200 35 1.282487 0.64009525897 0.49131823543 -0.18324466582 0.28071295498
24.6 200 35 1.286053 0.639731119097 0.491003555376 -0.178405712449 0.283936898102
24.7 200 35 1.286257 0.639372054231 0.490692660779 -0.173540060194 0.28706380815
24.8 200 35 1.272893 0.639017932607 0.490385351367 -0.16864928168 0.290093573194
24.9 200 36 1.277058 0.638668611077 0.490081426815 -0.163734970673 0.29302606318
25 200 36 1.285421 0.638323952545 0.489780687743 -0.15879870456 0.295861192867
25.1 200 36 1.276322 0.637983829306 0.489482940825 -0.153842071622 0.298598910661
25.2 200 36 1.28334 0.637648109732 0.489188000158 -0.148866670181 0.301239182716
25.3 200 36 1.285889 0.637316665653 0.488895671394 -0.143874096871 0.303781984511
25.4 200 36 1.304279 0.636989373498 0.488605771758 -0.138865959788 0.306227332719
25.5 200 36 1.292924 0.636666098788 0.488318116223 -0.133843879819 0.30857523665
25.6 200 36 1.287245 0.63634668636 0.488032525444 -0.128809486003 0.310825702589
25.7 200 36 1.286305 0.636031002795 0.487748821082 -0.12376437784 0.312978802493
25.8 200 36 1.284481 0.635718950862 0.487466841932 -0.118710159006 0.315034715876
25.9 200 36 1.283187 0.635410419775 0.487186408287 -0.113648447149 0.316993578019
26 200 36 1.296893 0.635105292456 0.486907352501 -0.108580860776 0.318855556426
26.1 200 36 1.285854 0.634803449042 0.486629528413 -0.103509039493 0.320620862932
26.2 200 36 1.294183 0.634504779147 0.486352758289 -0.0984345783849 0.322289709241
26.3 200 36 1.292235 0.634209172846 0.486076897405 -0.0933591046521 0.323862364845
26.4 200 36 1.282697 0.633916518479 0.48580179615 -0.0882842193469 0.325339127517
26.5 200 36 1.286744 0.633626715001 0.485527297338 -0.0832115369034 0.326720303901
26.6 200 37 1.291744 0.633339661182 0.485253261136 -0.0781426597562 0.328006254605
26.7 200 37 1.292155 0.633055235204 0.484979583069 -0.0730791949071 0.329197387294
26.8 200 37 1.298954 0.632773354592 0.484706104498 -0.068022709789 0.330294106661
26.9 200 37 1.30539 0.632493933313 0.484432689675 -0.0629747890027 0.331296862298
27 200 37 1.305447 0.632216881156 0.484159219015 -0.057936999729 0.3322061459
27.1 200 38 1.303493 0.63194211566 0.483885568804 -0.052910894297 0.333022471836
27.2 200 38 1.306847 0.63166955371 0.48361162834 -0.0478980190723 0.333746397198
27.3 200 38 1.321809 0.631399116067 0.483337288298 -0.0428998945868 0.334378505755
27.4 200 38 1.739246 0.631130723924 0.483062450378 -0.0379180309846 0.334919421852
27.5 200 38 1.851796 0.630864304011 0.482787022291 -0.0329539218343 0.335369794388
27.6 200 38 1.859534 0.630599791107 0.482510905775 -0.0280090416736 0.335730305702
27.7 200 38 1.812032 0.630337123848 0.482234006104 -0.0230848394681 0.336001661209
27.8 200 38 1.332244 0.630076235492 0.481956248606 -0.0181827435574 0.336184605983
27.9 200 38 1.335284 0.629817064927 0.481677558446 -0.0133041617603 0.336279910378
28 200 38 1.331085 0.629559556405 0.481397862565 -0.00845047609943 0.336288371807
28.1 200 38 1.336563 0.629303656439 0.481117091153 -0.00362304472553 0.336210809229
28.2 200 38 1.343642 0.629049317704 0.480835176085 0.00117679982512 0.336048066948
28.3 200 38 1.342691 0.628796489991 0.480552062772 0.00594775317482 0.335801012649
28.4 200 38 1.340627 0.628545130774 0.480267692037 0.0106885320858 0.33547054486
28.5 200 38 1.344421 0.628295198767 0.479982015195 0.0153978934283 0.335057581452
28.6 200 38 1.342422 0.628046656548 0.479694981363 0.0200746385456 0.334563053744
28.7 200 38 1.376896 0.627799465427 0.47940654103 0.0247176075774 0.333987899384
28.8 200 38 1.341938 0.627553585967 0.479116650064 0.0293256363323 0.333333075329
28.9 200 39 1.335102 0.627308983038 0.478825273346 0.0338975482469 0.332599563029
29 200 39 1.334036 0.627065631199 0.478532381579 0.0384322225343 0.331788382724
29.1 200 39 1.321015 0.626823502447 0.478237944504 0.04292857935 0.330900558081
29.2 200 39 1.324181 0.626582575285 0.477941933088 0.0473855742449 0.329937114601
29.3 200 39 1.32926 0.626342831393 0.477644329238 0.0518021779379 0.328899118136
29.4 200 39 1.320607 0.626104242824 0.477345108805 0.0561774146983 0.327787605185
29.5 200 39 1.326485 0.625866784932 0.477044228395 0.0605103560128 0.326603592776
29.6 200 40 1.324087 0.625630425711 0.476741684853 0.0648000612525 0.325348162398
29.7 200 40 1.33197 0.625395165254 0.476437445409 0.0690456334531 0.324022379122
29.8 200 41 1.342492 0.625160996973 0.476131479464 0.0732462110234 0.322627309425
29.9 200 42 1.33608 0.624927921241 0.475823789044 0.0774009178935 0.321164094489
30 200 43 1.355156 0.624695882196 0.475514349041 0.0815089605614 0.319633730712
30.1 200 43 1.352757 0.624464866098 0.47520313313 0.0855695453299 0.318037281602
30.2 200 43 1.366397 0.624234850929 0.474890129098 0.0895818933566 0.31637583458
30.3 200 43 1.354698 0.62400581447 0.474575323449 0.0935452568438 0.314650460797
30.4 200 43 1.352412 0.623777741102 0.474258702023 0.0974589038588 0.312862250375
30.5 200 43 1.345027 0.623550586405 0.473940263041 0.101322144338 0.311012261745
30.6 200 43 1.341477 0.623324383896 0.473619948406 0.105134283862 0.309101580592
30.7 200 43 1.326388 0.623099114101 0.473297757221 0.108894660119 0.307131310953
30.8 200 43 1.322818 0.622874736686 0.472973686249 0.112602638456 0.305102512229
30.9 200 43 1.322144 0.622651257432 0.472647696609 0.116257557835 0.303016275615
31 200 43 1.317573 0.622428661608 0.472319775749 0.119858836949 0.300873669909
31.1 200 43 1.326823 0.622206938788 0.471989908451 0.123405896306 0.298675778617
31.2 200 43 1.354849 0.621986059352 0.471658069796 0.126898140515 0.296423648949
31.3 200 43 1.357465 0.621765989538 0.471324248157 0.130335017808 0.294118330245
31.4 200 43 1.337742 0.621546708975 0.470988430728 0.133715975715 0.291760880321
31.5 200 43 1.333669 0.621328181113 0.4706506073 0.137040491865 0.289352361266
31.6 200 43 1.339453 0.62111040434 0.470310741049 0.1403080408 0.286893842346
31.7 200 43 1.354702 0.620893348872 0.469968833695 0.143518118602 0.284386384508
31.8 200 43 1.351816 0.620676998173 0.469624866259 0.146670230697 0.281831057476
31.9 200 43 1.332235 0.620461318337 0.469278835044 0.14976390744 0.279228928803
32 200 43 1.343585 0.620246310393 0.468930716953 0.152798681377 0.276581071386
32.1 200 43 1.335917 0.620031933519 0.468580517943 0.155774093867 0.273888558347
32.2 200 43 1.352436 0.619818148136 0.468228247624 0.158689697684 0.271152463356
32.3 200 43 1.372279 0.619604927667 0.467873907018 0.161545069872 0.268373869093
32.4 200 43 1.371264 0.619392232308 0.467517502065 0.164339775422 0.26555384702
32.5 200 43 1.375982 0.619180033001 0.46715903896 0.167073411016 0.262693483362
32.6 200 43 1.382433 0.618968294064 0.466798535726 0.16974558429 0.259793875201
32.7 200 43 1.386663 0.618756976575 0.466436010874 0.172355912518 0.256856117503
32.8 200 43 1.399262 0.618546052525 0.46607147547 0.17490403314 0.25388130831
32.9 200 43 1.407438 0.618335483197 0.465704954723 0.177389593887 0.250870534391
33 200 43 1.419486 0.618125239864 0.465336466813 0.179812252348 0.247824908677
33.1 200 43 1.402819 0.61791529389 0.464966041834 0.182171666949 0.24474556881
33.2 200 43 1.403748 0.617705615726 0.464593705995 0.184467539686 0.241633615407
33.3 200 43 1.394281 0.617496176941 0.46421949515 0.186699573173 0.23849017733
33.4 200 43 1.387007 0.617286975148 0.463843441651 0.188867487197 0.235316439745
33.5 200 43 1.410608 0.617077969173 0.463465582534 0.190971010827 0.232113507675
33.6 200 43 1.399484 0.616869128218 0.46308596889 0.193009906857 0.2288825244
33.7 200 43 1.385234 0.616660430992 0.462704648716 0.194983943792 0.225624654962
33.8 200 43 1.390257 0.616451859083 0.462321663128 0.196892913468 0.222341042312
33.9 200 43 1.404559 0.616243395871 0.461937067104 0.198736626769 0.219032858595
34 200 43 1.420314 0.616035023662 0.461550910158 0.200514899942 0.215701269042
34.1 200 43 1.424082 0.615826733231 0.461163239875 0.20222758289 0.212347436873
34.2 200 43 1.398731 0.615618524472 0.460774108732 0.203874582633 0.20897250893
34.3 200 44 1.401216 0.615410397953 0.460383595038 0.205455826293 0.205577682302
34.4 200 44 1.411218 0.61520234581 0.459991781688 0.206971234247 0.202164174732
34.5 200 44 1.442492 0.614994360587 0.459598743204 0.208420741517 0.198733198929
34.6 200 44 1.45961 0.6147864427 0.459204541855 0.209804291146 0.195285928391
34.7 200 44 1.43514 0.614578592861 0.458809251188 0.211121878019 0.191823549898
34.8 200 45 1.421058 0.614370822283 0.458412945943 0.212373512672 0.188347276124
34.9 200 45 1.407545 0.614163143798 0.458015703286 0.213559241873 0.184858299741
35 200 45 1.426891 0.613955577551 0.457617592427 0.214679136485 0.181357806525
35.1 200 45 1.450304 0.613748135868 0.457218697503 0.215733283965 0.177846983832
35.2 200 45 1.428036 0.61354084153 0.456819092635 0.216721804544 0.174327018979
35.3 200 46 1.440688 0.613333716313 0.4564188544 0.21764483942 0.170799081595
35.4 200 46 1.427946 0.613126790927 0.456018062534 0.218502557314 0.167264353166
35.5 200 46 1.43285 0.612920091768 0.455616791189 0.219295136632 0.163723998336
35.6 200 47 1.4567 0.6127136512 0.455215117091 0.220022802107 0.160179154814
35.7 200 47 1.485533 0.61250750116 0.454813121502 0.22068580031 0.156630976187
35.8 200 47 1.475752 0.612301686128 0.454410876419 0.221284391954 0.153080611724
35.9 200 47 1.471034 0.612096236575 0.454008463529 0.221818866549 0.149529176053
36 200 47 1.465164 0.611891193875 0.453605959812 0.222289542821 0.145977778305
36.1 200 47 1.471695 0.61168660041 0.453203439995 0.222696756341 0.14242751818
36.2 200 47 1.472644 0.611482502683 0.452800978783 0.223040871239 0.138879477745
36.3 200 47 1.469246 0.611278947872 0.452398647447 0.223322266144 0.13533473074
36.4 200 47 1.46941 0.611075985836 0.45199650896 0.223541330847 0.131794321851
36.5 200 47 1.476579 0.610873660165 0.451594643099 0.223698494583 0.128259299623
36.6 200 47 1.488221 0.610672015517 0.451193118529 0.223794188518 0.124730690744
36.7 200 47 1.472841 0.610471099632 0.450792004151 0.223828865479 0.121209502279
36.8 200 47 1.473984 0.610270965649 0.450391363009 0.223802998724 0.117696714735
36.9 200 47 1.466239 0.610071657336 0.449991263378 0.223717078332 0.114193308242
37 200 47 1.471773 0.60987322652 0.449591764816 0.223571607338 0.110700229755
37.1 200 47 1.47954 0.609675718047 0.449192930737 0.223367104526 0.107218420023
37.2 200 47 1.475235 0.609479182936 0.448794821923 0.223104101221 0.103748787381
37.3 200 47 1.47863 0.609283664767 0.448397499227 0.222783147354 0.100292233791
37.4 200 47 1.471328 0.609089213072 0.448001014447 0.222404796091 0.0968496308826
37.5 200 48 1.470395 0.608895870421 0.447605424308 0.221969607246 0.0934218433324
37.6 200 48 1.492297 0.608703679869 0.447210784519 0.221478160894 0.0900097089039
37.7 200 48 1.487657 0.608512679032 0.446817150887 0.220931040285 0.0866140504321
37.8 200 48 1.475499 0.608322906562 0.44642457207 0.220328827792 0.0832356772251
37.9 200 48 1.477738 0.608134393016 0.446033105533 0.219672122255 0.0798753839436
38 200 49 1.472161 0.607947170908 0.445642805335 0.218961528254 0.0765339427958
38.1 200 49 1.488676 0.607761273657 0.445253718639 0.218197654553 0.0732121060552
38.2 200 49 1.495395 0.607576725495 0.444865899384 0.217381117222 0.0699106181495
38.3 200 49 1.476572 0.607393555049 0.444479391207 0.216512526926 0.0666301955416
38.4 200 49 1.481124 0.607211784767 0.444094246336 0.215592514522 0.063371546286
38.5 200 49 1.47917 0.607031434557 0.443710507073 0.214621690083 0.0601353601458
38.6 200 49 1.492189 0.606852514669 0.443328236814 0.213600702656 0.0569223266222
38.7 200 49 1.504522 0.606675057549 0.4429474657 0.212530178246 0.0537330821351
38.8 200 49 1.484795 0.606499074785 0.442568242497 0.211410751746 0.0505682818618
38.9 200 49 1.497494 0.606324566386 0.442190619879 0.210243051649 0.0474285707733
39 200 49 1.519327 0.606151555217 0.441814632918 0.209027715064 0.0443145559888
39.1 200 49 1.505594 0.605980052192 0.441440327701 0.207765386526 0.0412268417951
39.2 200 49 1.526885 0.605810060638 0.441067755394 0.206456715578 0.0381660306955
39.3 200 49 1.496732 0.605641577406 0.440696966529 0.205102342343 0.0351327213047
39.4 200 49 1.495134 0.605474610029 0.440327999147 0.203702905464 0.0321274854706
39.5 200 49 1.494508 0.605309154865 0.439960895987 0.202259035156 0.0291508935495
39.6 200 49 1.50883 0.605145216782 0.439595697135 0.200771380954 0.0262034988061
39.7 200 49 1.514909 0.604982789979 0.439232453969 0.199240598435 0.0232858530049
39.8 200 49 1.496045 0.60482187808 0.438871208429 0.19766734885 0.0203984925641
39.9 200 49 1.472369 0.604662481229 0.438512003557 0.196052286881 0.0175419408392
40 200 49 1.476512 0.604504589046 0.438154888318 0.194396069872 0.0147167361683
40.1 200 49 1.482326 0.604348200394 0.437799906331 0.19269936165 0.0119233873066
40.2 200 49 1.507251 0.604193313672 0.437447099995 0.190962829046 0.009162404448
40.3 200 49 1.489775 0.604039922589 0.437096514768 0.189187141679 0.00643428916835
40.4 200 49 1.477973 0.603888023634 0.436748194757 0.187372973763 0.00373953719834
40.5 200 51 1.48464 0.603737613343 0.43640218535 0.185521010077 0.00107862833555
40.6 200 51 1.501688 0.603588690833 0.436058528658 0.183631934656 -0.00154795670888
40.7 200 51 1.525797 0.603441249537 0.435717270812 0.181706432652 -0.00413974503614
40.8 200 51 1.508041 0.603295286563 0.435378455914 0.179745201724 -0.00669627268597
40.9 200 51 1.498776 0.603150800787 0.435042126917 0.177748940079 -0.00921708145733
41 200 51 1.506357 0.603007783222 0.434708336458 0.175718363191 -0.0117017100941
41.1 200 51 1.511714 0.602866239045 0.434377122626 0.173654184719 -0.0141497230078
41.2 200 51 1.52251 0.602726168931 0.434048530562 0.171557128727 -0.0165606895816
41.3 200 51 1.521275 0.602587571699 0.433722607722 0.16942792958 -0.0189341797506
41.4 200 51 1.509121 0.602450455319 0.433399393626 0.167267324464 -0.0212697874769
41.5 200 51 1.50669 0.602314821213 0.433078934662 0.165076064451 -0.0235671020227
41.6 200 51 1.516545 0.602180675948 0.432761270934 0.162854894615 -0.0258257335864
41.7 200 51 1.527081 0.602048031935 0.432446443235 0.160604583549 -0.0280453064158
41.8 200 51 1.523579 0.601916897193 0.432134493642 0.158325901427 -0.0302254501907
41.9 200 51 1.512316 0.601787287325 0.431825461938 0.156019633186 -0.0323658140915
42 200 51 1.508198 0.601659213092 0.431519385742 0.153686560342 -0.0344660485449
42.1 200 52 1.516891 0.601532682972 0.431216311115 0.151327482768 -0.0365258213515
42.2 200 52 1.529822 0.601407717258 0.430916267457 0.148943197461 -0.0385448169568
42.3 200 52 1.529332 0.601284334946 0.430619291149 0.146534518954 -0.0405227383056
42.4 200 52 1.520652 0.601162550256 0.430325417232 0.144102256665 -0.0424592925491
42.5 200 53 1.524396 0.601042389798 0.430034676274 0.14164724129 -0.044354226422
42.6 200 53 1.5336 0.600923874435 0.429747099844 0.139170303022 -0.0462072843645
42.7 200 53 1.548465 0.60080699893 0.429462735975 0.136672267567 -0.0480181915841
42.8 200 53 1.547196 0.600691794811 0.429181603708 0.134153967894 -0.0497867416203
42.9 200 53 1.526963 0.600578248437 0.428903764199 0.131616273692 -0.0515126738195
43 200 53 1.533063 0.600466506956 0.428629222014 0.129060229094 -0.0531960650617
43.1 200 53 1.538008 0.600356636706 0.428357829253 0.126486320983 -0.0548367280875
43.2 200 53 1.549339 0.600248511442 0.428089747996 0.123895491116 -0.0564342839927
43.3 200 53 1.543217 0.600142156455 0.427825006356 0.121288635138 -0.0579886240262
43.4 200 53 1.534592 0.600037607981 0.427563613557 0.118666618214 -0.0594996644615
43.5 200 53 1.529872 0.599934884731 0.427305584158 0.116030293469 -0.0609673203251
43.6 200 53 1.527812 0.59983400964 0.427050925395 0.113380518179 -0.0623915210323
43.7 200 53 1.548344 0.599734983906 0.426799650378 0.110718139392 -0.0637721803751
43.8 200 54 1.551035 0.599637815838 0.426551768641 0.108043996663 -0.0651092574453
43.9 200 54 1.541083 0.599542527101 0.426307277612 0.105358928792 -0.0664027422772
44 200 54 1.533288 0.599449134312 0.42606617998 0.102663800842 -0.067652641375
44.1 200 54 1.544858 0.599357651741 0.425828464898 0.0999594277656 -0.0688589721473
44.2 200 54 1.565264 0.599268076198 0.425594136512 0.0972466569564 -0.0700217461708
44.3 200 54 1.563067 0.599180423518 0.4253631798 0.0945262978842 -0.0711410244609
44.4 200 54 1.543584 0.599094699999 0.425135587761 0.0917991804803 -0.0722168967185
44.5 200 54 1.54314 0.599010903951 0.42491135308 0.0890661152233 -0.0732494553651
44.6 200 54 1.549958 0.598929038334 0.424690458077 0.0863279010756 -0.0742388053998
44.7 200 54 1.571363 0.598849120135 0.424472880217 0.0835853478678 -0.0751850990401
44.8 200 54 1.563942 0.598771143361 0.424258602275 0.080839247014 -0.0760884688992
44.9 200 55 1.55515 0.598695105357 0.424047610585 0.0780903849037 -0.0769490932732
45 200 55 1.561451 0.598620999103 0.423839871883 0.0753395028475 -0.0777671157662
45.1 200 55 1.558649 0.598548821388 0.423635361298 0.0725873750266 -0.0785427316288
45.2 200 55 1.578801 0.598478553692 0.423434063229 0.0698347557573 -0.0792761401518
45.3 200 55 1.576006 0.598410195267 0.423235938153 0.0670823800016 -0.0799675530031
45.4 200 55 1.566212 0.598343729346 0.423040959674 0.064330970472 -0.0806171938263
45.5 200 55 1.561717 0.598279143269 0.422849097806 0.0615812407428 -0.0812253010168
45.6 200 55 1.567147 0.598216420606 0.422660316175 0.0588338914796 -0.0817921102737
45.7 200 55 1.582355 0.598155546074 0.422474583516 0.0560896196826 -0.0823178809662
45.8 200 55 1.581941 0.598096498176 0.422291864721 0.053349096106 -0.0828028703892
45.9 200 55 1.564859 0.598039257325 0.422112125326 0.0506129888503 -0.0832473489694
46 200 55 1.565149 0.597983802046 0.421935331067 0.0478819535332 -0.083651595483
46.1 200 55 1.575318 0.597930116191 0.42176144442 0.0451566360102 -0.0840159059313
46.2 200 55 1.572574 0.597878171418 0.421590432912 0.0424376735625 -0.0843405648316
46.3 200 55 1.565147 0.597827945699 0.421422261178 0.0397256918098 -0.0846258746894
46.4 200 55 1.557549 0.597779413733 0.421256892337 0.0370212912939 -0.0848721256732
46.5 200 55 1.556481 0.597732550442 0.421094289787 0.0343250718552 -0.0850796260396
46.6 200 55 1.557138 0.597687334385 0.420934418089 0.0316376275364 -0.0852486937882
46.7 200 56 1.569186 0.597643748065 0.420777237715 0.0289595337418 -0.0853796442515
46.8 200 56 1.572358 0.597601771775 0.420622711706 0.0262913602637 -0.0854728003552
46.9 200 56 1.565825 0.597561376702 0.420470810135 0.0236336762891 -0.0855284818851
47 200 56 1.572697 0.59752254838 0.420321494139 0.0209870121079 -0.0855470272218
47.1 200 56 1.572138 0.597485266416 0.4201747355 0.0183519312826 -0.0855287771228
47.2 200 56 1.587506 0.597449512571 0.420030501296 0.01572895297 -0.0854740603888
47.3 200 56 1.590208 0.59741525756 0.419888762589 0.0131186214672 -0.0853831865609
47.4 200 56 1.571085 0.59738249502 0.41974948332 0.0105214501362 -0.0852565181373
47.5 200 56 1.571651 0.59735120263 0.419612630581 0.0079379468809 -0.0850943677859
47.6 200 56 1.585216 0.597321366383 0.419478177722 0.00536863866756 -0.0848970897406
47.7 200 56 1.593681 0.597292976274 0.419346097008 0.00281402552203 -0.0846650450849
47.8 200 56 1.588781 0.597266018756 0.419216360523 0.00027460439468 -0.0843985809104
47.9 200 56 1.575964 0.597240480783 0.419088943074 -0.00224913558797 -0.0840980524072
48 200 56 1.566923 0.597216350649 0.418963820544 -0.00475669852734 -0.0837638200109
48.1 200 56 1.581756 0.597193621847 0.41884096533 -0.00724760128824 -0.083396245848
48.2 200 56 1.591969 0.597172285765 0.418720352002 -0.00972136939041 -0.0829956899093
48.3 200 56 1.593021 0.597152335717 0.418601954509 -0.012177540967 -0.0825625157866
48.4 200 56 1.578548 0.597133766992 0.418485749882 -0.0146156307983 -0.0820971102515
48.5 200 56 1.571858 0.597116574986 0.418371715561 -0.0170351766209 -0.0815998587589
48.6 200 56 1.576677 0.597100751519 0.418259829362 -0.0194357219051 -0.081071138872
48.7 200 56 1.598421 0.597086290012 0.418150068296 -0.0218168045933 -0.0805113339796
48.8 200 56 1.60181 0.597073186381 0.418042410066 -0.0241779697337 -0.0799208460117
48.9 200 56 1.582111 0.597061435012 0.417936832926 -0.0265187771572 -0.0793000774615
49 200 56 1.551965 0.597051031773 0.417833312291 -0.0288387808074 -0.0786494287389
49.1 200 56 1.560651 0.597041968468 0.417731832546 -0.0311375269303 -0.0779693449305
49.2 200 56 1.560171 0.597034239482 0.417632369095 -0.033414592672 -0.0772602189985
49.3 200 57 1.565138 0.597027835678 0.417534893912 -0.0356695467749 -0.0765224807657
49.4 200 57 1.567889 0.597022749678 0.417439386507 -0.0379019516236 -0.0757565763764
49.5 200 57 1.568136 0.597018971379 0.417345819745 -0.0401113921829 -0.0749629373084
49.6 200 57 1.558277 0.597016492741 0.417254166822 -0.0422974606467 -0.074142015405
49.7 200 57 1.557318 0.597015296046 0.417164404316 -0.044459748835 -0.0732942597818
49.8 200 57 1.564022 0.597015368926 0.417076503018 -0.046597855659 -0.0724201276113
49.9 200 57 1.565212 0.597016700335 0.416990434342 -0.0487113959517 -0.0715201023653
50 200 58 1.56925 0.597019274995 0.416906168526 -0.0507999716299 -0.0705946693748
50.1 200 58 1.580619 0.597023072637 0.416823674914 -0.0528632126904 -0.0696443038849
50.2 200 58 1.598422 0.597028074408 0.41674292236 -0.0549007446039 -0.0686695050381
50.3 200 58 1.574976 0.597034260223 0.416663875227 -0.0569122013914 -0.0676707702944
50.4 200 58 1.588761 0.597041609798 0.416586500374 -0.0588972387281 -0.0666486219557
50.5 200 58 1.579497 0.597050098382 0.416510761776 -0.0608555110524 -0.065603572184
50.6 200 58 1.595231 0.59705970427 0.416436617723 -0.0627866902392 -0.0645361426199
50.7 200 58 1.612186 0.597070395567 0.416364034896 -0.0646904410784 -0.0634468685758
50.8 200 58 1.611691 0.597082148019 0.416292971273 -0.0665664611639 -0.0623362899745
50.9 200 58 1.595777 0.597094928569 0.416223391439 -0.0684144518832 -0.0612049523297
51 200 58 1.594861 0.597108708981 0.416155249635 -0.0702341206867 -0.0600534006551
51.1 200 58 1.592575 0.597123460588 0.41608850135 -0.0720251958063 -0.058882193921
51.2 200 59 1.613764 0.597139149045 0.41602310377 -0.0737874161446 -0.0576918865602
51.3 200 60 1.621228 0.597155736687 0.415959018527 -0.0755205294287 -0.0564830611725
51.4 200 61 1.612937 0.597173197854 0.415896195713 -0.0772243008811 -0.0552562831592
51.5 200 61 1.620165 0.597191498468 0.415834588771 -0.0788984964381 -0.0540121353956
51.6 200 61 1.616782 0.59721060682 0.415774147962 -0.080542935547 -0.0527511624979
51.7 200 61 1.638357 0.597230483869 0.415714829917 -0.0821574040436 -0.0514739462338
51.8 200 61 1.637165 0.59725108781 0.415656596263 -0.083741719479 -0.0501810757858
51.9 200 61 1.616591 0.597272391715 0.415599396914 -0.0852957250155 -0.0488731482465
52 200 61 1.616308 0.597294362711 0.415543183561 -0.0868192749171 -0.0475507291274
52.1 200 61 1.619593 0.597316967223 0.415487909336 -0.0883122163428 -0.046214408912
52.2 200 61 1.631801 0.597340179489 0.415433522061 -0.0897744387664 -0.0448647652591
52.3 200 61 1.632701 0.597363966614 0.415379979489 -0.0912058363986 -0.0435023811507
52.4 200 61 1.617283 0.597388294105 0.415327240625 -0.0926063000347 -0.042127853096
52.5 200 61 1.619359 0.597413126119 0.415275265458 -0.0939757380849 -0.0407417647654
52.6 200 61 1.613949 0.597438427071 0.41522401867 -0.0953141027222 -0.0393446872863
52.7 200 61 1.641255 0.597464182599 0.415173443399 -0.0966213237836 -0.0379371910603
52.8 200 61 1.642452 0.597490366311 0.415123499918 -0.0978973612719 -0.0365198536417
52.9 200 61 1.629118 0.59751695568 0.415074142429 -0.0991421815658 -0.0350932224037
53 200 61 1.635049 0.597543927487 0.41502533171 -0.100355769366 -0.0336578530531
53.1 200 61 1.634984 0.597571260756 0.414977024414 -0.101538107099 -0.0322143116997
53.2 200 61 1.653421 0.597598936201 0.414929187348 -0.102689218066 -0.0307631499754
53.3 200 61 1.652734 0.597626936896 0.414881781343 -0.103809111429 -0.0293049233856
53.4 200 61 1.638816 0.597655251599 0.414834765436 -0.104897813854 -0.0278401701581
53.5 200 61 1.637199 0.597683861999 0.414788106347 -0.10595535388 -0.0263694198127
53.6 200 61 1.640095 0.597712757471 0.41474176662 -0.106981784219 -0.0248932010366
53.7 200 61 1.655468 0.597741923809 0.414695713059 -0.107977157758 -0.0234120348727
53.8 200 61 1.650557 0.59777135696 0.414649908291 -0.108941543092 -0.021926432433
53.9 200 61 1.639327 0.59780103713 0.414604327503 -0.109874998362 -0.020436905034
54 200 61 1.641803 0.597830968549 0.414558928603 -0.110777611565 -0.0189439419661
54.1 200 61 1.645751 0.597861140528 0.414513679029 -0.111649460841 -0.0174480409625
54.2 200 61 1.660111 0.597891554687 0.414468543032 -0.112490646201 -0.0159496807922
54.3 200 61 1.664713 0.597922203457 0.414423498902 -0.113301272987 -0.014449338742
54.4 200 61 1.646252 0.597953077017 0.414378515128 -0.114081437189 -0.0129474858802
54.5 200 61 1.646062 0.597984190486 0.414333541917 -0.114831244845 -0.0114445603457
54.6 200 61 1.647189 0.598015534725 0.414288556178 -0.115550812728 -0.00994104537592
54.7 200 61 1.668171 0.598047105991 0.414243526909 -0.116240261975 -0.00843738930875
54.8 200 61 1.656079 0.598078901748 0.414198423364 -0.116899711659 -0.00693403612687
54.9 200 61 1.643331 0.59811091947 0.414153219139 -0.117529295807 -0.00543142744284
55 200 61 1.645238 0.598143156033 0.414107878084 -0.118129141142 -0.00392998930826
55.1 200 61 1.65223 0.598175606376 0.414062374544 -0.118699381183 -0.00243015324403
55.2 200 61 1.662824 0.598208268828 0.414016673353 -0.119240148285 -0.000932337837793
55.3 200 61 1.660476 0.598241146684 0.413970732859 -0.119751587448 0.000563036975368
55.4 200 61 1.652492 0.598274217045 0.413924546311 -0.120233839869 0.00205556022272
55.5 200 61 1.656239 0.598307495724 0.413878057159 -0.120687049296 0.00354481986695
55.6 200 61 1.6705 0.598340973001 0.41383123366 -0.121111364125 0.00503042162008
55.7 200 61 1.682918 0.598374631739 0.413784051935 -0.12150693306 0.00651195720268
55.8 200 61 1.6637 0.598408473272 0.413736471868 -0.121873910062 0.00798902539152
55.9 200 61 1.572412 0.598442487322 0.413688460587 -0.122212442952 0.0094612302693
56 200 61 1.566032 0.598476659879 0.413639987677 -0.122522688439 0.0109281880588
56.1 200 61 1.568087 0.598510988807 0.413591015348 -0.122804816404 0.012389494918
56.2 200 61 1.573579 0.598545457314 0.413541510748 -0.123058987322 0.0138447697271
56.3 200 61 1.573812 0.598580054193 0.413491441728 -0.123285370929 0.0152936278516
56.4 200 61 1.574472 0.598614767949 0.413440774253 -0.123484136339 0.016735681634
56.5 200 61 1.626205 0.59864958002 0.413389477439 -0.123655451988 0.0181705465313
56.6 200 61 1.649833 0.598684472953 0.413337520421 -0.123799493805 0.0195978370973
56.7 200 61 1.663516 0.598719431873 0.413284872791 -0.123916455465 0.0210171803689
56.8 200 61 1.651246 0.598754438239 0.413231506514 -0.124006524055 0.0224281824238
56.9 200 61 1.643583 0.598789475338 0.413177391037 -0.124069891263 0.0238304787099
57 200 61 1.64941 0.598824525103 0.413122499306 -0.124106749585 0.0252236926399
57.1 200 61 1.653281 0.598859566644 0.413066808439 -0.124117301749 0.0266074435213
57.2 200 61 1.649422 0.598894586632 0.413010287317 -0.124101763131 0.0279813685353
57.3 200 61 1.59194 0.598929564087 0.412952919328 -0.124060348287 0.0293450997842
57.4 200 62 1.554329 0.598964474512 0.412894681216 -0.123993263519 0.0306982495777
57.5 200 62 1.554403 0.598999302115 0.412835555607 -0.123900743721 0.0320404585178
57.6 200 62 1.556406 0.599034027813 0.412775529055 -0.123783031584 0.0333713626668
57.7 200 63 1.557993 0.599068632629 0.412714585254 -0.123640354573 0.0346905946505
57.8 200 63 1.561233 0.599103099275 0.412652715217 -0.12347296924 0.0359977975454
57.9 200 63 1.560649 0.599137412462 0.412589903287 -0.123281116971 0.0372926077788
58 200 63 1.558776 0.599171554755 0.412526144963 -0.123065055418 0.0385746771077
58.1 200 63 1.570289 0.599205513556 0.412461434059 -0.122825057501 0.0398436591535
58.2 200 63 1.565582 0.599239274826 0.41239576827 -0.122561395432 0.0410991984746
58.3 200 63 1.566588 0.599272825125 0.412329149842 -0.122274350353 0.0423409519121
58.4 200 63 1.56977 0.599306155547 0.41226157819 -0.121964214034 0.0435685790507
58.5 200 63 1.572936 0.59933925742 0.412193056815 -0.121631281636 0.0447817396492
58.6 200 63 1.568885 0.599372124853 0.412123591909 -0.121275857326 0.0459801168539
58.7 200 63 1.570571 0.599404744493 0.412053198072 -0.120898243523 0.0471633825516
58.8 200 63 1.637959 0.599437117246 0.411981883755 -0.120498770125 0.0483312193993
58.9 200 63 1.659022 0.599469240389 0.411909663054 -0.120077763565 0.0494833179963
59 200 63 1.575691 0.599501113609 0.411836550049 -0.119635553311 0.0506193810398
59.1 200 64 1.580299 0.599532738296 0.411762561916 -0.119172484816 0.0517391164449
59.2 200 64 1.576977 0.599564117063 0.411687716486 -0.118688900404 0.052842237839
59.3 200 64 1.576274 0.599595251446 0.411612037268 -0.118185154088 0.0539284688353
59.4 200 64 1.582104 0.599626148691 0.411535543321 -0.117661605069 0.0549975415433
59.5 200 64 1.57602 0.599656816094 0.411458257891 -0.117118623082 0.0560491972258
59.6 200 64 1.579243 0.59968726214 0.41138020343 -0.116556576104 0.0570831898757
59.7 200 64 1.581439 0.599717491683 0.411301409234 -0.115975839791 0.0580992781456
59.8 200 64 1.582804 0.599747517881 0.411221895133 -0.115376792689 0.0590972321893
59.9 200 64 1.582704 0.599777354034 0.411141684124 -0.114759822155 0.0600768293746
60 200 64 1.585189 0.59980701258 0.411060801384 -0.114125318994 0.0610378605534
60.1 200 64 1.587999 0.599836504125 0.410979270042 -0.113473664662 0.0619801259243
60.2 200 64 1.587125 0.599865848395 0.410897107831 -0.112805255469 0.0629034410184
60.3 200 65 1.589268 0.5998950591 0.410814337012 -0.112120488004 0.0638076302732
60.4 200 65 1.593874 0.599924142383 0.410730987623 -0.111419756192 0.0646925233314
60.5 200 66 1.60019 0.599953114714 0.410647075172 -0.110703455486 0.0655579587384
60.6 200 66 1.609938 0.599981987348 0.4105626228 -0.109971989132 0.0664037912618
60.7 200 66 1.664877 0.600010795271 0.41047762821 -0.109225766496 0.0672298883118
60.8 200 66 1.722598 0.600039531697 0.410392123457 -0.108465169606 0.0680361214714
60.9 200 66 1.682797 0.600068242283 0.410306094621 -0.107690617371 0.0688223795685
61 200 66 1.620672 0.600096907561 0.410219577122 -0.106902483797 0.0695885541507
61.1 200 66 1.622927 0.600125534088 0.410132582084 -0.106101162426 0.0703345463854
61.2 200 66 1.624328 0.600154131442 0.410045121169 -0.105287048624 0.0710602753062
61.3 200 66 1.621361 0.600182714588 0.409957188131 -0.104460529729 0.0717656525166
61.4 200 66 1.624728 0.600211284712 0.409868796561 -0.103621995943 0.0724506172109
61.5 200 66 1.622418 0.600239848668 0.409779944659 -0.102771830554 0.0731151105415
61.6 200 66 1.622143 0.600268408312 0.409690634465 -0.10191041163 0.073759077647
61.7 200 66 1.625033 0.600296972588 0.409600857821 -0.101038120132 0.0743824739817
61.8 200 66 1.622457 0.600325535683 0.409510619043 -0.100155327878 0.0749852605339
61.9 200 66 1.627119 0.600354099863 0.409419909153 -0.0992623980277 0.0755674115582
62 200 66 1.627192 0.600382669054 0.409328715926 -0.0983597000983 0.0761289004724
62.1 200 66 1.627724 0.60041123923 0.40923703262 -0.0974475948994 0.0766697105921
62.2 200 66 1.62746 0.600439808626 0.409144847679 -0.0965264368211 0.0771898303683
62.3 200 66 1.625021 0.600468374687 0.409052148531 -0.0955965803905 0.0776892563551
62.4 200 66 1.627065 0.600496933341 0.408958921177 -0.094658374257 0.0781679811689
62.5 200 66 1.629471 0.600525475332 0.408865155977 -0.093712160764 0.07862600835
62.6 200 66 1.637976 0.600553995329 0.408770838759 -0.0927582883288 0.0790633411609
62.7 200 66 1.62839 0.600582483958 0.408675957364 -0.0917970812025 0.0794799921531
62.8 200 66 1.640569 0.600610934844 0.408580497459 -0.0908288811718 0.0798759738642
62.9 200 66 1.649716 0.600639339959 0.408484444844 -0.0898540118069 0.0802512999888
63 200 66 1.658065 0.600667686195 0.408387791095 -0.0888727902733 0.0806059940783
63.1 200 66 1.655884 0.600695966268 0.408290523637 -0.0878855459058 0.0809400748645
63.2 200 66 1.652568 0.600724169603 0.408192635416 -0.0868925980366 0.0812535800792
63.3 200 66 1.656587 0.60075229116 0.408094112463 -0.0858942664166 0.0815465287001
63.4 200 66 1.674927 0.600780321595 0.407994947788 -0.0848908608734 0.0818189467265
63.5 200 66 1.673355 0.600808255551 0.407895132482 -0.0838826950735 0.08207087243
63.6 200 66 1.668085 0.600836077532 0.407794669785 -0.0828700718788 0.0823023361831
63.7 200 66 1.668835 0.600863785063 0.407693553744 -0.0818533070926 0.0825133714239
63.8 200 66 1.667911 0.60089137098 0.40759178534 -0.0808327016365 0.0827040193416
63.9 200 66 1.670043 0.600918830578 0.407489367958 -0.079808567299 0.0828743209899
64 200 66 1.672441 0.600946153171 0.407386310628 -0.0787811946395 0.0830243102343
64.1 200 66 1.670361 0.600973331428 0.40728262475 -0.0777509070281 0.0831540287334
64.2 200 66 1.669693 0.601000369932 0.407178315258 -0.0767179994395 0.083263535416
64.3 200 66 1.66759 0.601027272155 0.407073391211 -0.0756827797662 0.0833528774177
64.4 200 66 1.666428 0.601054031642 0.406967874025 -0.0746455451504 0.0834221082355
64.5 200 66 1.673284 0.601080649047 0.406861781664 -0.0736065992064 0.0834712831315
64.6 200 66 1.670065 0.601107126264 0.406755136397 -0.0725662559936 0.0835004662253
64.7 200 66 1.675325 0.601133462315 0.406647964084 -0.0715248131089 0.0835097046286
64.8 200 66 1.674864 0.601159662663 0.406540288525 -0.0704825754983 0.0834990637764
64.9 200 67 1.682818 0.601185727298 0.406432144275 -0.0694398467057 0.0834686165417
65 200 68 1.691404 0.601211668601 0.406323554987 -0.0683969449133 0.0834184348931
65.1 200 68 1.69569 0.601237494688 0.406214549777 -0.0673541612675 0.0833485898265
65.2 200 68 1.689197 0.601263210297 0.406105163759 -0.0663118082881 0.0832591524965
65.3 200 68 1.693246 0.60128882704 0.405995429304 -0.0652701935977 0.0831502076109
65.4 200 68 1.695138 0.601314352994 0.405885382284 -0.0642296171054 0.0830218393956
65.5 200 68 1.694331 0.601339800455 0.405775058239 -0.0631904019769 0.0828741357393
65.6 200 68 1.694819 0.601365182296 0.405664492893 -0.0621528496621 0.0827072010001
65.7 200 68 1.710285 0.601390504398 0.405553728701 -0.0611172628569 0.0825211322259
65.8 200 68 1.705165 0.601415781867 0.405442798084 -0.0600839468907 0.0823160435773
65.9 200 68 1.704753 0.601441025985 0.405331742008 -0.0590532229345 0.0820920381852
66 200 68 1.702381 0.601466249499 0.405220595603 -0.0580253876592 0.0818492430772
66.1 200 68 1.712053 0.60149147132 0.405109393566 -0.0570007623091 0.0815877981353
66.2 200 68 1.707614 0.601516693493 0.404998175218 -0.0559796321036 0.0813078007505
66.3 200 68 1.711638 0.60154194254 0.404886969343 -0.0549623069694 0.0810094399356
66.4 200 68 1.717751 0.601567225144 0.404775813081 -0.0539490926302 0.080692839103
66.5 200 68 1.717018 0.601592554034 0.404664737887 -0.0529402782603 0.080358152231
66.6 200 69 1.709171 0.60161794032 0.404553773313 -0.0519361621889 0.0800055347775
66.7 200 69 1.715024 0.601643400011 0.404442946543 -0.050937030724 0.0796351645594
66.8 200 69 1.715457 0.60166894187 0.404332286906 -0.0499431815023 0.079247213582
66.9 200 69 1.719096 0.601694574916 0.404221820696 -0.0489549058026 0.0788418618624
67 200 69 1.710825 0.601720310199 0.404111571033 -0.0479724842207 0.0784192984654
67.1 200 69 1.714822 0.601746168941 0.404001549811 -0.0469961948317 0.0779797269617
67.2 200 70 1.719534 0.601772147638 0.403891786452 -0.0460263033755 0.0775233415889
67.3 200 70 1.726923 0.601798251862 0.403782301782 -0.04506308091 0.0770503607652
67.4 200 70 1.726951 0.601824489884 0.403673111078 -0.0441067898842 0.0765610052091
67.5 200 70 1.729737 0.60185087181 0.403564222147 -0.043157683767 0.0760554860643
67.6 200 70 1.73147 0.601877396239 0.403455657684 -0.0422160070795 0.0755340447912
67.7 200 70 1.738073 0.601904073423 0.403347417739 -0.0412820281902 0.0749968967709
67.8 200 70 1.733957 0.601930913717 0.403239504851 -0.0403559735314 0.0744442832549
67.9 200 70 1.732455 0.601957915693 0.403131930455 -0.0394380795835 0.0738764489486
68 200 70 1.731721 0.601985078942 0.403024705186 -0.038528557388 0.0732936428146
68.1 200 70 1.737657 0.602012414056 0.402917823146 -0.0376276327452 0.0726961136721
68.2 200 70 1.739288 0.602039921488 0.402811289932 -0.0367355223461 0.072084118074
68.3 200 70 1.734154 0.602067603013 0.402705107006 -0.0358524265958 0.0714579150233
68.4 200 70 1.732031 0.602095460617 0.402599276003 -0.0349785373828 0.0708177679792
68.5 200 70 1.732603 0.602123500341 0.40249379116 -0.0341140450996 0.0701639404654
68.6 200 70 1.737504 0.60215172137 0.402388657076 -0.0332591209675 0.0694967059936
68.7 200 70 1.740287 0.602180121207 0.40228387624 -0.0324139503318 0.0688163302859
68.8 200 70 1.737779 0.602208707885 0.402179441586 -0.0315786820305 0.0681230820727
68.9 200 70 1.739204 0.602237480552 0.402075357267 -0.0307534689146 0.067417237491
69 200 70 1.74442 0.602266440686 0.401971623587 -0.0299384694291 0.0666990682788
69.1 200 70 1.746614 0.602295601938 0.401868229861 -0.0291338035263 0.0659688445685
69.2 200 70 1.741601 0.602324960644 0.401765184519 -0.0283396175638 0.0652268400536
69.3 200 70 1.740708 0.602354519359 0.4016624905 -0.0275560300324 0.064473329331
69.4 200 70 1.743595 0.602384286696 0.401560145265 -0.0267831600387 0.0637085840884
69.5 200 70 1.741327 0.602414264168 0.401458155725 -0.0260211272645 0.0629328757867
69.6 200 70 1.746917 0.602444457269 0.401356527547 -0.0252700242125 0.0621464731401
69.7 200 70 1.744807 0.602474872853 0.401255264032 -0.0245299471014 0.0613496427807
69.8 200 70 1.749325 0.60250551962 0.40115437197 -0.0238009872134 0.0605426536669
69.9 200 70 1.749526 0.602536405537 0.401053857727 -0.0230832246756 0.0597257718464
70 200 70 1.745863 0.602567537336 0.400953731662 -0.0223767444448 0.0588992543418
70.1 200 70 1.749395 0.602598923 0.400854004762 -0.0216816225015 0.0580633607154
70.2 200 70 1.755538 0.602630570708 0.400754687544 -0.0209979317164 0.0572183457978
70.3 200 71 1.754664 0.602662490577 0.400655792367 -0.0203257330441 0.0563644660207
70.4 200 71 1.761213 0.60269469012 0.400557333723 -0.0196650924206 0.0555019716271
70.5 200 71 1.767836 0.602727180698 0.400459324227 -0.0190160632392 0.054631110969
70.6 200 71 1.761943 0.602759971336 0.400361779223 -0.0183786963648 0.0537521215518
70.7 200 71 1.764166 0.602793084007 0.400264705748 -0.0177530218857 0.0528652617658
70.8 200 71 1.762048 0.60282651423 0.400168132684 -0.0171390935287 0.0519707698595
70.9 200 71 1.758158 0.602860276614 0.400072070293 -0.0165369681139 0.0510688759694
71 200 71 1.769088 0.602894378229 0.399976537309 -0.015946693747 0.0501598126951
71.1 200 71 1.765483 0.602928831209 0.399881546392 -0.015368299671 0.0492438115853
71.2 200 72 1.76847 0.6029636345 0.399787124738 -0.0148018161227 0.0483211093113
71.3 200 72 1.776689 0.602998802147 0.399693281801 -0.0142472956499 0.0473919272635
71.4 200 72 1.786691 0.603034337508 0.399600036815 -0.0137047745368 0.0464564939713
71.5 200 72 1.785262 0.603070250248 0.399507401635 -0.0131742799242 0.045515028023
71.6 200 72 1.78547 0.603106547746 0.39941538964 -0.0126558410018 0.0445677484736
71.7 200 72 1.78364 0.603143234462 0.399324012898 -0.0121494986034 0.0436148787596
71.8 200 72 1.783351 0.603180308609 0.399233287838 -0.0116552503952 0.0426566223335
71.9 200 72 1.789774 0.603217773946 0.399143224056 -0.0111731470857 0.0416932144028
72 200 72 1.788307 0.603255637464 0.399053824436 -0.0107032330176 0.0407248741108
72.1 200 72 1.785234 0.603293897359 0.398965097443 -0.0102455006012 0.0397517998589
72.2 200 72 1.787663 0.603332554298 0.398877048714 -0.00980000529816 0.0387742341404
72.3 200 72 1.787806 0.603371610806 0.398789676678 -0.00936676556484 0.0377923897976
72.4 200 72 1.787878 0.603411066625 0.398702981388 -0.00894582116853 0.0368064968654
72.5 200 72 1.790971 0.603450915743 0.39861696414 -0.00853720634549 0.0358167749727
72.6 200 72 1.793714 0.603491155727 0.39853161937 -0.00814094485911 0.0348234325159
72.7 200 72 1.797537 0.603531770889 0.398446953821 -0.00775703586805 0.033826698461
72.8 200 72 1.803311 0.603572752178 0.398362962685 -0.00738550938373 0.0328267994247
72.9 200 72 1.80004 0.603614091126 0.39827963803 -0.00702638540597 0.0318239525171
73 200 72 1.805704 0.603655776281 0.398196972313 -0.00667967846627 0.0308183687091
73.1 200 72 1.804325 0.603697794541 0.398114958224 -0.00634541149429 0.0298102841375
73.2 200 72 1.80296 0.603740134003 0.39803358362 -0.00602360140527 0.028799909805
73.3 200 72 1.806087 0.603782790011 0.397952830679 -0.00571425046765 0.02778748429
73.4 200 73 1.814372 0.603825742342 0.39787269238 -0.0054173627287 0.0267732312268
73.5 200 73 1.818632 0.603868978382 0.39779315398 -0.00513293401895 0.0257573776663
73.6 200 73 1.820294 0.603912480565 0.397714204806 -0.00486097045631 0.024740159951
73.7 200 74 1.829932 0.603956233366 0.397635832165 -0.00460146077948 0.0237218132677
73.8 200 74 1.828382 0.604000223883 0.397558020637 -0.00435439166725 0.0227025810211
73.9 200 74 1.830698 0.604044435857 0.397480756536 -0.00411976203438 0.0216826888018
74 200 74 1.833508 0.604088860978 0.397404020141 -0.00389756355292 0.0206623716478
74.1 200 74 1.836482 0.604133477146 0.397327806129 -0.00368776094841 0.0196418807087
74.2 200 74 1.835389 0.604178269747 0.39725210268 -0.00349032939971 0.0186214559944
74.3 200 74 1.835999 0.604223225079 0.397176897574 -0.00330523932517 0.0176013385825
74.4 200 74 1.837119 0.604268331487 0.397102179507 -0.00313245380876 0.016581768881
74.5 200 74 1.844086 0.604313577464 0.397027937589 -0.00297194365794 0.0155629843333
74.6 200 75 1.845916 0.604358949066 0.396954167857 -0.00282365540482 0.0145452334565
74.7 200 75 1.854005 0.604404436753 0.39688086307 -0.00268753029094 0.0135287686304
74.8 200 75 1.850491 0.604450031143 0.396808017949 -0.00256351788408 0.0125138161071
74.9 200 75 1.850487 0.604495724793 0.396735626878 -0.00245155878102 0.01150062049
75 200 75 1.846108 0.604541511333 0.396663688779 -0.00235157580244 0.010489422613
75.1 200 75 1.856671 0.604587383098 0.396592205155 -0.00226350486298 0.00948045760824
75.2 200 75 1.857519 0.604633336737 0.396521176043 -0.00218726677298 0.00847396257535
75.3 200 75 1.854616 0.60467937092 0.396450603501 -0.00212276517099 0.00747017429667
75.4 200 75 1.857562 0.604725481982 0.396380493844 -0.00206991545785 0.00646932759527
75.5 200 75 1.860847 0.60477167052 0.396310852559 -0.00202862625202 0.00547164687507
75.6 200 75 1.86732 0.604817938666 0.396241686992 -0.00199878500488 0.00447736987592
75.7 200 75 1.862103 0.604864286636 0.396173009025 -0.00198029598191 0.0034867086479
75.8 200 75 1.862404 0.604910719631 0.396104824685 -0.00197304166694 0.00249988464409
75.9 200 75 1.861557 0.604957243425 0.396037142941 -0.00197690868683 0.00151711322573
76 200 75 1.869725 0.605003864431 0.395969981636 -0.00199176675199 0.000538611541786
76.1 200 75 1.865065 0.605050586816 0.39590335156 -0.00201748954209 -0.000435412741796
76.2 200 75 1.863154 0.605097420393 0.395837267094 -0.00205395069083 -0.00140476109505
76.3 200 75 1.861834 0.605144373433 0.395771743744 -0.00210101039472 -0.00236924560345
76.4 200 75 1.867207 0.605191451058 0.395706798708 -0.00215852805285 -0.00332865606363
76.5 200 75 1.873401 0.605238666758 0.395642442779 -0.00222636699421 -0.00428281258171
76.6 200 75 1.868866 0.605286024446 0.395578697139 -0.00230438115631 -0.00523153010118
76.7 200 75 1.867276 0.605333537319 0.395515569401 -0.00239241767769 -0.00617462814578
76.8 200 76 1.876839 0.605381211543 0.395453078555 -0.00249032768603 -0.00711193296868
76.9 200 77 1.887307 0.605429062716 0.3953912348 -0.00259794607211 -0.00804328116327
77 200 77 1.895755 0.605477098844 0.395330050193 -0.00271511745519 -0.00896850944299
77.1 200 77 1.893105 0.605525327701 0.395269536992 -0.00284167559543 -0.00988746466447
77.2 200 77 1.892284 0.605573759545 0.395209701069 -0.0029774676435 -0.0107999940512
77.3 200 77 1.897272 0.605622399914 0.395150555044 -0.00312232661734 -0.0117059447472
77.4 200 77 1.898338 0.605671260755 0.395092098819 -0.00327609309381 -0.0126051859447
77.5 200 77 1.898817 0.605720351104 0.395034333073 -0.00343861192402 -0.0134975747314
77.6 200 77 1.89779 0.605769669094 0.394977267748 -0.00360970066352 -0.0143829854076
77.7 200 77 1.8967 0.605819224985 0.394920896222 -0.00378920547905 -0.0152612963412
77.8 200 77 1.901814 0.60586902821 0.394865212055 -0.00397695743293 -0.0161323875454
77.9 200 77 1.904231 0.60591908025 0.394810211127 -0.00417280255124 -0.01699614464
78 200 77 1.906021 0.605969383167 0.394755886088 -0.00437657056796 -0.0178524498034
78.1 200 77 1.909477 0.606019935548 0.394702227621 -0.00458810037605 -0.0187011991152
78.2 200 77 1.911829 0.606070737575 0.394649223811 -0.00480722993003 -0.0195422907642
78.3 200 78 1.914902 0.606121790089 0.394596856635 -0.00503380043303 -0.020375623547
78.4 200 78 1.921907 0.606173089092 0.394545110707 -0.00526765197744 -0.0212011029159
78.5 200 78 1.920464 0.606224629984 0.394493967348 -0.00550863039691 -0.0220186327302
78.6 200 78 1.919697 0.606276409047 0.394443404904 -0.00575657716268 -0.0228281327167
78.7 200 78 1.923421 0.60632842013 0.394393399609 -0.00601133597192 -0.0236295116968
78.8 200 78 1.92462 0.606380656936 0.394343926076 -0.00627275355217 -0.0244226866127
78.9 200 78 1.919921 0.606433112406 0.394294957028 -0.00654067763221 -0.0252075763666
79 200 78 1.920384 0.606485778388 0.394246464049 -0.00681495728567 -0.0259841020135
79.1 200 78 1.922599 0.606538643988 0.394198419501 -0.00709543817818 -0.0267521828411
79.2 200 78 1.927062 0.606591702779 0.394150790803 -0.00738197886598 -0.0275117517779
79.3 200 78 1.92289 0.606644944408 0.394103547164 -0.00767442854491 -0.0282627329728
79.4 200 78 1.923542 0.606698359016 0.394056658422 -0.007972641477 -0.0290050579375
79.5 200 78 1.931665 0.606751934568 0.394010092396 -0.00827647858975 -0.0297386422212
79.6 200 78 1.929767 0.606805662824 0.393963813315 -0.00858579298753 -0.0304634242866
79.7 200 78 1.941969 0.60685953515 0.393917793972 -0.00890044111881 -0.0311793322676
79.8 200 78 1.936481 0.606913542475 0.393871996635 -0.00922028615458 -0.03188629319
79.9 200 78 1.938825 0.606967677723 0.393826389781 -0.00954518591312 -0.03258423537
80 200 79 1.952455 0.60702192455 0.393780950714 -0.00987499629611 -0.0332731127652
80.1 200 79 1.966463 0.607076281613 0.393735649639 -0.0102095787463 -0.0339528508118
80.2 200 79 1.960141 0.607130731811 0.393690460862 -0.0105487916441 -0.034623384516
80.3 200 79 1.958828 0.6071852714 0.393645360143 -0.0108924844334 -0.035284648328
80.4 200 79 1.956541 0.607239892392 0.393600324732 -0.0112405149829 -0.0359365783883
80.5 200 79 1.968475 0.60729458828 0.393555334171 -0.0115927396617 -0.0365791114851
80.6 200 79 1.96373 0.60734935382 0.393510369186 -0.0119490139864 -0.0372121849166
80.7 200 79 1.961031 0.607404184645 0.393465412571 -0.012309199645 -0.0378357412234
80.8 200 79 1.95927 0.607459078638 0.393420448117 -0.0126731507266 -0.0384497208509
80.9 200 79 1.958485 0.607514031105 0.393375465646 -0.0130407112285 -0.0390540601932
81 200 80 1.958615 0.607569039758 0.393330455101 -0.013411731074 -0.0396487014373
81.1 200 80 1.965618 0.607624104006 0.393285408443 -0.0137860592778 -0.0402335876681
81.2 200 80 1.960412 0.607679223407 0.393240320131 -0.0141635428573 -0.0408086637836
81.3 200 80 1.963607 0.607734396513 0.393195187273 -0.0145440370639 -0.0413738684588
81.4 200 80 1.97013 0.607789625599 0.393150008646 -0.0149273745841 -0.0419291577907
81.5 200 80 1.973846 0.607844912947 0.39310478343 -0.0153133974496 -0.0424744826158
81.6 200 80 1.967459 0.607900261181 0.393059513286 -0.0157019408978 -0.0430097903901
81.7 200 80 1.970263 0.607955672469 0.393014202707 -0.0160928535496 -0.0435350434802
81.8 200 80 1.971229 0.608011148523 0.392968857001 -0.0164859607484 -0.044050193351
81.9 200 81 1.979053 0.608066694697 0.392923482401 -0.0168810941383 -0.0445552084021
82 200 81 1.980978 0.60812231406 0.392878086804 -0.0172780919265 -0.0450500509574
82.1 200 82 1.990388 0.608178009334 0.392832679673 -0.017676785011 -0.0455346886392
82.2 200 82 2.019226 0.608233784887 0.392787269141 -0.0180770005609 -0.0460090803249
82.3 200 83 2.03034 0.608289641086 0.392741868318 -0.0184785447152 -0.0464732014786
82.4 200 83 2.039385 0.608345583743 0.39269648463 -0.0188812629435 -0.0469270405322
82.5 200 83 2.037658 0.608401614098 0.39265112757 -0.0192849808478 -0.0473705845388
82.6 200 83 2.038485 0.608457735697 0.392605805621 -0.0196895209975 -0.0478038125701
82.7 200 83 2.036951 0.608513950032 0.39256052818 -0.0200946928549 -0.0482267101158
82.8 200 83 2.04128 0.608570258728 0.392515301303 -0.0205003384326 -0.0486392817802
82.9 200 83 2.037676 0.608626658698 0.392470135295 -0.0209062601016 -0.0490415241144
83 200 83 2.033945 0.608683151539 0.392425033758 -0.0213122802373 -0.0494334417799
83.1 200 83 2.03236 0.608739736082 0.392380002961 -0.0217182379543 -0.0498150523361
83.2 200 83 2.028553 0.608796408771 0.392335044546 -0.0221239552971 -0.0501863613567
83.3 200 83 2.032777 0.608853164812 0.392290163904 -0.022529253045 -0.050547403404
83.4 200 83 2.03171 0.608909998147 0.392245362188 -0.0229339393186 -0.0508981966956
83.5 200 83 2.035956 0.60896690581 0.392200636215 -0.0233378576656 -0.051238768265
83.6 200 83 2.049427 0.609023880291 0.392155983592 -0.0237408344116 -0.0515691523716
83.7 200 83 2.040533 0.609080910425 0.392111401005 -0.0241426991456 -0.0518893859968
83.8 200 83 2.04327 0.609137991951 0.392066880497 -0.0245432847875 -0.0521995191702
83.9 200 83 2.041658 0.609195115863 0.392022411205 -0.0249424244324 -0.0524995871582
84 200 83 2.038968 0.609252270834 0.391977986443 -0.0253399626142 -0.052789654348
84.1 200 83 2.044802 0.609309445481 0.391933592456 -0.0257357216952 -0.0530697738695
84.2 200 83 2.045795 0.609366621228 0.391889226492 -0.026129543948 -0.0533399997374
84.3 200 83 2.051643 0.609423793137 0.391844866271 -0.0265212737191 -0.053600400982
84.4 200 83 2.053681 0.609480951983 0.391800491411 -0.0269107622599 -0.0538510421305
84.5 200 83 2.060471 0.609538082768 0.391756091252 -0.027297859016 -0.0540919911264
84.6 200 83 2.059923 0.60959517595 0.391711640504 -0.0276824150433 -0.054323326282
84.7 200 83 2.061269 0.609652209783 0.391667129435 -0.028064289173 -0.0545451199563
84.8 200 83 2.059312 0.609709172265 0.391622538878 -0.0284433363387 -0.0547574734957
84.9 200 83 2.05864 0.609766050005 0.391577852231 -0.0288194168221 -0.0549604616392
85 200 83 2.065851 0.6098228314 0.391533047552 -0.0291924115548 -0.0551541527826
85.1 200 83 2.073605 0.609879514361 0.391488095158 -0.0295621839618 -0.0553386486403
85.2 200 83 2.07179 0.609936086998 0.391442979368 -0.0299286199593 -0.0555140309848
85.3 200 83 2.06877 0.60999254197 0.391397678101 -0.0302916017892 -0.0556803935729
85.4 200 83 2.072597 0.610048870359 0.391352172008 -0.0306510136225 -0.0558378254521
85.5 200 83 2.069912 0.610105066481 0.391306439538 -0.0310067401718 -0.055986425631
85.6 200 83 2.073451 0.610161118745 0.391260468803 -0.0313586730739 -0.0561262744059
85.7 200 83 2.073723 0.610217020782 0.391214243331 -0.0317067106373 -0.0562574632305
85.8 200 83 2.071045 0.610272775262 0.391167741754 -0.0320507525733 -0.056380092782
85.9 200 83 2.068448 0.610328368894 0.391120959903 -0.0323906999593 -0.0564942540905
86 200 83 2.072235 0.610383810478 0.39107387593 -0.0327264635742 -0.0566000395682
86.1 200 83 2.068278 0.610439093673 0.391026484598 -0.033057949626 -0.0566975404146
86.2 200 83 2.074438 0.610494225233 0.3909787714 -0.0333850763545 -0.0567868485683
86.3 200 83 2.082049 0.610549214071 0.390930724037 -0.0337077559052 -0.0568680594545
86.4 200 83 2.078667 0.610604056375 0.390882342745 -0.0340259076905 -0.056941266225
86.5 200 83 2.08141 0.610658757925 0.390833623489 -0.0343394528141 -0.0570065601155
86.6 200 83 2.085291 0.610713325394 0.390784562583 -0.0346483113195 -0.0570640305554
86.7 200 83 2.088751 0.610767765359 0.390735160689 -0.0349524145106 -0.0571137650106
86.8 200 83 2.09319 0.61082208603 0.390685419694 -0.0352516876323 -0.0571558512037
86.9 200 83 2.099978 0.610876297529 0.390635339626 -0.0355460484424 -0.0571903732569
87 200 83 2.10331 0.610930407733 0.390584930737 -0.0358354428886 -0.0572174222564
87.1 200 83 2.112044 0.610984448955 0.390534179399 -0.0361198117785 -0.0572370923221
87.2 200 83 2.111372 0.611038420912 0.390483101016 -0.036399094295 -0.0572494542497
87.3 200 83 2.111142 0.611092337198 0.390431703533 -0.0366732112439 -0.0572545993418
87.4 200 83 2.111385 0.61114620398 0.390380000649 -0.036942094233 -0.0572526038731
87.5 200 83 2.117604 0.611200034947 0.390327997754 -0.0372056766194 -0.0572435476517
87.6 200 83 2.116484 0.611253828809 0.390275719631 -0.0374638996113 -0.0572275042274
87.7 200 83 2.115199 0.611307605434 0.390223167231 -0.0377166965048 -0.057204559821
87.8 200 83 2.118355 0.611361383896 0.39017034557 -0.0379640080874 -0.057174801748
87.9 200 83 2.113737 0.611415165989 0.390117274681 -0.0382057650916 -0.0571383036269
88 200 83 2.117706 0.611468961803 0.390063964499 -0.0384419042731 -0.0570951450137
88.1 200 84 2.118553 0.611522773493 0.390010431074 -0.0386723566306 -0.0570454005607
88.2 200 84 2.118508 0.611576616124 0.389956678015 -0.0388970627957 -0.0569891491773
88.3 200 84 2.120681 0.611630496794 0.389902715604 -0.0391159605043 -0.056926476803
88.4 200 84 2.125811 0.611684421603 0.389848551269 -0.0393289857924 -0.0568574655801
88.5 200 85 2.128459 0.611738394581 0.389794193843 -0.0395360748266 -0.0567821965394
88.6 200 85 2.128 0.611792419353 0.389739648427 -0.0397371632661 -0.0567007528325
88.7 200 85 2.136209 0.611846497169 0.389684922243 -0.0399321874084 -0.0566132189765
88.8 200 86 2.144091 0.61190062941 0.389630017142 -0.0401210773406 -0.0565196788487
88.9 200 86 2.154573 0.611954811931 0.389574938892 -0.0403037739959 -0.0564202208294
89 200 86 2.158461 0.6120090442 0.389519687921 -0.0404802123681 -0.0563149313425
89.1 200 86 2.156187 0.61206332041 0.389464265289 -0.0406503326945 -0.0562038956325
89.2 200 86 2.157023 0.61211763674 0.38940866686 -0.0408140694057 -0.0560872102734
89.3 200 86 2.154659 0.612171986624 0.389352891366 -0.0409713610134 -0.055964975145
89.4 200 86 2.154177 0.612226358598 0.389296936523 -0.0411221354705 -0.0558372858653
89.5 200 86 2.157751 0.612280745737 0.389240794326 -0.0412663433924 -0.055704242068
89.6 200 86 2.155462 0.61233513629 0.389184461796 -0.0414039240601 -0.055565944799
89.7 200 87 2.167063 0.612389519336 0.389127928989 -0.041534817373 -0.0554224926088
89.8 200 89 2.199793 0.612443873729 0.38907119471 -0.0416589674591 -0.0552739865164
89.9 200 90 2.22763 0.612498193175 0.389014244601 -0.0417763176886 -0.0551205398776
90 200 90 2.232861 0.612552454642 0.388957077912 -0.041886814142 -0.05496225814
90.1 200 90 2.233462 0.612606632589 0.388899693279 -0.041990391033 -0.0547992541855
90.2 200 90 2.231473 0.612660733798 0.388842062046 -0.0420870161324 -0.0546316557345
90.3 200 90 2.230962 0.612714742462 0.388784174106 -0.0421766375996 -0.0544595746037
90.4 200 90 2.233389 0.61276864666 0.388726016319 -0.042259217346 -0.0542831298251
90.5 200 90 2.23393 0.612822431092 0.388667578346 -0.0423347124285 -0.0541024426206
90.6 200 90 2.231975 0.612876084053 0.388608847526 -0.042403087262 -0.0539176349268
90.7 200 90 2.240747 0.612929593443 0.388549812582 -0.0424643048119 -0.0537288367019
90.8 200 90 2.248972 0.612982944009 0.3884904663 -0.0425183333589 -0.0535361700004
90.9 200 90 2.250789 0.613036125294 0.388430798381 -0.0425651461498 -0.053339761932
91 200 90 2.253291 0.61308913268 0.38837079535 -0.0426047218574 -0.0531397475351
91.1 200 90 2.255514 0.613141957742 0.388310448885 -0.0426370464643 -0.0529362550761
91.2 200 90 2.260772 0.613194587472 0.388249758732 -0.0426620937805 -0.0527294148988
91.3 200 90 2.26906 0.61324701812 0.388188717955 -0.0426798461152 -0.0525193705856
91.4 200 90 2.267976 0.613299238852 0.388127329389 -0.0426902989896 -0.0523062401016
91.5 200 90 2.277069 0.613351249209 0.388065585848 -0.0426934473691 -0.0520901532074
91.6 200 90 2.284127 0.613403045745 0.388003490631 -0.0426892914535 -0.051871249657
91.7 200 90 2.280902 0.613454631335 0.387941040619 -0.0426778317923 -0.0516496627444
91.8 200 90 2.285188 0.613506001219 0.387878247421 -0.0426590729544 -0.0514255167716
91.9 200 90 2.286354 0.613557155388 0.387815112628 -0.0426330340687 -0.0511989312058
92 200 90 2.283483 0.613608094078 0.387751652937 -0.042599730903 -0.0509700302129
92.1 200 90 2.286204 0.613658832723 0.387687868921 -0.0425591691434 -0.0507389623494
92.2 200 90 2.28802 0.613709381141 0.387623762905 -0.042511378659 -0.0505058531999
92.3 200 90 2.285828 0.613759743781 0.387559352467 -0.0424563850355 -0.0502708217477
92.4 200 90 2.288689 0.613809930489 0.387494653325 -0.0423942144505 -0.0500339986576
92.5 200 90 2.292651 0.613859953242 0.387429676467 -0.042324901582 -0.0497954979562
92.6 200 90 2.292084 0.613909825495 0.387364438503 -0.042248481628 -0.0495554407079
92.7 200 90 2.292603 0.613959558447 0.387298958119 -0.0421649900911 -0.049313941586
92.8 200 90 2.295933 0.614009172198 0.387233247292 -0.0420744814982 -0.0490711135295
92.9 200 90 2.295747 0.614058681066 0.387167325692 -0.0419769933212 -0.048827073544
93 200 90 2.293225 0.614108091152 0.387101219472 -0.0418725727781 -0.0485819172079
93.1 200 90 2.29492 0.614157417822 0.387034948049 -0.041761255329 -0.0483357517061
93.2 200 90 2.289546 0.614206677302 0.386968531148 -0.0416430942448 -0.0480886816923
93.3 200 90 2.284419 0.614255888441 0.386901985296 -0.0415181485396 -0.0478407979579
93.4 200 90 2.295199 0.614305065253 0.38683533247 -0.0413864643548 -0.047592210043
93.5 200 90 2.295832 0.61435422414 0.386768590394 -0.0412481041329 -0.04734300285
93.6 200 90 2.29305 0.614403380579 0.386701777147 -0.0411031228325 -0.0470932697036
93.7 200 90 2.296279 0.614452543762 0.38663491428 -0.0409515695607 -0.0468430919638
93.8 200 90 2.298491 0.614501730174 0.386568015573 -0.0407935010157 -0.0465925590612
93.9 200 90 2.296573 0.614550955131 0.386501095855 -0.0406289768844 -0.046341754082
94 200 90 2.302595 0.614600228754 0.386434172103 -0.0404580615544 -0.0460907473793
94.1 200 90 2.312863 0.614649557987 0.386367259598 -0.0402808120403 -0.0458396132114
94.2 200 91 2.316083 0.61469895603 0.386300369829 -0.0400972841082 -0.0455884426362
94.3 200 91 2.326179 0.614748430298 0.38623351045 -0.039907535822 -0.0453373000629
94.4 200 91 2.322198 0.614797993502 0.386166685912 -0.0397116243096 -0.0450862546601
94.5 200 91 2.322957 0.614847649581 0.386099906139 -0.0395096138765 -0.0448353819688
94.6 200 91 2.325519 0.614897401761 0.386033178324 -0.0393015580809 -0.0445847468055
94.7 200 91 2.325853 0.614947248677 0.385966511119 -0.0390875069461 -0.0443344091984
94.8 200 91 2.327359 0.614997189823 0.385899906637 -0.0388675091496 -0.0440844219628
94.9 200 91 2.324949 0.61504722604 0.385833369258 -0.0386416236093 -0.0438348548216
95 200 91 2.324964 0.615097356386 0.385766894015 -0.038409898746 -0.0435857724403
95.1 200 91 2.323241 0.615147577447 0.38570048433 -0.0381723879388 -0.0433372438366
95.2 200 91 2.322822 0.615197883981 0.385634136382 -0.0379291339511 -0.04308931562
95.3 200 91 2.32237 0.615248272605 0.385567845349 -0.0376801855331 -0.0428420518389
95.4 200 91 2.328277 0.6152987349 0.385501610628 -0.0374255923136 -0.0425955070385
95.5 200 91 2.332876 0.615349264282 0.385435424051 -0.0371653962293 -0.0423497361183
95.6 200 91 2.336335 0.61539985772 0.38536927707 -0.0368996431539 -0.0421048033009
95.7 200 91 2.338048 0.615450502972 0.385303167031 -0.0366283777818 -0.0418607722195
95.8 200 91 2.343968 0.615501192417 0.385237085607 -0.0363516439952 -0.0416176922827
95.9 200 91 2.347611 0.615551916838 0.385171025916 -0.0360694833436 -0.0413756320902
96 200 92 2.351315 0.615602668797 0.385104981588 -0.0357819401098 -0.0411346432184
96.1 200 93 2.371968 0.61565343684 0.385038945964 -0.0354890584971 -0.0408947844729
96.2 200 93 2.387189 0.615704220335 0.384972907475 -0.0351908782234 -0.0406561244065
96.3 200 93 2.393071 0.615755017758 0.384906851003 -0.034887441584 -0.0404187310255
96.4 200 93 2.395175 0.615805816348 0.384840775628 -0.0345787946402 -0.040182661635
96.5 200 93 2.393222 0.615856607982 0.384774680035 -0.034264986231 -0.0399479846398
96.6 200 93 2.395943 0.615907397904 0.384708545553 -0.0339460564845 -0.0397147736418
96.7 200 93 2.397315 0.615958165328 0.384642384844 -0.0336220529234 -0.0394830758281
96.8 200 93 2.398709 0.616008910703 0.384576193018 -0.0332930237735 -0.0392529673776
96.9 200 93 2.391303 0.616059635507 0.38450996061 -0.0329590142284 -0.0390245206038
97 200 93 2.396952 0.616110334298 0.384443693369 -0.0326200787194 -0.0387977965301
97.1 200 93 2.399033 0.61616101159 0.384377385701 -0.0322762669773 -0.0385728751617
97.2 200 93 2.417671 0.616211666658 0.384311042145 -0.0319276339032 -0.0383498251742
97.3 200 93 2.395936 0.61626229918 0.384244667962 -0.0315742362107 -0.0381287173829
97.4 200 93 2.399344 0.616312915103 0.384178267826 -0.0312161313003 -0.0379096253421
97.5 200 93 2.399594 0.616363518219 0.384111848193 -0.0308533775732 -0.0376926273044
97.6 200 93 2.39944 0.616414113069 0.384045417126 -0.0304860404988 -0.0374777966589
97.7 200 93 2.407029 0.616464708676 0.383978982145 -0.0301141850669 -0.0372651997287
97.8 200 93 2.409854 0.616515310636 0.383912555838 -0.0297378862095 -0.0370548992623
97.9 200 93 2.407685 0.616565931369 0.383846146155 -0.0293572147484 -0.0368469825972
98 200 93 2.41023 0.616616582181 0.383779763424 -0.0289722368965 -0.0366415192317
98.1 200 93 2.414113 0.616667275013 0.383713417984 -0.0285830281193 -0.0364385803655
98.2 200 93 2.413363 0.616718042064 0.383647106181 -0.0281896786939 -0.0362382639064
98.3 200 93 2.420347 0.616768870507 0.38358086453 -0.0277922621268 -0.0360406077104
98.4 200 93 2.420148 0.616819778037 0.383514701401 -0.027390860331 -0.0358456812729
98.5 200 93 2.421177 0.616870771298 0.38344863821 -0.0269855633684 -0.0356535497498
98.6 200 93 2.425498 0.616921879284 0.383382672873 -0.0265764590045 -0.0354642851334
98.7 200 93 2.422707 0.616973107009 0.383316827418 -0.0261636307702 -0.0352779484927
98.8 200 93 2.423249 0.617024461045 0.383251123185 -0.0257471863659 -0.035094585433
98.9 200 93 2.422102 0.617075959735 0.383185565705 -0.0253272210461 -0.034914264107
99 200 93 2.424981 0.617127615054 0.383120167846 -0.0249038386071 -0.0347370327248
99.1 200 93 2.426049 0.617179440253 0.383054942155 -0.0244771389209 -0.0345629488379
99.2 200 93 2.427541 0.617231450355 0.382989894793 -0.0240472390534 -0.0343920351312
99.3 200 93 2.429384 0.617283653232 0.382925037665 -0.0236142492738 -0.0342243491217
99.4 200 93 2.431838 0.617336054945 0.382860382712 -0.0231782660258 -0.0340599360122
99.5 200 93 2.428048 0.617388663465 0.382795939358 -0.0227393989573 -0.0338988321691
99.6 200 93 2.429715 0.617441486261 0.382731706756 -0.0222977604501 -0.0337410744212
99.7 200 93 2.438039 0.617494525449 0.38266769448 -0.0218534693319 -0.0335866938582
99.8 200 93 2.448566 0.617547779978 0.382603915334 -0.0214066322322 -0.0334357141429
99.9 200 93 2.445295 0.617601244948 0.382540373745 -0.0209573666974 -0.0332881466385
100 200 93 2.446562 0.6176549311 0.382477062182 -0.0205057780582 -0.0331440223599
