# SIAM excitation B=c_0up^dag|gs> (normalized), method=fbr
# L=100 U=0.1 V=0.1 dt=0.1 tmax=30 max_bond_dim=512 mps_cutoff=1e-08 activity_tol=1e-08
# E_gs=-30.9227535891 gs_n_active=20 gs_bond_dim=24 gs_wall_s=57.628444
# nrm=0.707106780442
# t  n_active  bond_dim  renyi_half  slater_activity  n0up  n0dw  norm  wall_s  ReA  ImA
0 20 24 0.217135608414 3.03757019537e-13 1 0.686975496434 1 0.002064 0 0
0.1 13 8 0.159449077279 9.25997123424e-09 0.999961337791 0.686956205287 0.999999937354 0.071487 0 0
0.2 13 8 0.165969118997 6.97463475863e-09 0.999845481933 0.686898328833 0.999999970336 0.058344 0 0
0.3 12 8 0.172681460095 8.44133907218e-09 0.999652671546 0.686801922461 0.999999957932 0.058783 0 0
0.4 12 8 0.179579283329 7.60558205304e-09 0.999383361751 0.686667140022 0.999999981121 0.057782 0 0
0.5 12 7 0.11533251125 6.64115407112e-09 0.999038223234 0.686494185397 0.999999977772 0.057557 0 0
0.6 12 7 0.115365598843 6.90198242165e-09 0.998618138682 0.686283285923 0.999999974438 0.057233 0 0
0.7 12 7 0.115417271156 5.16959408614e-09 0.998124165981 0.686034744719 0.999999981165 0.049406 0 0
0.8 12 7 0.115482900413 4.62038807214e-09 0.99755752103 0.685748906674 0.99999997388 0.049573 0 0
0.9 13 7 0.115557918908 5.14545828167e-09 0.996919622028 0.685426166182 0.999999964433 0.049592 0 0
1 12 7 0.11564563768 8.68485221821e-09 0.996212021569 0.685066963291 0.999999974758 0.051487 0 0
1.1 12 7 0.11575059492 8.13981648751e-09 0.995436441275 0.68467177165 0.999999971326 0.049695 0 0
1.2 14 7 0.115852358192 8.79812722676e-09 0.994594783502 0.684241128744 0.999999970263 0.049537 0 0
1.3 12 7 0.115929682968 8.58061421916e-09 0.993689079153 0.683775609598 0.999999972046 0.052303 0 0
1.4 12 7 0.116082020375 8.46124192933e-09 0.992721495262 0.68327578128 0.999999980978 0.048422 0 0
1.5 12 7 0.116232516748 8.53116532973e-09 0.99169432335 0.68274229613 0.999999981465 0.056668 0 0
1.6 12 7 0.116408565438 8.89181805963e-09 0.990609970344 0.682175825762 0.99999998135 0.056198 0 0
1.7 12 7 0.116595111614 9.34597488289e-09 0.989470947166 0.681577075348 0.999999981453 0.056388 0 0
1.8 14 7 0.116788636123 2.01780592235e-09 0.988279858066 0.680946770325 0.999999977465 0.056267 0 0
1.9 14 7 0.116989758058 2.04442374141e-09 0.987039389089 0.680285660627 0.999999970341 0.058942 0 0
2 14 7 0.117201665036 2.08520900546e-09 0.985752297417 0.679594518531 0.999999971939 0.058851 0 0
2.1 14 7 0.117428876984 2.13993045506e-09 0.984421398039 0.678874126345 0.999999985136 0.058835 0 0
2.2 14 7 0.117665717986 2.20964091469e-09 0.983049555794 0.678125280556 0.99999998363 0.050817 0 0
2.3 13 7 0.117913324203 9.57131822824e-09 0.981639665349 0.677348796509 0.999999984186 0.050664 0 0
2.4 13 7 0.118169934448 9.03526403916e-09 0.980194645592 0.676545493365 0.999999978129 0.057299 0 0
2.5 13 7 0.118437686238 8.53973318256e-09 0.978717426584 0.675716198885 0.999999979318 0.049565 0 0
2.6 13 7 0.118717082878 7.98314343155e-09 0.977210937211 0.674861734095 0.999999980316 0.049527 0 0
2.7 13 7 0.119007964536 7.4377319866e-09 0.975678093504 0.673982924459 0.999999980439 0.049465 0 0
2.8 13 7 0.119310377412 6.92456745393e-09 0.974121787386 0.673080591901 0.999999979774 0.049348 0 0
2.9 14 7 0.11962250165 2.90580248752e-09 0.972544874687 0.672155553407 0.999999970017 0.049554 0 0
3 13 7 0.119944325311 6.68787050685e-09 0.970950169611 0.671208615023 0.999999965823 0.058958 0 0
3.1 12 7 0.120282696687 9.16053899402e-09 0.969340404509 0.67024057287 0.999999967961 0.049362 0 0
3.2 12 7 0.12063203991 6.5054832632e-09 0.96771828688 0.669252214412 0.999999972314 0.056324 0 0
3.3 12 7 0.120997918598 3.38400218958e-09 0.966086399229 0.668244298493 0.999999980316 0.055947 0 0
3.4 12 7 0.121377253453 3.5132926568e-09 0.964447262956 0.667217578184 0.999999979668 0.055975 0 0
3.5 12 7 0.121770100278 3.64664598518e-09 0.962803314948 0.666172792315 0.999999979675 0.055925 0 0
3.6 12 7 0.122176338325 3.78485176533e-09 0.961156883656 0.66511065355 0.999999978364 0.055731 0 0
3.7 12 7 0.122596975136 3.92907029134e-09 0.959510189038 0.664031855166 0.999999979429 0.056301 0 0
3.8 12 7 0.123030887662 4.08176958899e-09 0.957865337455 0.662937066836 0.999999978434 0.0559 0 0
3.9 12 7 0.123478534399 4.24336654703e-09 0.956224314749 0.661826934925 0.999999976837 0.0561 0 0
4 12 7 0.123939205235 4.41633263293e-09 0.95458898253 0.660702081106 0.999999976267 0.056816 0 0
4.1 12 7 0.124412464352 4.6020338651e-09 0.952961072932 0.659563103981 0.999999973285 0.055862 0 0
4.2 12 8 0.223041831766 4.80267448033e-09 0.951342187665 0.658410575212 0.999999979682 0.056137 0 0
4.3 12 8 0.223134125397 5.02173491679e-09 0.949733769075 0.657245038999 0.999999978627 0.056317 0 0
4.4 12 8 0.223240427187 5.26326271455e-09 0.948137166228 0.656067021234 0.999999980315 0.056455 0 0
4.5 12 8 0.223359727832 5.52712164925e-09 0.946553583106 0.654877011389 0.999999978625 0.056175 0 0
4.6 12 8 0.2234910626 5.81841708147e-09 0.94498408934 0.653675481267 0.999999977471 0.056174 0 0
4.7 12 8 0.223635788707 6.13801309779e-09 0.943429620179 0.652462872644 0.999999975885 0.056375 0 0
4.8 12 8 0.223795298635 6.4899329244e-09 0.941890977827 0.651239605014 0.999999979091 0.056377 0 0
4.9 12 8 0.22397408627 6.87840562286e-09 0.940368820184 0.650006071346 0.999999971377 0.05621 0 0
5 12 8 0.224178507252 7.31864968628e-09 0.93886369026 0.648762654694 0.999999978675 0.056369 0 0
5.1 12 8 0.224404447187 7.78816744429e-09 0.937375986956 0.647509680884 0.999999977963 0.056367 0 0
5.2 12 8 0.224652561994 8.30138091601e-09 0.935906006305 0.646247482244 0.999999977071 0.056124 0 0
5.3 12 8 0.224929266863 8.86217144114e-09 0.934453882008 0.64497635685 0.999999958711 0.056385 0 0
5.4 12 8 0.225232898903 9.44201239417e-09 0.933019634111 0.643696615076 0.999999968501 0.05642 0 0
5.5 13 9 0.225789155943 6.14954620559e-09 0.931603222857 0.642408497502 0.999999973754 0.056248 0 0
5.6 13 9 0.226243426877 6.21873330608e-09 0.930204453672 0.641112244537 0.999999970694 0.049861 0 0
5.7 13 9 0.226713906401 6.51900033954e-09 0.928823089339 0.639808084748 0.999999967644 0.050138 0 0
5.8 13 9 0.227207675326 6.80398737352e-09 0.927458801913 0.638496234467 0.999999960176 0.050184 0 0
5.9 13 9 0.227722171135 7.12650338741e-09 0.926111174211 0.637176892888 0.999999959027 0.050068 0 0
6 13 9 0.228271858971 7.44947259435e-09 0.924779729533 0.635850237797 0.9999999615 0.050152 0 0
6.1 13 9 0.228845131896 7.74723329933e-09 0.92346391856 0.634516439959 0.999999953499 0.058208 0 0
6.2 13 9 0.229451370064 8.0283215631e-09 0.922163123817 0.633175658872 0.999999957824 0.050152 0 0
6.3 12 9 0.230077698715 8.3429867459e-09 0.920876679043 0.631828050657 0.999999957673 0.050108 0 0
6.4 12 9 0.230727275266 8.76453576382e-09 0.91960390141 0.630473751408 0.999999954389 0.057105 0 0
6.5 12 9 0.231388674013 8.57395843212e-09 0.918344054071 0.629112902132 0.999999958191 0.057205 0 0
6.6 12 9 0.23210119137 8.66418337075e-09 0.917096368514 0.627745626898 0.999999953552 0.057016 0 0
6.7 12 9 0.232806842552 8.67403282534e-09 0.915860074434 0.626372044234 0.999999973323 0.057391 0 0
6.8 12 9 0.233547097242 8.5733121713e-09 0.91463436845 0.624992268808 0.999999976122 0.056893 0 0
6.9 12 9 0.234323228028 7.95685506372e-09 0.913418417913 0.623606413242 0.999999980059 0.057047 0 0
7 12 9 0.235081724597 7.70723673771e-09 0.912211455558 0.622214599051 0.999999969668 0.056968 0 0
7.1 12 9 0.235878752413 6.98792401721e-09 0.911012702816 0.620816938087 0.999999980883 0.057204 0 0
7.2 12 9 0.236657760059 7.11997805158e-09 0.909821362586 0.619413539653 0.999999974393 0.057428 0 0
7.3 12 9 0.237491404119 6.6795873277e-09 0.908636699621 0.618004515455 0.999999980649 0.057351 0 0
7.4 12 9 0.238275479759 6.97937274641e-09 0.907457982268 0.616589977651 0.999999966835 0.057148 0 0
7.5 12 9 0.239130706632 6.58028054268e-09 0.906284529738 0.615170041995 0.999999977891 0.056896 0 0
7.6 12 9 0.239968237431 6.98387547793e-09 0.90511566187 0.613744820266 0.999999972805 0.057321 0 0
7.7 12 9 0.240777976169 7.36015171032e-09 0.903950762934 0.612314432721 0.999999964907 0.057417 0 0
7.8 13 9 0.241609078727 3.27996074745e-09 0.902789285366 0.610879001446 0.999999958379 0.057418 0 0
7.9 13 9 0.242420580767 8.19582735012e-10 0.901630664303 0.60943865307 0.99999997045 0.05059 0 0
8 12 9 0.243266238626 8.49210057829e-09 0.900474414525 0.607993509908 0.999999965507 0.050645 0 0
8.1 12 9 0.244096035624 7.72119812531e-09 0.899320116109 0.606543704195 0.999999974601 0.057322 0 0
8.2 12 9 0.24492767466 7.64634577877e-09 0.898167347576 0.605089371967 0.999999961367 0.057413 0 0
8.3 12 9 0.245766221605 7.6551147643e-09 0.897015825636 0.603630653224 0.999999955907 0.057636 0 0
8.4 12 9 0.246584153995 7.6333304122e-09 0.895865288691 0.602167695286 0.999999961188 0.057241 0 0
8.5 12 9 0.247436216534 7.96847299256e-09 0.894715506645 0.600700631058 0.999999968972 0.057545 0 0
8.6 12 9 0.248244045336 7.98668764457e-09 0.893566323179 0.599229621756 0.999999968358 0.057393 0 0
8.7 12 9 0.249080322712 8.09564348891e-09 0.892417610723 0.597754811517 0.999999974294 0.057435 0 0
8.8 12 9 0.249860844889 9.14262332508e-09 0.891269312169 0.59627636254 0.999999958303 0.057219 0 0
8.9 12 9 0.250673675212 7.97418475695e-09 0.890121409605 0.594794425192 0.999999972197 0.05762 0 0
9 13 9 0.251460541098 5.7944274396e-09 0.888973953923 0.593309164622 0.999999974519 0.057602 0 0
9.1 14 9 0.252243702466 1.27328825261e-09 0.887827030879 0.591820744442 0.999999957603 0.050981 0 0
9.2 12 9 0.253013213884 9.70911429032e-09 0.886680799609 0.590329324976 0.999999966897 0.060676 0 0
9.3 14 9 0.253749050979 1.30977728663e-09 0.885535408115 0.588835076777 0.99999997068 0.057657 0 0
9.4 14 9 0.254481733193 1.32369781802e-09 0.884391051904 0.587338164053 0.999999967798 0.052981 0 0
9.5 14 9 0.255180280493 1.33470634545e-09 0.883247985924 0.58583875329 0.999999954305 0.053131 0 0
9.6 14 9 0.255854792647 1.3428252954e-09 0.882106476013 0.58433701375 0.999999952117 0.060698 0 0
9.7 14 9 0.256506405447 1.34806121821e-09 0.880966822613 0.582833117794 0.999999951877 0.053413 0 0
9.8 14 9 0.257175180515 1.35043076721e-09 0.879829298928 0.581327202046 0.999999959469 0.060997 0 0
9.9 14 9 0.257817739897 1.34996280821e-09 0.878694249466 0.579819453971 0.999999960775 0.060772 0 0
10 14 9 0.258445646564 1.34669364549e-09 0.877562039541 0.578310027181 0.999999966513 0.060897 0 0
10.1 12 9 0.259097329627 5.83732440163e-09 0.876433011636 0.576799081352 0.999999958603 0.05284 0 0
10.2 12 9 0.259739289597 5.81834425084e-09 0.875307532065 0.575286779222 0.999999964883 0.058123 0 0
10.3 12 9 0.260368288587 5.83637849161e-09 0.874185975162 0.573773262111 0.999999968639 0.058089 0 0
10.4 12 9 0.260989796119 5.83213677352e-09 0.873068702016 0.572258684811 0.99999996153 0.058058 0 0
10.5 12 9 0.261593684149 5.81541192979e-09 0.871956074863 0.570743197554 0.999999966265 0.057947 0 0
10.6 12 9 0.262196123325 5.79756742614e-09 0.870848446847 0.569226939558 0.999999964916 0.058191 0 0
10.7 12 9 0.262791415616 5.85524022259e-09 0.8697461565 0.567710052985 0.999999965406 0.058331 0 0
10.8 12 9 0.263380431285 5.93992379065e-09 0.868649528209 0.566192650501 0.999999972141 0.049951 0 0
10.9 12 9 0.263970402946 6.00942503061e-09 0.867558868683 0.564674878525 0.999999971353 0.050095 0 0
11 12 9 0.264556187913 6.06040536375e-09 0.866474465902 0.563156863765 0.99999997101 0.05017 0 0
11.1 12 9 0.265146476991 6.13166014122e-09 0.865396589742 0.561638721761 0.999999973878 0.05012 0 0
11.2 12 9 0.265739569268 6.21228832472e-09 0.864325478234 0.560120559815 0.999999975005 0.050056 0 0
11.3 12 9 0.266338865894 6.32682123965e-09 0.86326134914 0.558602496037 0.999999966531 0.050157 0 0
11.4 12 9 0.266946934623 6.50480762092e-09 0.862204408946 0.557084630146 0.999999973667 0.050306 0 0
11.5 12 8 0.267413381136 6.71279637733e-09 0.861154795402 0.555567063876 0.9999999654 0.050108 0 0
11.6 12 8 0.268064732802 6.06348293797e-09 0.860112682895 0.554049892348 0.99999995746 0.049889 0 0
11.7 12 8 0.268731178422 6.41913555316e-09 0.859078140673 0.552533200757 0.999999960937 0.058041 0 0
11.8 12 8 0.269412397727 7.01080412044e-09 0.858051242902 0.551017072321 0.999999974225 0.049873 0 0
11.9 12 8 0.270110093196 7.63051241967e-09 0.857032025953 0.54950159798 0.999999969609 0.049919 0 0
12 12 8 0.270826249274 8.27559805536e-09 0.856020525321 0.547986847226 0.999999972177 0.050209 0 0
12.1 12 8 0.271562291774 8.94262337025e-09 0.855016712706 0.546472887683 0.999999961904 0.049877 0 0
12.2 12 8 0.272320097597 9.62652970657e-09 0.854020562363 0.54495979429 0.999999958504 0.050018 0 0
12.3 13 8 0.273101310926 6.69992017421e-09 0.853031994675 0.543447628689 0.999999958799 0.050032 0 0
12.4 13 8 0.273906302413 6.80736067515e-09 0.852050887539 0.541936444654 0.99999996243 0.060122 0 0
12.5 13 8 0.274743741283 6.86087120449e-09 0.851077138823 0.540426309625 0.999999974003 0.05988 0 0
12.6 13 8 0.275602646609 6.95146629148e-09 0.850110605084 0.538917273691 0.999999972108 0.052402 0 0
12.7 13 8 0.276488733419 7.03545532943e-09 0.84915113678 0.537409392633 0.999999969775 0.052141 0 0
12.8 13 8 0.277403095498 8.04323300292e-09 0.848198555502 0.535902716078 0.999999972307 0.05226 0 0
12.9 14 8 0.278349227584 7.1788348599e-09 0.847252665153 0.534397289474 0.99999997045 0.052163 0 0
13 13 8 0.279324142433 7.24508786298e-09 0.846313243894 0.532893159759 0.999999954374 0.062196 0 0
13.1 13 8 0.280330256351 7.31014571098e-09 0.845380089837 0.531390378889 0.999999969816 0.052543 0 0
13.2 13 8 0.281362789444 9.1423853527e-09 0.844452932207 0.529888969055 0.99999996764 0.052221 0 0
13.3 13 8 0.282444840399 8.1541611241e-09 0.843531552453 0.52838897911 0.999999962073 0.052786 0 0
13.4 13 8 0.283568146135 9.75199299091e-09 0.842615714494 0.52689045059 0.999999963459 0.06024 0 0
13.5 14 8 0.284724550324 2.95473778777e-09 0.841705160901 0.525393419151 0.999999959628 0.060155 0 0
13.6 14 9 0.286077146038 1.12925702123e-09 0.840799648876 0.523897921936 0.99999994722 0.053686 0 0
13.7 14 8 0.287133346128 1.12038955891e-09 0.839898932995 0.522403997286 0.999999949786 0.053887 0 0
13.8 14 9 0.28853469426 1.11088815924e-09 0.839002773333 0.520911679467 0.999999941864 0.053774 0 0
13.9 14 8 0.289668560725 1.10085818239e-09 0.838110932458 0.519421000787 0.99999995349 0.054074 0 0
14 13 8 0.290989251781 6.63977051119e-09 0.837223180731 0.51793199576 0.999999956933 0.054346 0 0
14.1 13 8 0.292340058784 6.4868739269e-09 0.836339300753 0.516444703148 0.999999961169 0.060658 0 0
14.2 13 8 0.293711939783 6.33252295046e-09 0.835459086486 0.514959161003 0.99999995551 0.060706 0 0
14.3 13 8 0.295109746145 6.17117668078e-09 0.834582367056 0.513475415212 0.99999996069 0.060703 0 0
14.4 13 8 0.296525515164 6.03093675e-09 0.83370894621 0.511993499565 0.999999957997 0.061071 0 0
14.5 13 8 0.297958243922 5.90684312574e-09 0.832838683448 0.510513460114 0.999999961083 0.060571 0 0
14.6 13 8 0.299405514263 5.78692693765e-09 0.831971434505 0.509035338567 0.999999955339 0.06065 0 0
14.7 13 8 0.300868262438 5.67015800979e-09 0.831107082431 0.507559179077 0.999999952429 0.060861 0 0
14.8 13 8 0.302342754705 5.58912838233e-09 0.830245537764 0.506085029515 0.999999959125 0.060527 0 0
14.9 13 8 0.303823874012 5.49593370813e-09 0.829386713958 0.504612936694 0.999999962222 0.060399 0 0
15 13 8 0.305316947415 5.42500089296e-09 0.828530553917 0.503142945664 0.999999966446 0.060611 0 0
15.1 13 8 0.306807238562 5.35666533352e-09 0.827677009312 0.501675110423 0.999999958128 0.060474 0 0
15.2 13 8 0.308304280807 5.29188981524e-09 0.826826056149 0.500209485782 0.999999964115 0.060426 0 0
15.3 13 8 0.309808750817 5.24544518932e-09 0.825977725034 0.498746130106 0.999999963158 0.060365 0 0
15.4 13 8 0.311310469548 5.21349141636e-09 0.825132032969 0.497285096085 0.999999965551 0.060781 0 0
15.5 12 8 0.312809410462 9.92378081848e-09 0.82428901485 0.495826441367 0.99999996482 0.06126 0 0
15.6 12 8 0.314311527274 9.56879661235e-09 0.823448725915 0.494370224839 0.999999967834 0.051244 0 0
15.7 12 8 0.315808195275 9.32273961427e-09 0.822611254397 0.492916509596 0.999999968171 0.051355 0 0
15.8 12 8 0.317300343004 9.06855890934e-09 0.821776691264 0.491465355038 0.999999968686 0.051226 0 0
15.9 12 8 0.318787225233 8.82341536447e-09 0.820945144962 0.490016823641 0.999999969177 0.05168 0 0
16 12 8 0.320268045907 8.59597479897e-09 0.820116737856 0.48857097884 0.999999969592 0.051358 0 0
16.1 12 8 0.321741926469 8.38983680737e-09 0.819291604515 0.487127884832 0.999999969932 0.051197 0 0
16.2 12 8 0.3232080266 8.20593094026e-09 0.818469889933 0.485687606378 0.99999997019 0.051244 0 0
16.3 12 8 0.324665613667 8.04386354215e-09 0.817651747879 0.484250208625 0.999999970344 0.052397 0 0
16.4 12 8 0.326114075877 7.9025752007e-09 0.816837339283 0.482815756918 0.999999970368 0.051558 0 0
16.5 12 8 0.327552836242 7.78064225799e-09 0.816026830581 0.481384316622 0.999999969742 0.051557 0 0
16.6 12 8 0.328981568069 7.67639526691e-09 0.815220389984 0.479955948854 0.999999969585 0.042712 0 0
16.7 12 8 0.33039996215 7.58807889788e-09 0.814418191772 0.478530722671 0.999999969275 0.042742 0 0
16.8 12 8 0.331807791771 7.51383414774e-09 0.813620408673 0.477108702453 0.999999968801 0.042703 0 0
16.9 12 8 0.333204909496 7.45176239722e-09 0.812827212138 0.475689951872 0.999999968164 0.042634 0 0
17 12 8 0.334591244542 7.39996701258e-09 0.812038770703 0.47427453373 0.999999967369 0.042469 0 0
17.1 12 8 0.335966798709 7.35658836704e-09 0.81125524842 0.472862509795 0.999999966422 0.042705 0 0
17.2 12 8 0.337331641758 7.31983317786e-09 0.810476803356 0.471453940637 0.999999965336 0.04316 0 0
17.3 12 8 0.338685906844 7.28800218965e-09 0.809703586176 0.470048885488 0.999999964123 0.042715 0 0
17.4 12 8 0.340029786055 7.25951626312e-09 0.808935738825 0.468647402097 0.999999962801 0.042796 0 0
17.5 12 8 0.341363525884 7.2329389064e-09 0.808173393304 0.467249546603 0.999999961387 0.042677 0 0
17.6 12 8 0.342687422625 7.20699604099e-09 0.80741667058 0.465855373418 0.999999959946 0.044006 0 0
17.7 12 8 0.344002668135 7.18061877885e-09 0.806665679593 0.464464935101 0.99999996095 0.043027 0 0
17.8 12 8 0.345308017867 7.79109833282e-09 0.805920514698 0.463078281607 0.999999959263 0.042961 0 0
17.9 12 8 0.346604246267 7.89121161729e-09 0.805181259607 0.461695461784 0.99999995797 0.043001 0 0
18 12 8 0.347903782989 7.98232300545e-09 0.804447982389 0.460316522587 0.999999962773 0.042838 0 0
18.1 12 8 0.349192439267 8.15494390148e-09 0.80372072179 0.458941506678 0.999999964625 0.04271 0 0
18.2 12 8 0.350474558574 8.15539762017e-09 0.802999515116 0.457570457834 0.999999965896 0.042782 0 0
18.3 12 8 0.351750822616 8.12897201519e-09 0.80228438569 0.456203415961 0.999999966338 0.042806 0 0
18.4 12 8 0.353021710367 8.09101367354e-09 0.801575341616 0.454840418994 0.999999966555 0.042946 0 0
18.5 12 8 0.354287704626 8.05353981401e-09 0.800872376129 0.453481502698 0.999999966663 0.042786 0 0
18.6 12 8 0.355549297255 8.01859855064e-09 0.80017546806 0.45212670069 0.99999996666 0.042753 0 0
18.7 12 8 0.35680697869 7.98642171883e-09 0.799484582247 0.450776044448 0.999999966566 0.042789 0 0
18.8 12 8 0.35806062747 7.9568531877e-09 0.798799670097 0.449429563345 0.999999963803 0.042602 0 0
18.9 12 8 0.359311683218 7.10801086853e-09 0.798120674108 0.448087285473 0.99999996391 0.04277 0 0
19 12 8 0.360560285425 7.08682323081e-09 0.797447516752 0.446749235379 0.999999963708 0.042649 0 0
19.1 12 8 0.361806880691 7.06492633965e-09 0.796780114337 0.445415436402 0.999999963425 0.042719 0 0
19.2 12 8 0.363051900974 7.04279153275e-09 0.796118372071 0.444085910114 0.999999963085 0.042658 0 0
19.3 12 8 0.36429575931 7.02091844728e-09 0.795462185985 0.442760676332 0.999999962716 0.042764 0 0
19.4 12 8 0.36553884683 6.99983584537e-09 0.794811444023 0.44143975321 0.999999962327 0.042746 0 0
19.5 12 8 0.366781530271 6.98008056983e-09 0.794166027179 0.440123157344 0.999999961921 0.042708 0 0
19.6 12 8 0.368024149892 6.96217979443e-09 0.793525810681 0.438810903876 0.999999961503 0.042829 0 0
19.7 12 8 0.369267017796 6.94663229679e-09 0.792890665201 0.437503006606 0.999999961075 0.04285 0 0
19.8 12 8 0.370510416666 6.93389784208e-09 0.792260458091 0.436199478104 0.999999960642 0.042827 0 0
19.9 12 8 0.3717545989 6.92439081478e-09 0.791635054623 0.434900329828 0.999999960204 0.042501 0 0
20 12 8 0.372999786112 6.91847565244e-09 0.791014319215 0.433605572237 0.999999959764 0.043162 0 0
20.1 12 8 0.374246169014 6.91646754595e-09 0.790398116659 0.432315214909 0.999999959323 0.042772 0 0
20.2 12 8 0.375493907621 6.91863499304e-09 0.789786313296 0.43102926666 0.99999995888 0.042603 0 0
20.3 12 8 0.376743131796 6.92520213557e-09 0.78917877818 0.429747735653 0.999999958437 0.042813 0 0
20.4 12 8 0.377993942074 6.93635365177e-09 0.788575384165 0.428470629514 0.999999957993 0.042426 0 0
20.5 12 8 0.379246410765 6.95223383888e-09 0.787976008959 0.427197955438 0.999999957546 0.04262 0 0
20.6 12 8 0.380500583299 6.97295747271e-09 0.787380536091 0.425929720291 0.999999957098 0.04302 0 0
20.7 12 8 0.381756479791 6.99860775678e-09 0.786788855817 0.424665930716 0.999999956646 0.043619 0 0
20.8 12 8 0.383014096785 7.02924010491e-09 0.786200865933 0.423406593217 0.999999956191 0.043099 0 0
20.9 12 8 0.384273409151 7.064888026e-09 0.785616472509 0.422151714253 0.999999955731 0.042688 0 0
21 12 8 0.385534372084 7.10556272421e-09 0.78503559052 0.420901300317 0.999999955268 0.042766 0 0
21.1 12 8 0.386796923142 7.15125798705e-09 0.784458144388 0.419655358007 0.999999954802 0.043032 0 0
21.2 12 8 0.388060984252 7.2019515016e-09 0.783884068411 0.418413894093 0.999999954334 0.04281 0 0
21.3 12 8 0.389326463606 7.25761128912e-09 0.783313307105 0.417176915577 0.999999953868 0.043109 0 0
21.4 12 8 0.390593257287 7.31819724918e-09 0.782745815422 0.415944429739 0.999999953407 0.042891 0 0
21.5 12 8 0.39186115139 7.3836661504e-09 0.782181558876 0.414716444182 0.999999961649 0.042507 0 0
21.6 12 8 0.393130176404 7.40973007455e-09 0.781620515628 0.413492965847 0.999999961049 0.042593 0 0
21.7 12 8 0.39440014621 7.46383514125e-09 0.781062668839 0.412274004042 0.999999960501 0.042727 0 0
21.8 12 8 0.395670898041 7.53348381797e-09 0.78050801565 0.411059567507 0.999999959992 0.042553 0 0
21.9 12 8 0.396942276616 7.61345854985e-09 0.77995656325 0.409849665381 0.999999959511 0.042705 0 0
22 12 8 0.398214126609 7.70116620594e-09 0.779408328504 0.408644307203 0.999999959054 0.042372 0 0
22.1 12 8 0.399486290305 7.79527785257e-09 0.778863337489 0.407443502904 0.99999995862 0.042708 0 0
22.2 12 8 0.400758607399 7.89508644704e-09 0.778321624958 0.406247262796 0.999999958208 0.042675 0 0
22.3 12 8 0.402030915806 8.00019076098e-09 0.777783233722 0.405055597548 0.999999957819 0.043334 0 0
22.4 12 8 0.403303077421 8.11034024965e-09 0.777248213975 0.403868518159 0.999999957781 0.042575 0 0
22.5 13 8 0.404574641775 8.22533826639e-09 0.776716622114 0.402686041542 0.999999951948 0.042827 0 0
22.6 12 8 0.40584584216 9.99074525921e-09 0.776188521534 0.401508177869 0.999999953133 0.053135 0 0
22.7 12 8 0.40711627655 9.78936709816e-09 0.775663983765 0.400334938115 0.999999950664 0.043369 0 0
22.8 12 8 0.408385934217 9.97312129659e-09 0.775143072744 0.399166328254 0.999999950926 0.042959 0 0
22.9 13 8 0.409654672083 8.7310824481e-09 0.774625867609 0.39800236254 0.999999950754 0.042936 0 0
23 13 8 0.410922022706 8.86821086086e-09 0.774112445765 0.396843053409 0.999999938386 0.053014 0 0
23.1 12 8 0.412188082122 9.93554301134e-09 0.773602895081 0.395688409413 0.999999933645 0.053487 0 0
23.2 13 8 0.413453312206 9.15400667585e-09 0.773097287163 0.394538446321 0.999999946848 0.042957 0 0
23.3 13 8 0.414717006352 9.30257124244e-09 0.772595691406 0.39339318059 0.999999939672 0.053312 0 0
23.4 13 8 0.415979309635 9.4545195645e-09 0.772098202729 0.392252613906 0.999999938325 0.053347 0 0
23.5 12 8 0.417240153449 9.60976935881e-09 0.771604888982 0.391116757884 0.999999933305 0.053412 0 0
23.6 12 8 0.418499867752 9.76817144195e-09 0.771115823077 0.389985635372 0.999999948837 0.043065 0 0
23.7 13 8 0.419758073227 9.92963578678e-09 0.770631067329 0.388859251879 0.99999994805 0.043151 0 0
23.8 14 8 0.421014645423 7.80160203107e-09 0.770150694683 0.387737616312 0.99999993962 0.053007 0 0
23.9 13 8 0.422269977138 9.51051854191e-09 0.76967477276 0.386620732174 0.999999937895 0.062738 0 0
24 14 8 0.423522925593 8.01832289454e-09 0.769203339801 0.385508623116 0.999999945013 0.053151 0 0
24.1 14 8 0.42477597355 8.12426392827e-09 0.768736450418 0.384401293031 0.999999938689 0.062776 0 0
24.2 14 8 0.426027596886 8.20149637093e-09 0.768274151091 0.383298748257 0.999999945232 0.062822 0 0
24.3 14 8 0.427279088773 8.27694690564e-09 0.767816473731 0.382201003189 0.999999943582 0.062542 0 0
24.4 14 8 0.428529119829 8.3410791607e-09 0.767363446314 0.381108052822 0.999999943523 0.062495 0 0
24.5 14 8 0.429779251748 8.40679748038e-09 0.766915084844 0.380019913192 0.999999939072 0.062713 0 0
24.6 14 8 0.431027661581 8.46809122823e-09 0.766471408951 0.378936572059 0.999999940626 0.062487 0 0
24.7 14 8 0.432275987012 8.5316729237e-09 0.766032421821 0.377858044022 0.999999932009 0.062625 0 0
24.8 13 8 0.433524040061 8.59505910888e-09 0.765598116324 0.37678433072 0.999999933139 0.062624 0 0
24.9 13 8 0.434771952741 9.67626648262e-09 0.765168485151 0.375715443299 0.999999943052 0.053058 0 0
25 14 9 0.436115943304 8.70909322437e-09 0.76474349873 0.374651395607 0.999999933969 0.053709 0 0
25.1 14 8 0.437271816567 8.78486805522e-09 0.76432314955 0.373592167563 0.99999993835 0.063175 0 0
25.2 14 8 0.438523490158 8.84520579003e-09 0.763907383772 0.372537786222 0.999999946293 0.062731 0 0
25.3 14 8 0.439774787865 8.90814610965e-09 0.763496177578 0.371488234688 0.999999952578 0.062542 0 0
25.4 13 8 0.441026559081 9.28345960454e-09 0.763089476157 0.370443503053 0.999999940905 0.062729 0 0
25.5 13 8 0.442279746836 9.02324193142e-09 0.762687234405 0.369403580546 0.999999953423 0.053048 0 0
25.6 13 8 0.44353382819 9.08711328407e-09 0.762289384818 0.368368491589 0.999999956957 0.053196 0 0
25.7 14 8 0.444788592355 9.13848863249e-09 0.761895869277 0.367338224966 0.999999955638 0.05312 0 0
25.8 14 8 0.446045319904 9.20210907474e-09 0.761506621853 0.366312777742 0.999999943035 0.062294 0 0
25.9 13 8 0.447303517827 9.25140852814e-09 0.761121579147 0.365292132585 0.999999943494 0.062548 0 0
26 13 8 0.448562755895 9.31040999852e-09 0.760740658986 0.364276292411 0.999999957927 0.053172 0 0
26.1 13 8 0.449824603657 9.3631018494e-09 0.760363777048 0.363265257828 0.999999957714 0.053014 0 0
26.2 13 8 0.451087582198 9.41367606089e-09 0.759990866067 0.362259028583 0.99999996165 0.052816 0 0
26.3 13 8 0.452351612074 9.45909595096e-09 0.759621842619 0.361257586935 0.999999960658 0.054622 0 0
26.4 13 8 0.453616155621 9.50903200625e-09 0.759256630257 0.360260926663 0.999999963974 0.054183 0 0
26.5 13 8 0.454882912269 9.55649026579e-09 0.758895149152 0.359269042062 0.999999963388 0.052921 0 0
26.6 13 8 0.456151256123 9.59566026637e-09 0.758537322959 0.35828192349 0.999999960005 0.052711 0 0
26.7 13 8 0.457419488595 9.63825919076e-09 0.758183075448 0.357299561746 0.999999963633 0.052707 0 0
26.8 13 8 0.458689218587 9.67943980523e-09 0.757832329537 0.356321950855 0.999999963388 0.053102 0 0
26.9 13 9 0.460100457035 9.71358971036e-09 0.757485014437 0.355349080195 0.999999961609 0.053012 0 0
27 13 9 0.461398693481 9.74706737544e-09 0.757141064582 0.354380939511 0.999999958718 0.052859 0 0
27.1 13 9 0.462816386949 9.90947612856e-09 0.756800395601 0.353417519597 0.999999945112 0.053038 0 0
27.2 14 9 0.464147850957 6.34714714121e-09 0.756462960563 0.352458806527 0.999999954877 0.052932 0 0
27.3 14 9 0.465471241753 8.59237140388e-09 0.756128698632 0.351504802096 0.999999942833 0.04595 0 0
27.4 14 9 0.46678405496 4.45526937565e-09 0.755797563558 0.350555491521 0.999999932505 0.054712 0 0
27.5 13 9 0.468194072798 9.81098435826e-09 0.755469514728 0.349610862626 0.999999957164 0.055194 0 0
27.6 13 9 0.469603149376 9.7727861359e-09 0.755144483716 0.348670919643 0.999999961209 0.053447 0 0
27.7 13 9 0.471013106927 9.78844061361e-09 0.754822439693 0.347735643222 0.999999950449 0.053388 0 0
27.8 13 9 0.4724187075 9.79928294065e-09 0.754503374008 0.34680502233 0.999999957576 0.053465 0 0
27.9 13 9 0.473822295904 9.80240799642e-09 0.754187248022 0.34587905258 0.999999956849 0.053743 0 0
28 13 9 0.47522178987 9.79557290837e-09 0.75387405 0.34495772114 0.999999956984 0.053971 0 0
28.1 13 9 0.47661704472 9.78185321632e-09 0.753563771259 0.344041023333 0.999999959343 0.053485 0 0
28.2 13 9 0.478009272266 9.76108061046e-09 0.753256403326 0.343128949137 0.999999959869 0.053148 0 0
28.3 13 9 0.47939900611 9.73517655378e-09 0.752951947114 0.342221489948 0.999999961625 0.053518 0 0
28.4 13 9 0.480783049501 9.70428892799e-09 0.752650411264 0.34131863703 0.999999964328 0.053719 0 0
28.5 13 9 0.482163389408 9.66997992791e-09 0.752351800834 0.340420385045 0.999999965755 0.054119 0 0
28.6 13 9 0.483546034349 9.63245205821e-09 0.75205613025 0.339526724897 0.999999959172 0.053499 0 0
28.7 14 9 0.484915293793 4.41789993477e-09 0.75176342189 0.338637647839 0.999999967667 0.053424 0 0
28.8 14 9 0.48627939086 9.14587325775e-09 0.751473681497 0.337753154527 0.999999959452 0.045905 0 0
28.9 14 9 0.487639884832 4.35723224168e-09 0.751186952678 0.336873233921 0.999999967126 0.046519 0 0
29 14 9 0.488994903 4.32261748617e-09 0.750903253501 0.335997867824 0.999999964036 0.054817 0 0
29.1 14 9 0.490342907551 4.28542190622e-09 0.750622622989 0.335127060287 0.999999959438 0.054817 0 0
29.2 14 9 0.491685731878 9.27314359564e-09 0.750345095388 0.334260806464 0.999999963656 0.046713 0 0
29.3 14 9 0.493022818065 4.20414614233e-09 0.750070699039 0.333399098503 0.999999964345 0.055041 0 0
29.4 14 9 0.494353263568 4.16050138785e-09 0.749799479131 0.332541919504 0.999999962814 0.055208 0 0
29.5 14 9 0.495677497169 4.11514045062e-09 0.749531472318 0.331689270891 0.999999960783 0.055421 0 0
29.6 14 9 0.49699533475 4.06827183053e-09 0.749266717349 0.330841148015 0.999999962179 0.054733 0 0
29.7 14 9 0.49830513046 4.10339973111e-09 0.749005249158 0.329997542857 0.999999954037 0.055256 0 0
29.8 14 9 0.499611096543 9.48330451275e-09 0.748747110927 0.329158454782 0.999999957377 0.046028 0 0
29.9 14 9 0.500908532764 4.17898637917e-09 0.748492330987 0.328323872696 0.999999945662 0.054974 0 0
30 14 9 0.502200194571 9.52940007634e-09 0.74824095487 0.327493782003 0.999999948056 0.046412 0 0
