# SIAM excitation B=c_0up^dag|gs> (normalized), method=fbr
# L=100 U=0 V=0.1 dt=0.1 tmax=50 cutoff=1e-10 max_bond_dim=1024
# E_gs=-30.8928861239 gs_n_active=4 gs_bond_dim=2 gs_wall_s=11.505004
# nrm=0.707107792208
# t  n_active  bond_dim  wall_s  n0up  n0dw  ReA  ImA
0 4 2 0.007696 1 0.499999398337 0 0
0.1 4 2 0.080018 0.99996218731 0.499999398396 0 0
0.2 4 2 0.081269 0.999848850864 0.499999398575 0 0
0.3 4 2 0.06799 0.999660295039 0.499999398881 0 0
0.4 4 2 0.082006 0.999397025501 0.499999399325 0 0
0.5 4 2 0.067199 0.99905974678 0.499999399919 0 0
0.6 4 2 0.051137 0.998649358905 0.499999400682 0 0
0.7 4 2 0.081901 0.998166953098 0.499999401632 0 0
0.8 4 2 0.067636 0.997613806574 0.499999402787 0 0
0.9 4 2 0.051006 0.996991376462 0.499999404167 0 0
1 4 2 0.066269 0.996301292899 0.499999405788 0 0
1.1 4 2 0.065591 0.995545351319 0.499999407663 0 0
1.2 4 2 0.081012 0.994725503994 0.499999409801 0 0
1.3 4 2 0.081495 0.993843850882 0.499999412204 0 0
1.4 4 2 0.051494 0.99290262982 0.499999414868 0 0
1.5 4 2 0.067651 0.991904206135 0.499999417779 0 0
1.6 4 2 0.051121 0.990851061718 0.499999420916 0 0
1.7 4 2 0.051049 0.989745783645 0.499999424245 0 0
1.8 4 2 0.051972 0.98859105239 0.499999427721 0 0
1.9 4 2 0.051621 0.987389629709 0.49999943129 0 0
2 4 2 0.068335 0.986144346268 0.499999434886 0 0
2.1 4 2 0.081331 0.984858089069 0.499999438429 0 0
2.2 4 2 0.051736 0.983533788771 0.499999441831 0 0
2.3 4 2 0.051395 0.98217440695 0.499999444994 0 0
2.4 4 2 0.050315 0.980782923388 0.499999447808 0 0
2.5 4 2 0.066882 0.979362323454 0.499999450159 0 0
2.6 4 2 0.052171 0.97791558565 0.499999451924 0 0
2.7 4 2 0.053201 0.976445669379 0.499999452976 0 0
2.8 4 2 0.067485 0.974955503022 0.499999453187 0 0
2.9 4 2 0.068309 0.973447972361 0.499999452427 0 0
3 4 2 0.082246 0.971925909427 0.499999450569 0 0
3.1 4 2 0.068541 0.970392081828 0.499999447491 0 0
3.2 4 2 0.083658 0.968849182598 0.499999443076 0 0
3.3 4 2 0.052366 0.96729982063 0.499999437218 0 0
3.4 4 2 0.069085 0.965746511741 0.499999429822 0 0
3.5 4 2 0.084079 0.96419167039 0.499999420805 0 0
3.6 4 2 0.067298 0.962637602114 0.499999410103 0 0
3.7 4 2 0.052387 0.961086496683 0.499999397667 0 0
3.8 4 2 0.082605 0.959540422033 0.499999383469 0 0
3.9 4 2 0.067922 0.958001318975 0.499999371534 0 0
4 4 2 0.068502 0.9564709967 0.499999362609 0 0
4.1 4 2 0.070429 0.954951129104 0.499999352758 0 0
4.2 4 2 0.082154 0.953443251929 0.499999342005 0 0
4.3 4 2 0.067735 0.951948760722 0.499999330388 0 0
4.4 4 2 0.067878 0.950468909605 0.499999317954 0 0
4.5 4 2 0.067325 0.94900481086 0.499999304762 0 0
4.6 4 2 0.067899 0.947557435296 0.499999290879 0 0
4.7 4 2 0.068337 0.946127613395 0.499999276382 0 0
4.8 4 2 0.083225 0.944716037206 0.499999261359 0 0
4.9 4 2 0.067896 0.943323262957 0.499999245903 0 0
5 4 2 0.067459 0.941949714359 0.499999230112 0 0
5.1 4 2 0.067967 0.940595686564 0.499999214094 0 0
5.2 4 2 0.051213 0.939261350737 0.499999197955 0 0
5.3 4 2 0.051676 0.937946759193 0.499999181809 0 0
5.4 4 2 0.052256 0.936651851071 0.499999165765 0 0
5.5 4 2 0.052143 0.935376458479 0.499999149938 0 0
5.6 4 2 0.069494 0.934120313062 0.499999134436 0 0
5.7 4 2 0.068668 0.932883052955 0.499999119366 0 0
5.8 4 2 0.068875 0.931664230055 0.49999910483 0 0
5.9 4 2 0.082158 0.93046331755 0.499999090924 0 0
6 4 2 0.067252 0.929279717677 0.499999077737 0 0
6.1 4 2 0.069164 0.928112769621 0.499999065352 0 0
6.2 4 2 0.069699 0.926961757528 0.499999053839 0 0
6.3 4 2 0.082264 0.92582591855 0.499999043262 0 0
6.4 4 2 0.052473 0.924704450895 0.499999033674 0 0
6.5 4 2 0.083138 0.92359652181 0.499999025116 0 0
6.6 4 2 0.052318 0.922501275454 0.499999017619 0 0
6.7 4 2 0.070955 0.921417840607 0.499999011203 0 0
6.8 4 2 0.085577 0.920345338175 0.499999005878 0 0
6.9 4 2 0.069864 0.919282888441 0.499999001642 0 0
7 4 2 0.069897 0.918229618019 0.499998998485 0 0
7.1 4 2 0.070057 0.917184666476 0.499998996383 0 0
7.2 4 2 0.083517 0.916147192591 0.499998994878 0 0
7.3 4 2 0.068839 0.915116380202 0.499998994897 0 0
7.4 4 2 0.069173 0.914091443633 0.499998996994 0 0
7.5 4 2 0.069947 0.913071632663 0.499998998979 0 0
7.6 4 2 0.069524 0.912056237019 0.499999001791 0 0
7.7 4 2 0.068902 0.91104459038 0.499999005367 0 0
7.8 4 2 0.084281 0.910036073875 0.499999009638 0 0
7.9 4 2 0.052861 0.909030119061 0.499999014533 0 0
8 4 2 0.052603 0.908026210392 0.499999019979 0 0
8.1 4 2 0.051945 0.907023887155 0.499999025902 0 0
8.2 4 2 0.068875 0.906022744899 0.499999032224 0 0
8.3 4 2 0.052429 0.905022436345 0.499999038872 0 0
8.4 4 2 0.051733 0.904022671793 0.499999045771 0 0
8.5 4 2 0.050811 0.903023219046 0.499999052848 0 0
8.6 4 2 0.052278 0.902023902859 0.49999906003 0 0
8.7 4 2 0.068719 0.901024603932 0.499999067247 0 0
8.8 4 2 0.067642 0.900025257479 0.499999074433 0 0
8.9 4 2 0.082662 0.899025851388 0.499999081522 0 0
9 4 2 0.051384 0.898026424008 0.499999088451 0 0
9.1 4 2 0.066764 0.897027061585 0.49999909516 0 0
9.2 4 2 0.067974 0.896027895385 0.49999910159 0 0
9.3 4 2 0.069138 0.895029098535 0.499999107686 0 0
9.4 4 2 0.068894 0.894030882612 0.499999113394 0 0
9.5 4 2 0.068277 0.893033494028 0.499999118662 0 0
9.6 4 2 0.06968 0.892037210231 0.499999128305 0 0
9.7 4 2 0.068935 0.891042335771 0.499999137041 0 0
9.8 4 2 0.053236 0.890049198262 0.499999144774 0 0
9.9 4 2 0.068871 0.889058144276 0.49999915141 0 0
10 4 2 0.083251 0.888069535217 0.49999915686 0 0
10.1 4 2 0.069408 0.887083743183 0.499999161037 0 0
10.2 4 2 0.069454 0.886101146885 0.499999163858 0 0
10.3 4 2 0.052385 0.885122127628 0.499999165245 0 0
10.4 4 2 0.084114 0.884147065405 0.499999165124 0 0
10.5 4 2 0.069114 0.883176335114 0.499999163428 0 0
10.6 4 2 0.05247 0.882210302954 0.499999160094 0 0
10.7 4 2 0.068937 0.881249322994 0.499999155067 0 0
10.8 4 2 0.053225 0.880293733966 0.499999148299 0 0
10.9 4 2 0.084222 0.879343856286 0.499999139753 0 0
11 4 2 0.069588 0.878399989331 0.499999131976 0 0
11.1 4 2 0.083884 0.877462408984 0.499999125801 0 0
11.2 4 2 0.068362 0.876531365462 0.499999118624 0 0
11.3 4 2 0.052634 0.875607081438 0.499999110446 0 0
11.4 4 2 0.069567 0.874689750469 0.499999101274 0 0
11.5 4 2 0.052754 0.873779535725 0.499999091124 0 0
11.6 4 2 0.05274 0.872876569034 0.499999080018 0 0
11.7 4 2 0.069526 0.871980950234 0.499999067988 0 0
11.8 4 2 0.069657 0.871092746837 0.499999055073 0 0
11.9 4 2 0.06814 0.870211993993 0.499999041318 0 0
12 4 2 0.069407 0.86933869475 0.499999026779 0 0
12.1 4 2 0.083389 0.868472820597 0.499999011518 0 0
12.2 4 2 0.081786 0.867614312285 0.499998995606 0 0
12.3 4 2 0.068147 0.866763080907 0.499998979121 0 0
12.4 4 2 0.051633 0.865919009213 0.499998962145 0 0
12.5 4 2 0.06814 0.865081953163 0.499998944769 0 0
12.6 4 2 0.083795 0.864251743674 0.499998927088 0 0
12.7 4 2 0.084266 0.86342818856 0.499998909202 0 0
12.8 4 2 0.084567 0.862611074634 0.499998891212 0 0
12.9 4 2 0.070265 0.861800169952 0.499998873224 0 0
13 4 2 0.069456 0.86099522617 0.499998855344 0 0
13.1 4 2 0.069538 0.860195981 0.499998837678 0 0
13.2 4 2 0.068526 0.859402160736 0.49999882033 0 0
13.3 4 2 0.082232 0.858613482822 0.499998803405 0 0
13.4 4 2 0.08351 0.857829658444 0.499998787002 0 0
13.5 4 2 0.068524 0.85705039512 0.499998771215 0 0
13.6 4 2 0.081851 0.856275399262 0.499998756135 0 0
13.7 4 2 0.053034 0.855504378699 0.499998741845 0 0
13.8 4 2 0.083715 0.854737045114 0.499998728422 0 0
13.9 4 2 0.084131 0.853973116415 0.499998715935 0 0
14 4 2 0.070127 0.853212318974 0.499998704443 0 0
14.1 4 2 0.069824 0.852454389755 0.499998693998 0 0
14.2 4 2 0.068962 0.851699078293 0.499998684642 0 0
14.3 4 2 0.069429 0.850946148518 0.499998676408 0 0
14.4 4 2 0.068676 0.850195380407 0.499998669319 0 0
14.5 4 2 0.051632 0.849446571452 0.499998663388 0 0
14.6 4 2 0.069141 0.848699537944 0.49999865862 0 0
14.7 4 2 0.069142 0.84795411605 0.499998655011 0 0
14.8 4 2 0.052723 0.847210162694 0.499998652546 0 0
14.9 4 2 0.069543 0.846467556222 0.499998651206 0 0
15 4 2 0.068013 0.845726196868 0.49999865096 0 0
15.1 4 2 0.083263 0.844986006998 0.499998651775 0 0
15.2 4 2 0.06907 0.84424693116 0.499998653607 0 0
15.3 4 2 0.083327 0.843508935923 0.499998656411 0 0
15.4 4 2 0.06846 0.842772009519 0.499998660135 0 0
15.5 4 2 0.067651 0.842036161297 0.499998664723 0 0
15.6 4 2 0.052285 0.841301420995 0.499998670117 0 0
15.7 4 2 0.052076 0.840567837841 0.499998676257 0 0
15.8 4 2 0.0691 0.839835479493 0.499998683081 0 0
15.9 4 2 0.068256 0.839104430836 0.499998690526 0 0
16 4 2 0.067674 0.838374792642 0.499998698529 0 0
16.1 4 2 0.082096 0.837646680113 0.499998707029 0 0
16.2 4 2 0.069016 0.836920221325 0.499998715964 0 0
16.3 4 2 0.083243 0.836195555585 0.499998725274 0 0
16.4 4 2 0.068828 0.835472831713 0.499998734904 0 0
16.5 4 2 0.068042 0.834752206281 0.499998744797 0 0
16.6 4 2 0.068555 0.834033841809 0.499998754904 0 0
16.7 4 2 0.069209 0.833317904945 0.499998765176 0 0
16.8 4 2 0.069472 0.832604564649 0.499998775569 0 0
16.9 4 2 0.069349 0.831893990386 0.499998786044 0 0
17 4 2 0.068822 0.831186350354 0.499998796566 0 0
17.1 4 2 0.053254 0.830481809759 0.499998807104 0 0
17.2 4 2 0.083979 0.829780529152 0.499998817634 0 0
17.3 4 2 0.069464 0.829082662846 0.499998828137 0 0
17.4 4 2 0.083576 0.828388357417 0.499998838599 0 0
17.5 4 2 0.069617 0.82769775031 0.499998849013 0 0
17.6 4 2 0.08653 0.82701096856 0.49999885938 0 0
17.7 4 2 0.071057 0.82632812763 0.499998869705 0 0
17.8 4 2 0.085937 0.825649330385 0.499998880004 0 0
17.9 4 2 0.068947 0.824974666201 0.499998890299 0 0
18 4 2 0.069725 0.824304210218 0.499998900618 0 0
18.1 4 2 0.052256 0.823638022743 0.499998911001 0 0
18.2 4 2 0.053538 0.8229761488 0.499998921495 0 0
18.3 4 2 0.053006 0.822318617836 0.499998932156 0 0
18.4 4 2 0.069216 0.821665443578 0.499998943048 0 0
18.5 4 2 0.052816 0.821016624041 0.499998954244 0 0
18.6 4 2 0.084007 0.820372141681 0.499998965829 0 0
18.7 4 2 0.053435 0.819731963697 0.499998977893 0 0
18.8 4 2 0.069983 0.819096042472 0.499998990537 0 0
18.9 4 2 0.053026 0.818464316138 0.499999003868 0 0
19 4 2 0.069374 0.817836709277 0.499999018003 0 0
19.1 4 2 0.052478 0.817213133731 0.499999033064 0 0
19.2 4 2 0.083351 0.816593489518 0.49999904918 0 0
19.3 4 2 0.068914 0.815977665851 0.499999066487 0 0
19.4 4 2 0.051787 0.815365542235 0.499999085121 0 0
19.5 4 2 0.068362 0.814756989639 0.499999105224 0 0
19.6 4 2 0.052637 0.814151871733 0.499999126939 0 0
19.7 4 2 0.051976 0.81355004617 0.499999150408 0 0
19.8 4 2 0.068757 0.812951365908 0.499999175774 0 0
19.9 4 2 0.068969 0.812355680547 0.499999203173 0 0
20 4 2 0.052361 0.811762837687 0.499999232739 0 0
20.1 4 2 0.083945 0.811172684278 0.4999992646 0 0
20.2 4 2 0.069778 0.810585067952 0.499999298873 0 0
20.3 4 2 0.069116 0.809999838333 0.499999335668 0 0
20.4 4 2 0.069513 0.809416848308 0.499999375082 0 0
20.5 4 2 0.053237 0.808835955243 0.499999417198 0 0
20.6 4 2 0.069429 0.808257022142 0.499999462088 0 0
20.7 4 2 0.083525 0.807679918734 0.499999509803 0 0
20.8 4 2 0.052561 0.807104522481 0.499999560382 0 0
20.9 4 2 0.072766 0.806530719499 0.499999613842 0 0
21 4 2 0.083945 0.80595840538 0.499999670183 0 0
21.1 4 2 0.083959 0.805387485918 0.499999729387 0 0
21.2 4 2 0.084134 0.804817877723 0.499999791413 0 0
21.3 4 2 0.052959 0.80424950873 0.499999856203 0 0
21.4 4 2 0.08586 0.803682318591 0.499999923677 0 0
21.5 4 2 0.085548 0.803116258951 0.499999993735 0 0
21.6 4 2 0.053475 0.802551293608 0.500000066261 0 0
21.7 4 2 0.084978 0.80198739856 0.500000141119 0 0
21.8 4 2 0.052132 0.801424561933 0.500000218154 0 0
21.9 4 2 0.069852 0.800862783797 0.500000297197 0 0
22 4 2 0.070164 0.800302075877 0.500000378064 0 0
22.1 4 2 0.084593 0.799742461153 0.500000460557 0 0
22.2 4 2 0.052427 0.799183973368 0.500000544466 0 0
22.3 4 2 0.070022 0.798626656434 0.500000629572 0 0
22.4 4 2 0.069841 0.798070563761 0.500000715646 0 0
22.5 4 2 0.086383 0.797515757501 0.500000802454 0 0
22.6 4 2 0.068953 0.79696230772 0.500000889756 0 0
22.7 4 2 0.069539 0.796410291518 0.500000977311 0 0
22.8 4 2 0.08295 0.795859792082 0.500001064877 0 0
22.9 4 2 0.068306 0.79531089771 0.50000115221 0 0
23 4 2 0.052407 0.794763700792 0.500001239072 0 0
23.1 4 2 0.052571 0.794218296773 0.500001325227 0 0
23.2 4 2 0.068983 0.793674783098 0.500001410445 0 0
23.3 4 2 0.083403 0.793133258166 0.500001494505 0 0
23.4 4 2 0.051599 0.792593820271 0.500001577193 0 0
23.5 4 2 0.052687 0.792056566579 0.500001658303 0 0
23.6 4 2 0.052011 0.791521592121 0.500001737641 0 0
23.7 4 2 0.069475 0.790988988823 0.500001815026 0 0
23.8 4 2 0.083671 0.79045884458 0.500001890286 0 0
23.9 4 2 0.08412 0.789931242384 0.500001963265 0 0
24 4 2 0.087345 0.789406259508 0.500002033816 0 0
24.1 4 2 0.052557 0.788883966757 0.50000210181 0 0
24.2 4 2 0.084558 0.788364427797 0.500002167128 0 0
24.3 4 2 0.052993 0.787847698552 0.500002229667 0 0
24.4 4 2 0.083797 0.787333826693 0.500002289336 0 0
24.5 4 2 0.07003 0.786822851204 0.50000234606 0 0
24.6 4 2 0.06854 0.786314802045 0.500002399776 0 0
24.7 4 2 0.052835 0.785809699905 0.500002450433 0 0
24.8 4 2 0.05314 0.785307556036 0.500002497995 0 0
24.9 4 2 0.069371 0.784808372198 0.500002542437 0 0
25 4 2 0.070008 0.784312140678 0.500002583748 0 0
25.1 4 2 0.053489 0.783818844412 0.500002621927 0 0
25.2 4 2 0.070989 0.783328457188 0.500002656984 0 0
25.3 4 2 0.071883 0.782840943934 0.500002688942 0 0
25.4 4 2 0.070866 0.782356261089 0.50000271783 0 0
25.5 4 2 0.07059 0.781874357055 0.500002743691 0 0
25.6 4 2 0.069605 0.781395172705 0.500002766574 0 0
25.7 4 2 0.070421 0.780918641977 0.500002786537 0 0
25.8 4 2 0.085679 0.780444692508 0.500002803647 0 0
25.9 4 2 0.0846 0.779973246334 0.500002817977 0 0
26 4 2 0.070393 0.779504220626 0.500002829606 0 0
26.1 4 2 0.08394 0.779037528465 0.50000283862 0 0
26.2 4 2 0.07068 0.778573079654 0.500002845109 0 0
26.3 4 2 0.053216 0.778110781539 0.500002849169 0 0
26.4 4 2 0.070021 0.777650539851 0.500002850899 0 0
26.5 4 2 0.070087 0.777192259554 0.500002850401 0 0
26.6 4 2 0.053855 0.776735845687 0.500002847779 0 0
26.7 4 2 0.068499 0.776281204194 0.500002843139 0 0
26.8 4 2 0.06854 0.775828242738 0.500002836589 0 0
26.9 4 2 0.068138 0.77537687149 0.500002828237 0 0
27 4 2 0.052396 0.774927003882 0.500002818189 0 0
27.1 4 2 0.069388 0.774478557321 0.500002806555 0 0
27.2 4 2 0.069031 0.774031453854 0.500002793438 0 0
27.3 4 2 0.053076 0.77358562079 0.500002778943 0 0
27.4 4 2 0.068989 0.773140991251 0.500002763171 0 0
27.5 4 2 0.084443 0.772697504674 0.500002746222 0 0
27.6 4 2 0.053201 0.772255107241 0.500002728193 0 0
27.7 4 2 0.05285 0.771813752239 0.500002709175 0 0
27.8 4 2 0.053557 0.771373400349 0.50000268926 0 0
27.9 4 2 0.084669 0.770934019869 0.500002668534 0 0
28 4 2 0.069483 0.770495586846 0.500002647079 0 0
28.1 4 2 0.053188 0.770058085152 0.500002624977 0 0
28.2 4 2 0.068478 0.769621506471 0.500002602302 0 0
28.3 4 2 0.069845 0.769185850214 0.500002579129 0 0
28.4 4 2 0.052571 0.768751123373 0.500002555529 0 0
28.5 4 2 0.069384 0.768317340287 0.500002531569 0 0
28.6 4 2 0.08593 0.767884522356 0.500002507315 0 0
28.7 4 2 0.070718 0.767452697687 0.500002482831 0 0
28.8 4 2 0.08496 0.767021900675 0.50000245818 0 0
28.9 4 2 0.071225 0.766592171539 0.500002433423 0 0
29 4 2 0.085889 0.766163555799 0.50000240862 0 0
29.1 4 2 0.055355 0.765736103717 0.500002383832 0 0
29.2 4 2 0.070469 0.765309869696 0.500002359119 0 0
29.3 4 2 0.05469 0.764884911644 0.50000233454 0 0
29.4 4 2 0.071775 0.764461290318 0.500002310157 0 0
29.5 4 2 0.069987 0.764039068646 0.500002286031 0 0
29.6 4 2 0.071506 0.763618311037 0.500002262224 0 0
29.7 4 2 0.08506 0.763199082684 0.5000022388 0 0
29.8 4 2 0.054094 0.762781448869 0.500002215823 0 0
29.9 4 2 0.07031 0.762365474278 0.500002193358 0 0
30 4 2 0.086318 0.761951222323 0.50000217147 0 0
30.1 4 2 0.07001 0.761538754494 0.500002150228 0 0
30.2 4 2 0.054279 0.761128129727 0.500002129699 0 0
30.3 4 2 0.071553 0.760719403813 0.50000210995 0 0
30.4 4 2 0.053148 0.760312628839 0.500002091051 0 0
30.5 4 2 0.084147 0.759907852667 0.500002073068 0 0
30.6 4 2 0.069332 0.759505118474 0.500002056069 0 0
30.7 4 2 0.069326 0.759104464324 0.500002040122 0 0
30.8 4 2 0.052147 0.758705922811 0.500002025291 0 0
30.9 4 2 0.070263 0.758309520744 0.500002011643 0 0
31 4 2 0.083871 0.757915278902 0.500001999239 0 0
31.1 4 2 0.069088 0.757523211844 0.500001988142 0 0
31.2 4 2 0.052125 0.757133327785 0.500001978409 0 0
31.3 4 2 0.069658 0.75674562853 0.500001970099 0 0
31.4 4 2 0.070463 0.756360109472 0.500001963265 0 0
31.5 4 2 0.053615 0.755976759655 0.500001957959 0 0
31.6 4 2 0.05489 0.755595561894 0.500001954231 0 0
31.7 4 2 0.054751 0.755216492953 0.500001952128 0 0
31.8 4 2 0.085205 0.754839523783 0.500001951693 0 0
31.9 4 2 0.052964 0.75446461981 0.500001952968 0 0
32 4 2 0.069771 0.754091741276 0.50000195599 0 0
32.1 4 2 0.084964 0.753720843624 0.500001960796 0 0
32.2 4 2 0.071777 0.753351877928 0.500001967417 0 0
32.3 4 2 0.054799 0.752984791355 0.500001975883 0 0
32.4 4 2 0.052611 0.752619527669 0.50000198622 0 0
32.5 4 2 0.070888 0.752256027755 0.500001998451 0 0
32.6 4 2 0.07198 0.751894230167 0.500002012596 0 0
32.7 4 2 0.071531 0.751534071697 0.500002028671 0 0
32.8 4 2 0.075905 0.751175487949 0.500002046687 0 0
32.9 4 2 0.092193 0.750818413925 0.500002066651 0 0
33 4 2 0.08892 0.750462784605 0.500002088566 0 0
33.1 4 2 0.086557 0.750108535529 0.500002112428 0 0
33.2 4 2 0.072163 0.749755603359 0.500002138228 0 0
33.3 4 2 0.087272 0.749403926432 0.500002165951 0 0
33.4 4 2 0.071073 0.749053445291 0.500002195574 0 0
33.5 4 2 0.073174 0.748704103183 0.500002227066 0 0
33.6 4 2 0.067224 0.748355846536 0.500002260388 0 0
33.7 4 2 0.084436 0.748008625391 0.500002295492 0 0
33.8 4 2 0.071767 0.747662393806 0.500002332321 0 0
33.9 4 2 0.070833 0.74731711021 0.500002370806 0 0
34 4 2 0.07118 0.74697273771 0.50000241087 0 0
34.1 4 2 0.054381 0.746629244361 0.500002452422 0 0
34.2 4 2 0.070827 0.746286603374 0.500002495364 0 0
34.3 4 2 0.053847 0.745944793281 0.500002539583 0 0
34.4 4 2 0.054164 0.745603798043 0.500002584957 0 0
34.5 4 2 0.054435 0.745263607106 0.500002631353 0 0
34.6 4 2 0.070002 0.744924215408 0.500002678628 0 0
34.7 4 2 0.069521 0.744585623327 0.500002726627 0 0
34.8 4 2 0.069868 0.744247836581 0.50000277519 0 0
34.9 4 2 0.083249 0.74391086608 0.500002824146 0 0
35 4 2 0.070513 0.743574727725 0.500002873318 0 0
35.1 4 2 0.070557 0.743239442165 0.500002922524 0 0
35.2 4 2 0.085632 0.742905034509 0.500002971579 0 0
35.3 4 2 0.053732 0.742571534 0.500003020294 0 0
35.4 4 2 0.086447 0.742238973651 0.500003068482 0 0
35.5 4 2 0.08642 0.74190738985 0.500003115954 0 0
35.6 4 2 0.07177 0.741576821934 0.500003162527 0 0
35.7 4 2 0.071414 0.741247311743 0.500003208023 0 0
35.8 4 2 0.071629 0.74091890315 0.50000325227 0 0
35.9 4 2 0.086251 0.740591641582 0.500003295105 0 0
36 4 2 0.088205 0.740265573525 0.500003336378 0 0
36.1 4 2 0.053803 0.739940746024 0.500003375947 0 0
36.2 4 2 0.084802 0.739617206189 0.500003413689 0 0
36.3 4 2 0.053713 0.739295000701 0.500003449492 0 0
36.4 4 2 0.072646 0.738974175324 0.500003483263 0 0
36.5 4 2 0.06999 0.738654774434 0.500003514926 0 0
36.6 4 2 0.08704 0.73833684057 0.500003544423 0 0
36.7 4 2 0.055416 0.738020413999 0.500003571713 0 0
36.8 4 2 0.055923 0.737705532313 0.500003596774 0 0
36.9 4 2 0.055042 0.737392230054 0.500003619606 0 0
37 4 2 0.066422 0.73708053837 0.500003640221 0 0
37.1 4 2 0.086236 0.736770484713 0.500003658654 0 0
37.2 4 2 0.073305 0.736462092567 0.500003674953 0 0
37.3 4 2 0.054442 0.736155381228 0.500003689183 0 0
37.4 4 2 0.072015 0.735850365614 0.500003701424 0 0
37.5 4 2 0.086743 0.735547056128 0.500003711766 0 0
37.6 4 2 0.073669 0.735245458565 0.500003720312 0 0
37.7 4 2 0.086578 0.734945574062 0.500003727174 0 0
37.8 4 2 0.070651 0.734647399092 0.500003732471 0 0
37.9 4 2 0.071987 0.73435092551 0.500003736328 0 0
38 4 2 0.088996 0.734056140636 0.500003738873 0 0
38.1 4 2 0.087769 0.733763027384 0.500003740236 0 0
38.2 4 2 0.07014 0.733471564436 0.500003740548 0 0
38.3 4 2 0.06978 0.733181726448 0.500003739936 0 0
38.4 4 2 0.053461 0.7328934843 0.500003738525 0 0
38.5 4 2 0.08688 0.732606805376 0.500003736436 0 0
38.6 4 2 0.071575 0.732321653879 0.500003733781 0 0
38.7 4 2 0.071228 0.732037991172 0.500003730668 0 0
38.8 4 2 0.070815 0.731755776141 0.500003727194 0 0
38.9 4 2 0.069891 0.731474965585 0.50000372345 0 0
39 4 2 0.067853 0.731195514618 0.500003719513 0 0
39.1 4 2 0.051442 0.730917377088 0.500003715455 0 0
39.2 4 2 0.053689 0.730640505997 0.500003711336 0 0
39.3 4 2 0.054495 0.730364853937 0.500003707204 0 0
39.4 4 2 0.055309 0.730090373516 0.500003703101 0 0
39.5 4 2 0.05503 0.729817017789 0.500003699057 0 0
39.6 4 2 0.073889 0.729544740671 0.500003695094 0 0
39.7 4 2 0.071488 0.729273497352 0.500003691225 0 0
39.8 4 2 0.087323 0.729003244683 0.500003687457 0 0
39.9 4 2 0.084333 0.728733941549 0.500003683788 0 0
40 4 2 0.072099 0.728465549224 0.500003680212 0 0
40.1 4 2 0.056537 0.728198031689 0.500003676715 0 0
40.2 4 2 0.072387 0.727931355931 0.500003673282 0 0
40.3 4 2 0.086329 0.727665492207 0.50000366989 0 0
40.4 4 2 0.054268 0.727400414274 0.500003666516 0 0
40.5 4 2 0.054586 0.727136099586 0.500003663134 0 0
40.6 4 2 0.08527 0.72687252945 0.500003659716 0 0
40.7 4 2 0.088107 0.726609689146 0.50000365623 0 0
40.8 4 2 0.072242 0.72634756801 0.500003652648 0 0
40.9 4 2 0.087214 0.726086159474 0.500003648937 0 0
41 4 2 0.076037 0.725825461067 0.500003645066 0 0
41.1 4 2 0.08829 0.725565474376 0.500003641004 0 0
41.2 4 2 0.054576 0.725306204974 0.500003636718 0 0
41.3 4 2 0.07375 0.7250476623 0.500003632176 0 0
41.4 4 2 0.086 0.724789859514 0.500003627348 0 0
41.5 4 2 0.05438 0.72453281331 0.5000036222 0 0
41.6 4 2 0.072867 0.724276543697 0.5000036167 0 0
41.7 4 2 0.072493 0.724021073755 0.500003610817 0 0
41.8 4 2 0.072471 0.72376642936 0.500003604519 0 0
41.9 4 2 0.088313 0.723512638883 0.500003597771 0 0
42 4 2 0.072057 0.723259732871 0.500003590542 0 0
42.1 4 2 0.071596 0.723007743707 0.500003582798 0 0
42.2 4 2 0.087636 0.722756705257 0.500003574506 0 0
42.3 4 2 0.072952 0.722506652505 0.500003565631 0 0
42.4 4 2 0.072013 0.722257621182 0.50000355614 0 0
42.5 4 2 0.05539 0.722009647387 0.500003546 0 0
42.6 4 2 0.070465 0.72176276721 0.500003535177 0 0
42.7 4 2 0.072426 0.721517016361 0.500003523639 0 0
42.8 4 2 0.052974 0.721272429801 0.500003511356 0 0
42.9 4 2 0.072119 0.721029041386 0.500003498297 0 0
43 4 2 0.08574 0.720786883524 0.500003484435 0 0
43.1 4 2 0.070661 0.720545986851 0.500003469744 0 0
43.2 4 2 0.072984 0.720306379922 0.500003454203 0 0
43.3 4 2 0.054771 0.720068088931 0.500003437792 0 0
43.4 4 2 0.071545 0.71983113745 0.500003420496 0 0
43.5 4 2 0.08641 0.7195955462 0.500003402301 0 0
43.6 4 2 0.0556 0.719361332851 0.500003383202 0 0
43.7 4 2 0.05363 0.719128511851 0.500003363195 0 0
43.8 4 2 0.053381 0.718897094289 0.500003342282 0 0
43.9 4 2 0.05516 0.718667087793 0.50000332047 0 0
44 4 2 0.086421 0.718438496459 0.500003297769 0 0
44.1 4 2 0.070836 0.718211320821 0.500003274197 0 0
44.2 4 2 0.055034 0.717985557845 0.500003249775 0 0
44.3 4 2 0.055022 0.717761200974 0.500003224529 0 0
44.4 4 2 0.06998 0.717538240189 0.500003198488 0 0
44.5 4 2 0.071602 0.717316662117 0.500003171688 0 0
44.6 4 2 0.072606 0.717096450163 0.500003144165 0 0
44.7 4 2 0.088296 0.716877584677 0.500003115961 0 0
44.8 4 2 0.089658 0.716660043145 0.50000308712 0 0
44.9 4 2 0.054749 0.716443800409 0.500003057688 0 0
45 4 2 0.072263 0.716228828914 0.500003027712 0 0
45.1 4 2 0.0554 0.71601509897 0.500002997242 0 0
45.2 4 2 0.086497 0.715802579036 0.500002966327 0 0
45.3 4 2 0.074256 0.715591236023 0.500002935018 0 0
45.4 4 2 0.069402 0.715381035604 0.500002903363 0 0
45.5 4 2 0.051507 0.71517194254 0.500002871411 0 0
45.6 4 2 0.069702 0.714963921006 0.500002839211 0 0
45.7 4 2 0.087182 0.714756934926 0.500002806809 0 0
45.8 4 2 0.08597 0.714550948305 0.500002774248 0 0
45.9 4 2 0.07083 0.71434592556 0.500002741572 0 0
46 4 2 0.072184 0.714141831843 0.500002708821 0 0
46.1 4 2 0.071483 0.713938633355 0.500002676032 0 0
46.2 4 2 0.071303 0.713736297648 0.500002643242 0 0
46.3 4 2 0.053515 0.713534793911 0.500002610483 0 0
46.4 4 2 0.052918 0.713334093243 0.500002577787 0 0
46.5 4 2 0.084366 0.713134168897 0.500002545182 0 0
46.6 4 2 0.072139 0.712934996511 0.500002512694 0 0
46.7 4 2 0.085408 0.712736554303 0.500002480347 0 0
46.8 4 2 0.092706 0.712538823257 0.500002448164 0 0
46.9 4 2 0.090965 0.71234178726 0.500002416163 0 0
47 4 2 0.087116 0.712145433227 0.500002384364 0 0
47.1 4 2 0.069739 0.711949751191 0.500002352783 0 0
47.2 4 2 0.069102 0.711754734355 0.500002321435 0 0
47.3 4 2 0.084675 0.711560379125 0.500002290333 0 0
47.4 4 2 0.072579 0.711366685103 0.500002259488 0 0
47.5 4 2 0.072123 0.711173655053 0.50000222891 0 0
47.6 4 2 0.054349 0.710981294839 0.500002198607 0 0
47.7 4 2 0.054085 0.710789613325 0.500002168586 0 0
47.8 4 2 0.071298 0.710598622261 0.500002138851 0 0
47.9 4 2 0.087582 0.710408336126 0.500002109405 0 0
48 4 2 0.07071 0.710218771957 0.500002080248 0 0
48.1 4 2 0.054908 0.710029949153 0.500002051378 0 0
48.2 4 2 0.08566 0.709841889252 0.500002022791 0 0
48.3 4 2 0.072039 0.709654615695 0.50000199448 0 0
48.4 4 2 0.053466 0.709468153574 0.500001966434 0 0
48.5 4 2 0.055192 0.709282529357 0.500001938642 0 0
48.6 4 2 0.072169 0.709097770613 0.500001911088 0 0
48.7 4 2 0.072046 0.708913905723 0.500001883752 0 0
48.8 4 2 0.073193 0.708730963583 0.500001856614 0 0
48.9 4 2 0.073344 0.708548973309 0.500001829649 0 0
49 4 2 0.087215 0.708367963942 0.50000180283 0 0
49.1 4 2 0.087017 0.708187964149 0.500001776125 0 0
49.2 4 2 0.087739 0.708009001939 0.500001749501 0 0
49.3 4 2 0.070075 0.707831104381 0.500001722925 0 0
49.4 4 2 0.072415 0.707654297337 0.500001696358 0 0
49.5 4 2 0.072438 0.707478605206 0.500001669762 0 0
49.6 4 2 0.072032 0.707304050687 0.500001643096 0 0
49.7 4 2 0.055386 0.707130654555 0.50000161632 0 0
49.8 4 2 0.072541 0.706958435467 0.500001589392 0 0
49.9 4 2 0.055309 0.706787409776 0.500001562273 0 0
50 4 2 0.072123 0.706617591385 0.500001534921 0 0
