# SIAM excitation B=c_0up^dag|gs> (normalized), method=fbr
# L=200 U=0.025 V=0.1 dt=0.1 tmax=100 cutoff=1e-10 max_bond_dim=1024
# E_gs=-62.7298692502 gs_n_active=20 gs_bond_dim=20 gs_wall_s=188.375447
# nrm=0.707106782161
# t  n_active  bond_dim  wall_s  n0up  n0dw  ReA  ImA
0 20 20 0.060145 1 0.556033591439 0 0
0.1 18 13 0.275101 0.999961526497 0.556028551079 0 0
0.2 17 13 0.23615 0.999846208719 0.556013439025 0 0
0.3 17 12 0.229426 0.999654352823 0.555988276676 0 0
0.4 17 12 0.229407 0.999386468398 0.555953100561 0 0
0.5 17 12 0.19431 0.99904326502 0.555907960895 0 0
0.6 17 11 0.22768 0.998625649493 0.555852921894 0 0
0.7 16 11 0.225988 0.998134721512 0.555788061576 0 0
0.8 16 11 0.22447 0.997571767796 0.555713470999 0 0
0.9 16 10 0.223793 0.996938256121 0.555629254249 0 0
1 16 10 0.253546 0.996235829143 0.555535527533 0 0
1.1 16 10 0.255511 0.995466295727 0.555432419062 0 0
1.2 16 10 0.255635 0.99463162282 0.555320068181 0 0
1.3 16 10 0.225991 0.993733926222 0.555198624853 0 0
1.4 16 10 0.255779 0.992775460588 0.555068248715 0 0
1.5 16 10 0.256457 0.991758609155 0.554929108849 0 0
1.6 16 10 0.225886 0.990685872459 0.554781382517 0 0
1.7 16 10 0.256345 0.989559856847 0.554625254709 0 0
1.8 16 10 0.256315 0.988383263133 0.55446091733 0 0
1.9 16 10 0.254688 0.98715887366 0.554288568147 0 0
2 16 10 0.25383 0.985889540362 0.5541084103 0 0
2.1 16 10 0.254202 0.984578171767 0.553920651326 0 0
2.2 16 11 0.255464 0.983227720338 0.553725502237 0 0
2.3 16 11 0.255009 0.981841169904 0.553523176944 0 0
2.4 16 11 0.25518 0.980421522808 0.553313891071 0 0
2.5 16 11 0.255439 0.978971787437 0.553097861556 0 0
2.6 17 11 0.254986 0.977494965107 0.55287530578 0 0
2.7 17 11 0.193809 0.975994037987 0.552646440685 0 0
2.8 16 10 0.257504 0.97447195754 0.552411482221 0 0
2.9 16 10 0.253451 0.972931631616 0.552170644375 0 0
3 17 10 0.253801 0.971375914629 0.551924138749 0 0
3.1 17 10 0.226073 0.969807595561 0.551672174271 0 0
3.2 16 10 0.226225 0.968229388945 0.551414955956 0 0
3.3 16 10 0.255136 0.966643924963 0.55115268468 0 0
3.4 17 10 0.256045 0.965053739781 0.55088555695 0 0
3.5 17 10 0.19443 0.963461267878 0.550613764008 0 0
3.6 17 10 0.22802 0.961868834416 0.550337491508 0 0
3.7 17 10 0.228873 0.960278648939 0.550056919639 0 0
3.8 17 10 0.25922 0.958692795915 0.549772222204 0 0
3.9 17 10 0.260315 0.957113234413 0.549483566778 0 0
4 17 10 0.259754 0.955541790595 0.549191114423 0 0
4.1 17 10 0.229034 0.953980154103 0.548895019134 0 0
4.2 17 10 0.258372 0.952429876237 0.548595428349 0 0
4.3 17 10 0.258413 0.950892367718 0.548292482482 0 0
4.4 17 10 0.229275 0.94936889666 0.547986314817 0 0
4.5 17 10 0.259079 0.947860588946 0.547677051972 0 0
4.6 17 10 0.228637 0.946368428571 0.547364813193 0 0
4.7 17 11 0.228621 0.944893257878 0.547049711397 0 0
4.8 17 10 0.259179 0.943435781322 0.546731852534 0 0
4.9 17 10 0.2595 0.941996566264 0.546411335849 0 0
5 17 10 0.228318 0.94057604725 0.546088254464 0 0
5.1 17 10 0.227882 0.939174529101 0.545762695143 0 0
5.2 17 10 0.257393 0.937792193821 0.545434738828 0 0
5.3 17 10 0.227422 0.93642910186 0.545104460647 0 0
5.4 17 10 0.22793 0.935085200365 0.544771930336 0 0
5.5 17 10 0.227468 0.933760328951 0.544437212516 0 0
5.6 17 10 0.194783 0.932454227853 0.544100367056 0 0
5.7 17 10 0.228557 0.931166543707 0.543761449243 0 0
5.8 17 10 0.228791 0.929896834978 0.543420510311 0 0
5.9 17 10 0.195714 0.928644580164 0.543077597279 0 0
6 17 10 0.195396 0.927409188125 0.542732754071 0 0
6.1 17 10 0.230028 0.926190005067 0.542386021442 0 0
6.2 17 10 0.259804 0.924986321425 0.542037437157 0 0
6.3 17 11 0.228963 0.923797378905 0.541687036313 0 0
6.4 17 11 0.228557 0.922622381686 0.541334852263 0 0
6.5 17 11 0.194431 0.921460501269 0.540980916172 0 0
6.6 17 11 0.228723 0.920310889138 0.540625257891 0 0
6.7 16 11 0.228307 0.91917267862 0.540267905797 0 0
6.8 16 11 0.224674 0.918044995812 0.539908887623 0 0
6.9 17 11 0.255987 0.916926965589 0.539548230277 0 0
7 17 11 0.22898 0.915817719709 0.539185960225 0 0
7.1 17 11 0.19573 0.91471640331 0.538822103601 0 0
7.2 17 11 0.229602 0.913622180211 0.538456686985 0 0
7.3 17 11 0.22962 0.912534238103 0.538089736637 0 0
7.4 17 11 0.230257 0.911451795843 0.53772127964 0 0
7.5 17 11 0.228456 0.910374107671 0.537351343586 0 0
7.6 17 11 0.258783 0.909300469055 0.536979956738 0 0
7.7 17 11 0.195037 0.908230218335 0.536607148037 0 0
7.8 17 11 0.228678 0.907162741599 0.536232947552 0 0
7.9 17 11 0.229446 0.906097474989 0.535857386307 0 0
8 17 11 0.228416 0.905033907345 0.535480496089 0 0
8.1 17 11 0.195657 0.903971583696 0.535102310108 0 0
8.2 17 11 0.195621 0.902910103215 0.53472286264 0 0
8.3 17 11 0.231002 0.901849123193 0.534342189129 0 0
8.4 17 11 0.231094 0.900788358489 0.533960325738 0 0
8.5 17 11 0.231213 0.899727581368 0.533577309931 0 0
8.6 17 11 0.230597 0.898666621565 0.53319318004 0 0
8.7 17 11 0.196428 0.897605363822 0.532807975451 0 0
8.8 17 11 0.261697 0.896543747916 0.532421736427 0 0
8.9 17 11 0.261201 0.895481765876 0.532034504012 0 0
9 17 11 0.230159 0.894419460742 0.531646319221 0 0
9.1 17 11 0.229454 0.893356923081 0.531257224364 0 0
9.2 17 11 0.195323 0.892294288507 0.530867261931 0 0
9.3 17 12 0.229578 0.891231734463 0.530476474762 0 0
9.4 17 11 0.229871 0.890169476945 0.530084905741 0 0
9.5 17 11 0.195866 0.889107764754 0.529692597572 0 0
9.6 17 12 0.230494 0.888046879207 0.529299593456 0 0
9.7 17 12 0.261152 0.886987128122 0.528905935727 0 0
9.8 17 12 0.195548 0.885928869805 0.528511666573 0 0
9.9 17 12 0.261397 0.884872457734 0.528116827999 0 0
10 17 12 0.22954 0.8838182569 0.527721461056 0 0
10.1 17 12 0.231765 0.882766644356 0.527325606104 0 0
10.2 17 12 0.236467 0.881718003626 0.526929302936 0 0
10.3 17 12 0.194693 0.880672720166 0.526532589967 0 0
10.4 17 12 0.229719 0.879631177659 0.526135504931 0 0
10.5 17 12 0.259757 0.878593754099 0.525738084479 0 0
10.6 17 12 0.23049 0.877560819087 0.5253403636 0 0
10.7 17 12 0.230194 0.876532730025 0.524942376463 0 0
10.8 17 12 0.261594 0.87550982764 0.524544156029 0 0
10.9 17 12 0.2302 0.874492436644 0.524145733261 0 0
11 17 12 0.231272 0.873480857762 0.523747138489 0 0
11.1 17 12 0.262068 0.872475368571 0.523348400177 0 0
11.2 17 12 0.261611 0.871476222027 0.522949545537 0 0
11.3 17 12 0.19584 0.870483641643 0.52255059992 0 0
11.4 17 12 0.260084 0.869497822886 0.522151587993 0 0
11.5 17 12 0.195317 0.868518931196 0.521752532464 0 0
11.6 17 12 0.194917 0.867547100243 0.521353454923 0 0
11.7 17 12 0.260541 0.866582431332 0.520954375649 0 0
11.8 17 12 0.229012 0.865624993941 0.520555313439 0 0
11.9 17 12 0.229439 0.86467482452 0.520156285985 0 0
12 17 12 0.195388 0.86373192829 0.519757309695 0 0
12.1 17 12 0.260278 0.862796279 0.519358400149 0 0
12.2 17 12 0.229719 0.861867819153 0.518959571669 0 0
12.3 17 12 0.261099 0.86094646225 0.518560837494 0 0
12.4 17 12 0.229558 0.860032093567 0.518162210301 0 0
12.5 17 12 0.22957 0.859124571282 0.517763701986 0 0
12.6 17 12 0.23403 0.858223728575 0.517365323575 0 0
12.7 17 12 0.195146 0.857329376303 0.516967085442 0 0
12.8 17 12 0.261076 0.856441304 0.516568997831 0 0
12.9 17 12 0.194743 0.855559283001 0.516171070233 0 0
13 17 12 0.230314 0.854683068051 0.515773312076 0 0
13.1 17 12 0.195603 0.853812400838 0.515375732233 0 0
13.2 17 12 0.26456 0.852947010774 0.514978339716 0 0
13.3 17 12 0.238916 0.852086619427 0.514581143341 0 0
13.4 17 12 0.239846 0.851230941592 0.514184151829 0 0
13.5 17 12 0.205839 0.85037968699 0.513787374153 0 0
13.6 17 12 0.273479 0.849532568113 0.513390819487 0 0
13.7 17 12 0.262412 0.848689296068 0.512994497016 0 0
13.8 17 12 0.240973 0.847849588214 0.512598416123 0 0
13.9 17 12 0.231272 0.847013166228 0.512202586728 0 0
14 17 12 0.23648 0.846179760343 0.511807019152 0 0
14.1 17 12 0.194662 0.845349113254 0.511411723854 0 0
14.2 17 12 0.232455 0.844520978797 0.511016712042 0 0
14.3 17 12 0.204102 0.843695125553 0.510621994862 0 0
14.4 17 12 0.262059 0.842871338268 0.510227584607 0 0
14.5 17 12 0.232614 0.842049420978 0.509833493399 0 0
14.6 17 12 0.20447 0.84122919351 0.509439733991 0 0
14.7 17 12 0.240023 0.840410497403 0.509046319755 0 0
14.8 17 12 0.196407 0.839593192464 0.508653264367 0 0
14.9 17 12 0.195683 0.83877716271 0.508260581886 0 0
15 17 12 0.230524 0.837962311607 0.507868286973 0 0
15.1 17 12 0.229284 0.837148567538 0.507476394384 0 0
15.2 17 12 0.2619 0.836335877423 0.507084919227 0 0
15.3 17 12 0.260252 0.835524210561 0.506693877059 0 0
15.4 17 12 0.228333 0.834713558854 0.506303283471 0 0
15.5 17 12 0.230304 0.8339039344 0.505913154479 0 0
15.6 17 12 0.230331 0.833095370152 0.505523506097 0 0
15.7 17 12 0.196612 0.832287916724 0.505134354269 0 0
15.8 17 12 0.230718 0.831481644373 0.504745715132 0 0
15.9 17 12 0.196149 0.830676642095 0.504357604859 0 0
16 17 12 0.230622 0.829873012767 0.503970039495 0 0
16.1 17 12 0.230106 0.829070871516 0.503583034899 0 0
16.2 16 13 0.194955 0.828270350684 0.503196606598 0 0
16.3 16 12 0.2255 0.827471590227 0.502810770091 0 0
16.4 16 12 0.254722 0.82667473767 0.502425540476 0 0
16.5 16 12 0.254477 0.825879951285 0.502040932459 0 0
16.6 16 12 0.224013 0.82508739242 0.501656960259 0 0
16.7 16 12 0.189604 0.824297229367 0.501273638133 0 0
16.8 16 12 0.190112 0.823509629006 0.500890979385 0 0
16.9 16 12 0.224703 0.822724762256 0.500508997049 0 0
17 16 12 0.225987 0.821942795992 0.500127703423 0 0
17.1 16 12 0.234643 0.821163895162 0.499747110178 0 0
17.2 16 12 0.256189 0.820388219659 0.49936722901 0 0
17.3 16 12 0.26453 0.819615923179 0.498988070174 0 0
17.4 16 12 0.263537 0.818847151342 0.498609643687 0 0
17.5 16 12 0.198214 0.818082040321 0.498231958973 0 0
17.6 16 12 0.225749 0.817320716232 0.497855024867 0 0
17.7 16 12 0.230226 0.816563296106 0.497478849418 0 0
17.8 16 12 0.232488 0.815809880117 0.497103440217 0 0
17.9 16 12 0.25813 0.815060557085 0.496728804046 0 0
18 16 12 0.233073 0.814315402727 0.496354947458 0 0
18.1 16 13 0.233493 0.813574476062 0.49598187619 0 0
18.2 16 13 0.190158 0.812837821964 0.495609595507 0 0
18.3 16 13 0.19101 0.812105469471 0.495238110127 0 0
18.4 16 13 0.227844 0.811377431157 0.494867424448 0 0
18.5 16 13 0.198447 0.8106537054 0.494497542039 0 0
18.6 16 13 0.192359 0.809934274875 0.494128466733 0 0
18.7 16 13 0.236028 0.809219107312 0.493760201513 0 0
18.8 16 13 0.22658 0.808508155797 0.493392748879 0 0
18.9 16 13 0.225345 0.807801360029 0.493026111603 0 0
19 16 13 0.255762 0.807098645629 0.492660291885 0 0
19.1 16 13 0.256046 0.806399926586 0.492295291662 0 0
19.2 16 13 0.187974 0.805705104996 0.491931112939 0 0
19.3 16 13 0.18528 0.805014071835 0.49156775746 0 0
19.4 16 13 0.219516 0.804326709306 0.491205227075 0 0
19.5 16 13 0.22226 0.803642891492 0.49084352329 0 0
19.6 16 13 0.215817 0.802962484872 0.490482648162 0 0
19.7 16 13 0.185556 0.802285350882 0.490122603013 0 0
19.8 16 13 0.18637 0.801611345641 0.489763389997 0 0
19.9 16 13 0.217718 0.800940322534 0.489405011257 0 0
20 16 13 0.217906 0.800272132845 0.489047468721 0 0
20.1 16 13 0.250174 0.799606626964 0.488690764891 0 0
20.2 16 13 0.219082 0.798943657004 0.488334902153 0 0
20.3 16 13 0.217554 0.798283077248 0.487979883313 0 0
20.4 16 13 0.219578 0.797624744949 0.487625711193 0 0
20.5 17 13 0.186184 0.796968522421 0.487272389273 0 0
20.6 17 13 0.222832 0.796314276367 0.486919920985 0 0
20.7 17 13 0.225617 0.79566188143 0.48656830982 0 0
20.8 16 13 0.222609 0.795011219206 0.486217560186 0 0
20.9 17 13 0.187624 0.79436217965 0.485867675883 0 0
21 17 13 0.254862 0.793714662901 0.485518661735 0 0
21.1 17 13 0.222142 0.793068578593 0.485170522378 0 0
21.2 17 13 0.19067 0.79242384743 0.484823262757 0 0
21.3 17 13 0.225079 0.791780399941 0.484476888202 0 0
21.4 17 13 0.254599 0.791138180004 0.484131404087 0 0
21.5 17 13 0.25497 0.790497142067 0.483786815994 0 0
21.6 17 13 0.254691 0.789857253948 0.483443129492 0 0
21.7 17 13 0.223469 0.789218493152 0.483100350476 0 0
21.8 17 13 0.190318 0.788580850826 0.482758484942 0 0
21.9 17 13 0.224983 0.787944329318 0.482417539149 0 0
22 17 13 0.189015 0.787308941909 0.482077519031 0 0
22.1 17 13 0.253677 0.786674711471 0.481738430676 0 0
22.2 17 13 0.223868 0.786041673359 0.481400280104 0 0
22.3 17 13 0.252527 0.785409871641 0.481063073503 0 0
22.4 17 13 0.225048 0.784779359753 0.480726816719 0 0
22.5 17 13 0.252987 0.784150199155 0.480391515511 0 0
22.6 17 13 0.22419 0.783522460614 0.48005717562 0 0
22.7 17 13 0.226014 0.782896219321 0.479723802471 0 0
22.8 17 13 0.221846 0.782271557339 0.479391401757 0 0
22.9 17 13 0.225953 0.781648561386 0.479059978247 0 0
23 17 13 0.254804 0.781027322634 0.478729536905 0 0
23.1 17 13 0.222714 0.780407934013 0.47840008239 0 0
23.2 17 13 0.224231 0.7797904908 0.478071618973 0 0
23.3 17 13 0.253616 0.779175089133 0.477744150797 0 0
23.4 17 13 0.190153 0.778561824669 0.4774176815 0 0
23.5 17 13 0.1922 0.777950791559 0.477092214563 0 0
23.6 17 13 0.224714 0.777342081099 0.476767752796 0 0
23.7 17 13 0.22325 0.776735782839 0.476444299087 0 0
23.8 17 13 0.225814 0.776131981742 0.476121855813 0 0
23.9 17 13 0.192146 0.775530758091 0.475800425023 0 0
24 17 13 0.222993 0.774932185124 0.475480008443 0 0
24.1 17 13 0.223781 0.774336331107 0.475160607442 0 0
24.2 17 13 0.224951 0.773743256195 0.474842223234 0 0
24.3 17 13 0.222968 0.773153013849 0.474524856398 0 0
24.4 17 13 0.255107 0.772565648932 0.474208507445 0 0
24.5 17 13 0.223842 0.771981197852 0.473893176531 0 0
24.6 17 13 0.221607 0.771399688259 0.473578863641 0 0
24.7 17 13 0.225933 0.770821138394 0.473265568676 0 0
24.8 17 13 0.253733 0.770245557411 0.472953290874 0 0
24.9 17 13 0.222277 0.769672945873 0.472642029587 0 0
25 17 13 0.191107 0.769103294063 0.472331784133 0 0
25.1 17 13 0.252895 0.768536584512 0.472022553058 0 0
25.2 17 13 0.225699 0.767972790238 0.471714335247 0 0
25.3 17 13 0.227382 0.767411875632 0.47140712942 0 0
25.4 17 13 0.220609 0.766853796922 0.47110093429 0 0
25.5 17 13 0.22413 0.766298502784 0.470795748533 0 0
25.6 17 13 0.228684 0.765745934372 0.470491570718 0 0
25.7 17 13 0.223078 0.765196026727 0.470188399359 0 0
25.8 17 13 0.226823 0.764648709125 0.469886233062 0 0
25.9 17 13 0.195154 0.764103905365 0.469585070428 0 0
26 17 13 0.191322 0.763561533929 0.469284910239 0 0
26.1 17 13 0.228591 0.763021511013 0.468985751396 0 0
26.2 17 13 0.230961 0.762483748733 0.468687592721 0 0
26.3 17 13 0.237708 0.761948156642 0.468390433285 0 0
26.4 17 13 0.196963 0.761414643604 0.468094272221 0 0
26.5 17 13 0.261867 0.760883118586 0.467799108998 0 0
26.6 17 13 0.229104 0.760353490011 0.467504943148 0 0
26.7 17 13 0.230689 0.759825666743 0.467211774069 0 0
26.8 17 13 0.229619 0.759299560945 0.466919601417 0 0
26.9 17 13 0.258581 0.758775086466 0.466628425099 0 0
27 17 13 0.261995 0.758252160279 0.466338245439 0 0
27.1 17 13 0.227509 0.757730703942 0.466049062414 0 0
27.2 17 13 0.235752 0.757210642688 0.465760876404 0 0
27.3 17 13 0.200119 0.756691907516 0.465473687906 0 0
27.4 17 13 0.227661 0.756174435382 0.465187498041 0 0
27.5 17 13 0.260522 0.755658169776 0.464902307984 0 0
27.6 17 13 0.260956 0.75514305773 0.464618118882 0 0
27.7 17 13 0.230432 0.754629059985 0.464334931822 0 0
27.8 17 13 0.226985 0.754116138203 0.464052748258 0 0
27.9 17 13 0.224032 0.753604262441 0.463771569626 0 0
28 17 13 0.225279 0.753093411151 0.463491397523 0 0
28.1 17 13 0.197756 0.752583570511 0.463212233463 0 0
28.2 17 13 0.196952 0.752074733258 0.462934079133 0 0
28.3 17 13 0.195285 0.751566901919 0.462656936482 0 0
28.4 17 13 0.226618 0.751060082635 0.462380807515 0 0
28.5 17 13 0.228345 0.750554291151 0.462105693992 0 0
28.6 17 13 0.228238 0.750049547096 0.461831597087 0 0
28.7 17 13 0.263451 0.749545880084 0.461558518786 0 0
28.8 17 13 0.26193 0.749043322664 0.461286460259 0 0
28.9 17 13 0.227847 0.74854191433 0.461015423293 0 0
29 17 13 0.260974 0.748041698927 0.460745409022 0 0
29.1 17 13 0.228622 0.747542725401 0.460476418683 0 0
29.2 17 13 0.196284 0.747045047074 0.460208453104 0 0
29.3 17 13 0.227739 0.746548719176 0.459941513561 0 0
29.4 17 13 0.264938 0.746053799215 0.459675600764 0 0
29.5 17 13 0.19571 0.745560347529 0.459410715001 0 0
29.6 17 13 0.195783 0.745068425367 0.459146856996 0 0
29.7 17 13 0.229469 0.744578093847 0.458884025393 0 0
29.8 17 13 0.201876 0.744089413482 0.458622221805 0 0
29.9 17 13 0.237921 0.743602447073 0.458361446069 0 0
30 17 13 0.257473 0.743117252254 0.458101697676 0 0
30.1 17 13 0.225873 0.742633884847 0.457842975886 0 0
30.2 17 13 0.258085 0.742152401731 0.457585280201 0 0
30.3 17 13 0.228895 0.74167285468 0.457328609542 0 0
30.4 17 13 0.228408 0.741195292423 0.457072962922 0 0
30.5 17 13 0.229498 0.740719759249 0.456818338866 0 0
30.6 17 13 0.259294 0.740246294484 0.456564735849 0 0
30.7 17 13 0.261933 0.739774931511 0.456312152294 0 0
30.8 17 13 0.229567 0.739305700516 0.456060586284 0 0
30.9 17 13 0.195563 0.738838625769 0.455810035538 0 0
31 17 13 0.228917 0.738373722762 0.455560498251 0 0
31.1 17 13 0.257222 0.737911003571 0.45531197201 0 0
31.2 17 13 0.25836 0.737450473726 0.455064455593 0 0
31.3 17 13 0.194868 0.736992132812 0.454817945215 0 0
31.4 17 13 0.257853 0.736535974692 0.454572438342 0 0
31.5 17 13 0.194313 0.736081986418 0.454327932281 0 0
31.6 17 13 0.22857 0.735630150213 0.454084424681 0 0
31.7 17 13 0.195273 0.735180442476 0.453841912279 0 0
31.8 17 13 0.227577 0.734732831279 0.453600393768 0 0
31.9 17 13 0.194793 0.734287283821 0.453359864995 0 0
32 17 13 0.227555 0.733843760582 0.453120323638 0 0
32.1 17 13 0.229811 0.73340221592 0.452881766919 0 0
32.2 17 13 0.197425 0.732962601458 0.452644191944 0 0
32.3 17 13 0.230887 0.732524865272 0.452407596508 0 0
32.4 17 13 0.234995 0.732088952468 0.452171977928 0 0
32.5 17 13 0.229663 0.731654805647 0.451937333535 0 0
32.6 17 13 0.258805 0.731222365782 0.451703661547 0 0
32.7 17 13 0.238568 0.730791572313 0.451470959567 0 0
32.8 17 13 0.233846 0.73036236412 0.451239225578 0 0
32.9 17 13 0.232846 0.729934676633 0.451008457665 0 0
33 17 13 0.265296 0.729508446932 0.450778653942 0 0
33.1 17 13 0.196894 0.729083614411 0.450549812583 0 0
33.2 17 13 0.231871 0.728660118425 0.450321932307 0 0
33.3 17 13 0.266159 0.728237900822 0.450095011638 0 0
33.4 17 13 0.258912 0.727816905113 0.449869049214 0 0
33.5 17 13 0.261382 0.727397077972 0.449644043863 0 0
33.6 17 13 0.233293 0.726978368517 0.449419994455 0 0
33.7 17 13 0.196022 0.72656072933 0.449196899862 0 0
33.8 17 13 0.260526 0.726144118294 0.448974759659 0 0
33.9 17 13 0.262047 0.725728496074 0.448753572915 0 0
34 17 13 0.230503 0.725313829073 0.448533338754 0 0
34.1 17 13 0.234419 0.724900086558 0.448314056922 0 0
34.2 17 13 0.232622 0.724487244532 0.448095726539 0 0
34.3 17 13 0.19683 0.724075283404 0.447878347333 0 0
34.4 17 13 0.261246 0.723664188524 0.447661919253 0 0
34.5 17 13 0.264848 0.723253951381 0.447446442459 0 0
34.6 17 13 0.263914 0.722844567367 0.44723191538 0 0
34.7 17 13 0.235602 0.722436036941 0.447018337872 0 0
34.8 17 13 0.198886 0.722028366367 0.446805709306 0 0
34.9 17 13 0.266411 0.721621566607 0.44659402955 0 0
35 17 13 0.228919 0.721215652626 0.446383298904 0 0
35.1 17 13 0.263135 0.720810644617 0.446173515896 0 0
35.2 17 13 0.233667 0.720406567241 0.445964680044 0 0
35.3 17 13 0.197414 0.72000344669 0.445756790863 0 0
35.4 17 13 0.232733 0.719601313926 0.44554984771 0 0
35.5 17 13 0.236202 0.719200203323 0.445343849796 0 0
35.6 17 13 0.196969 0.718800151344 0.445138796133 0 0
35.7 17 13 0.228969 0.718401196962 0.444934686093 0 0
35.8 17 13 0.227625 0.718003380056 0.444731518791 0 0
35.9 17 13 0.262375 0.717606742561 0.444529292732 0 0
36 17 13 0.229482 0.717211326887 0.44432800652 0 0
36.1 17 13 0.196859 0.716817177132 0.444127658708 0 0
36.2 17 13 0.230365 0.716424335883 0.443928247648 0 0
36.3 17 13 0.229209 0.716032845171 0.443729771711 0 0
36.4 17 13 0.23251 0.715642746269 0.443532229136 0 0
36.5 17 13 0.197094 0.715254079048 0.443335617909 0 0
36.6 17 13 0.197232 0.714866881492 0.443139935918 0 0
36.7 17 13 0.233156 0.714481188987 0.442945181007 0 0
36.8 17 13 0.198753 0.714097035651 0.442751351125 0 0
36.9 17 13 0.234084 0.713714451127 0.442558443803 0 0
37 17 13 0.196546 0.713333462203 0.442366456334 0 0
37.1 17 13 0.232856 0.71295409208 0.442175386074 0 0
37.2 17 13 0.234656 0.712576359835 0.441985233266 0 0
37.3 17 13 0.260239 0.712200280565 0.441795990306 0 0
37.4 17 13 0.199299 0.711825865218 0.441607656359 0 0
37.5 17 13 0.232221 0.711453121173 0.441420228489 0 0
37.6 17 13 0.258097 0.711082051073 0.44123370387 0 0
37.7 17 13 0.263251 0.710712653027 0.441048079847 0 0
37.8 17 13 0.200181 0.710344920943 0.440863353184 0 0
37.9 17 13 0.260845 0.709978844857 0.440679520876 0 0
38 17 13 0.232171 0.709614410034 0.440496578842 0 0
38.1 17 14 0.232814 0.709251597671 0.440314525194 0 0
38.2 17 14 0.196605 0.708890384971 0.440133357 0 0
38.3 17 14 0.230759 0.708530746699 0.439953071369 0 0
38.4 17 14 0.196434 0.708172652265 0.439773665446 0 0
38.5 17 14 0.26282 0.707816070726 0.43959513642 0 0
38.6 17 14 0.231544 0.707460967089 0.439417481534 0 0
38.7 17 14 0.260496 0.707107303815 0.439240697951 0 0
38.8 17 14 0.196249 0.706755041947 0.439064782769 0 0
38.9 17 14 0.231682 0.706404139903 0.438889733562 0 0
39 17 14 0.260978 0.706054555984 0.438715548039 0 0
39.1 17 14 0.261658 0.705706246295 0.438542223751 0 0
39.2 17 14 0.229125 0.705359166933 0.438369758673 0 0
39.3 17 14 0.200006 0.705013273189 0.438198150137 0 0
39.4 17 14 0.262706 0.70466852128 0.438027396313 0 0
39.5 17 14 0.19664 0.704324866644 0.437857494844 0 0
39.6 17 14 0.230194 0.703982267224 0.437688443792 0 0
39.7 17 14 0.26195 0.703640681432 0.437520241629 0 0
39.8 17 14 0.229031 0.703300068917 0.437352886043 0 0
39.9 17 14 0.257825 0.70296039263 0.437186375876 0 0
40 17 14 0.232555 0.702621617211 0.437020709316 0 0
40.1 17 14 0.232861 0.702283709494 0.436855884838 0 0
40.2 17 14 0.23107 0.701946639468 0.436691900541 0 0
40.3 17 14 0.230633 0.701610380386 0.436528755332 0 0
40.4 17 14 0.23582 0.701274908492 0.436366448119 0 0
40.5 17 14 0.196535 0.700940203163 0.436204976913 0 0
40.6 17 14 0.230958 0.700606247826 0.436044340837 0 0
40.7 17 14 0.265296 0.700273029353 0.435884538629 0 0
40.8 17 14 0.229944 0.69994053813 0.435725568873 0 0
40.9 17 14 0.257486 0.699608767334 0.435567430311 0 0
41 17 14 0.232882 0.699277715615 0.435410121767 0 0
41.1 17 14 0.259684 0.698947384906 0.435253641881 0 0
41.2 17 14 0.196691 0.698617779812 0.435097989195 0 0
41.3 17 14 0.229255 0.698288908798 0.434943162605 0 0
41.4 17 14 0.227625 0.697960784372 0.434789160205 0 0
41.5 17 14 0.231839 0.697633421494 0.434635981147 0 0
41.6 17 14 0.195992 0.697306838068 0.434483623791 0 0
41.7 17 14 0.258371 0.696981054661 0.434332086747 0 0
41.8 17 14 0.19668 0.696656094329 0.434181367915 0 0
41.9 17 14 0.233681 0.69633198212 0.434031466104 0 0
42 17 14 0.228871 0.696008745099 0.433882379477 0 0
42.1 17 14 0.23016 0.695686411499 0.433734105944 0 0
42.2 17 14 0.260989 0.695365010848 0.433586643836 0 0
42.3 17 14 0.230434 0.695044573724 0.433439990965 0 0
42.4 17 14 0.228314 0.69472513081 0.433294145178 0 0
42.5 17 14 0.228311 0.694406713359 0.433149104798 0 0
42.6 17 14 0.197667 0.694089351674 0.433004867014 0 0
42.7 17 14 0.232882 0.693773076488 0.432861429774 0 0
42.8 17 14 0.229134 0.693457917294 0.432718790705 0 0
42.9 17 14 0.229326 0.693143902635 0.432576947116 0 0
43 17 14 0.231726 0.692831059316 0.432435896771 0 0
43.1 17 14 0.231825 0.692519412951 0.432295636896 0 0
43.2 17 14 0.26114 0.692208986165 0.432156164729 0 0
43.3 17 14 0.195066 0.691899800055 0.432017477256 0 0
43.4 17 14 0.229025 0.691591872285 0.431879571936 0 0
43.5 17 14 0.231545 0.6912852197 0.431742446173 0 0
43.6 17 14 0.234404 0.690979854809 0.431606096826 0 0
43.7 17 14 0.23147 0.690675787305 0.431470520847 0 0
43.8 17 14 0.262186 0.69037302331 0.431335715242 0 0
43.9 17 14 0.227319 0.690071567043 0.431201677013 0 0
44 17 14 0.227716 0.689771418364 0.431068403047 0 0
44.1 17 14 0.195868 0.68947257483 0.430935889791 0 0
44.2 17 14 0.263104 0.689175030166 0.430804134731 0 0
44.3 17 14 0.229559 0.688878775312 0.430673134429 0 0
44.4 17 14 0.19657 0.688583797825 0.430542885919 0 0
44.5 17 14 0.19637 0.688290083013 0.430413386281 0 0
44.6 17 14 0.195766 0.687997612478 0.430284632411 0 0
44.7 17 14 0.229708 0.687706365444 0.430156621461 0 0
44.8 17 14 0.26268 0.687416318921 0.430029350455 0 0
44.9 17 14 0.195761 0.687127447683 0.429902816526 0 0
45 17 14 0.231137 0.68683972455 0.429777017438 0 0
45.1 17 14 0.230196 0.686553119676 0.429651950081 0 0
45.2 17 14 0.231736 0.686267602387 0.429527611592 0 0
45.3 17 14 0.22874 0.685983140856 0.429403999413 0 0
45.4 17 14 0.227205 0.685699702122 0.429281111205 0 0
45.5 17 14 0.231159 0.685417252902 0.429158944829 0 0
45.6 17 14 0.262054 0.685135759083 0.429037497934 0 0
45.7 17 14 0.196131 0.684855186925 0.428916768122 0 0
45.8 17 14 0.230138 0.684575502378 0.428796753243 0 0
45.9 17 14 0.227744 0.684296672219 0.428677451342 0 0
46 17 14 0.258112 0.684018664459 0.428558860657 0 0
46.1 17 14 0.261424 0.683741448011 0.428440979098 0 0
46.2 17 14 0.230168 0.683464993235 0.428323804865 0 0
46.3 17 14 0.196071 0.683189271728 0.428207336215 0 0
46.4 17 14 0.261366 0.682914256903 0.42809157161 0 0
46.5 17 14 0.229474 0.682639924935 0.427976509178 0 0
46.6 17 14 0.26117 0.682366253467 0.427862147434 0 0
46.7 17 14 0.198442 0.682093223076 0.427748484402 0 0
46.8 17 14 0.234851 0.681820816463 0.42763551916 0 0
46.9 17 14 0.199252 0.68154901996 0.427523249581 0 0
47 17 14 0.231507 0.681277821362 0.427411675699 0 0
47.1 17 14 0.230902 0.681007211809 0.427300795177 0 0
47.2 17 14 0.229115 0.680737185143 0.427190605735 0 0
47.3 17 14 0.264373 0.680467738471 0.42708110657 0 0
47.4 17 14 0.198551 0.680198871649 0.426972295779 0 0
47.5 17 14 0.198815 0.679930586788 0.426864172165 0 0
47.6 17 14 0.263821 0.67966288919 0.426756734515 0 0
47.7 17 14 0.228674 0.679395786937 0.426649980783 0 0
47.8 17 14 0.2284 0.679129290039 0.426543909824 0 0
47.9 17 14 0.195362 0.678863411495 0.426438519762 0 0
48 17 14 0.196213 0.678598166267 0.42633380912 0 0
48.1 17 14 0.197045 0.678333571253 0.426229775786 0 0
48.2 17 14 0.231678 0.678069644831 0.426126418494 0 0
48.3 17 14 0.230662 0.6778064073 0.426023735273 0 0
48.4 17 14 0.195709 0.677543879727 0.425921724075 0 0
48.5 17 14 0.232876 0.677282084549 0.425820382916 0 0
48.6 17 14 0.232155 0.677021045286 0.425719710297 0 0
48.7 17 14 0.231419 0.676760785821 0.425619703631 0 0
48.8 17 14 0.229138 0.676501330385 0.425520360851 0 0
48.9 17 14 0.231922 0.676242703425 0.425421679868 0 0
49 17 14 0.229342 0.675984928288 0.425323658042 0 0
49.1 17 14 0.26025 0.675728028614 0.425226293611 0 0
49.2 17 14 0.195899 0.67547202701 0.425129583857 0 0
49.3 17 14 0.195785 0.67521694495 0.425033525925 0 0
49.4 17 14 0.262626 0.674962802667 0.42493811785 0 0
49.5 17 14 0.23433 0.674709619254 0.424843356573 0 0
49.6 17 14 0.259117 0.674457411958 0.424749239697 0 0
49.7 17 14 0.229887 0.674206196211 0.424655764406 0 0
49.8 17 14 0.229568 0.673955985469 0.424562927798 0 0
49.9 17 14 0.258062 0.673706790856 0.424470727065 0 0
50 17 14 0.22883 0.673458621722 0.424379159576 0 0
50.1 17 14 0.195431 0.673211485132 0.42428822209 0 0
50.2 17 14 0.260436 0.672965385544 0.424197912127 0 0
50.3 17 15 0.264927 0.67272032482 0.424108226879 0 0
50.4 17 15 0.263034 0.672476302234 0.424019162991 0 0
50.5 17 14 0.232623 0.67223331438 0.423930717648 0 0
50.6 17 14 0.266764 0.671991355506 0.42384288746 0 0
50.7 17 14 0.265182 0.67175041744 0.42375566964 0 0
50.8 17 14 0.203229 0.671510489464 0.423669060986 0 0
50.9 17 14 0.233258 0.671271558783 0.423583058937 0 0
51 17 14 0.234003 0.671033610298 0.423497660677 0 0
51.1 17 14 0.214178 0.670796626717 0.423412863562 0 0
51.2 17 14 0.249617 0.670560589125 0.423328664889 0 0
51.3 17 14 0.169143 0.670325476609 0.423245061661 0 0
51.4 17 14 0.177538 0.670091267018 0.423162051824 0 0
51.5 17 14 0.17839 0.66985793672 0.423079632908 0 0
51.6 17 14 0.156295 0.669625460965 0.422997802391 0 0
51.7 17 14 0.155816 0.669393814971 0.422916557704 0 0
51.8 17 14 0.155323 0.669162971822 0.422835896797 0 0
51.9 17 14 0.174423 0.668932905309 0.422755817297 0 0
52 17 14 0.173244 0.668703588745 0.422676317168 0 0
52.1 17 14 0.176762 0.668474995376 0.422597394297 0 0
52.2 17 14 0.154928 0.668247098904 0.422519046742 0 0
52.3 17 14 0.176201 0.668019873372 0.422441272535 0 0
52.4 17 14 0.155174 0.667793293805 0.422364069924 0 0
52.5 17 14 0.174388 0.667567335919 0.422287437132 0 0
52.6 17 14 0.152729 0.667341976906 0.422211372305 0 0
52.7 17 14 0.175176 0.667117194907 0.422135874077 0 0
52.8 17 14 0.131388 0.666892970036 0.422060940732 0 0
52.9 17 14 0.15583 0.666669283873 0.421986570745 0 0
53 17 14 0.136601 0.666446119772 0.4219127627 0 0
53.1 17 14 0.174686 0.666223463278 0.42183951504 0 0
53.2 17 14 0.154797 0.666001301796 0.421766826341 0 0
53.3 17 14 0.154685 0.665779624866 0.421694695184 0 0
53.4 17 14 0.156395 0.665558424447 0.421623120183 0 0
53.5 17 14 0.155645 0.665337694545 0.421552099798 0 0
53.6 17 14 0.153479 0.665117431496 0.421481632832 0 0
53.7 17 14 0.153576 0.664897634001 0.421411717818 0 0
53.8 17 14 0.173634 0.664678303143 0.421342353498 0 0
53.9 17 14 0.135289 0.664459442152 0.421273537883 0 0
54 17 14 0.140298 0.664241056068 0.421205270233 0 0
54.1 17 14 0.169306 0.664023152219 0.421137549062 0 0
54.2 17 14 0.155413 0.66380573977 0.421070372628 0 0
54.3 17 14 0.136664 0.6635888297 0.421003739513 0 0
54.4 17 14 0.157146 0.663372434612 0.420937648198 0 0
54.5 17 14 0.133895 0.663156568731 0.420872096925 0 0
54.6 17 14 0.21699 0.662941247558 0.4208070841 0 0
54.7 17 14 0.231607 0.662726487799 0.420742607868 0 0
54.8 17 14 0.195647 0.662512306831 0.420678666467 0 0
54.9 17 14 0.228006 0.662298722911 0.420615258017 0 0
55 17 14 0.229667 0.662085755083 0.420552380778 0 0
55.1 17 14 0.229577 0.661873422833 0.420490032712 0 0
55.2 17 14 0.196898 0.661661745207 0.420428211773 0 0
55.3 17 14 0.228124 0.661450741393 0.420366915863 0 0
55.4 17 14 0.196636 0.661240430509 0.420306142752 0 0
55.5 17 14 0.231607 0.661030830986 0.42024589017 0 0
55.6 17 14 0.227861 0.660821960657 0.420186155778 0 0
55.7 17 14 0.256408 0.660613836396 0.420126937289 0 0
55.8 17 14 0.260747 0.660406474053 0.420068232246 0 0
55.9 17 14 0.230373 0.660199888143 0.420010038361 0 0
56 17 14 0.228932 0.659994091797 0.41995235296 0 0
56.1 17 14 0.229176 0.65978909703 0.419895173784 0 0
56.2 17 14 0.229017 0.659584913763 0.419838498051 0 0
56.3 17 14 0.228743 0.659381549985 0.419782323449 0 0
56.4 17 14 0.257735 0.659179012477 0.419726647413 0 0
56.5 17 14 0.230178 0.658977305718 0.419671467437 0 0
56.6 17 14 0.22884 0.658776432323 0.419616780643 0 0
56.7 17 14 0.259895 0.658576392449 0.419562584545 0 0
56.8 17 14 0.230137 0.658377184749 0.419508876446 0 0
56.9 17 14 0.226284 0.658178805894 0.41945565395 0 0
57 17 14 0.194431 0.657981250374 0.419402914279 0 0
57.1 17 14 0.172612 0.657784510835 0.419350655078 0 0
57.2 17 14 0.151872 0.657588577639 0.419298873712 0 0
57.3 17 14 0.151993 0.657393439925 0.41924756774 0 0
57.4 17 14 0.150334 0.657199085024 0.419196734728 0 0
57.5 17 15 0.153515 0.657005498562 0.419146372176 0 0
57.6 17 14 0.17194 0.656812664672 0.419096477699 0 0
57.7 17 15 0.151519 0.656620566071 0.419047048938 0 0
57.8 17 15 0.150709 0.656429184807 0.418998083634 0 0
57.9 17 15 0.167821 0.656238501606 0.418949579687 0 0
58 17 15 0.152268 0.65604849625 0.418901534981 0 0
58.1 17 15 0.15273 0.655859148136 0.418853947485 0 0
58.2 17 15 0.152844 0.655670435804 0.418806815176 0 0
58.3 17 15 0.129159 0.655482337823 0.41876013612 0 0
58.4 17 15 0.133993 0.655294832944 0.418713908169 0 0
58.5 17 15 0.152393 0.655107899428 0.41866812955 0 0
58.6 17 15 0.130421 0.6549215166 0.418622798503 0 0
58.7 18 15 0.150776 0.654735663669 0.418577913373 0 0
58.8 18 15 0.156756 0.654550320928 0.418533472372 0 0
58.9 17 15 0.152834 0.65436546952 0.418489474337 0 0
59 17 15 0.132819 0.654181091394 0.418445917132 0 0
59.1 17 15 0.13031 0.653997169971 0.418402798875 0 0
59.2 17 15 0.128509 0.65381368934 0.418360118498 0 0
59.3 17 15 0.132375 0.653630636063 0.418317874341 0 0
59.4 17 15 0.129652 0.653447997111 0.418276065093 0 0
59.5 17 15 0.129798 0.65326576183 0.418234689335 0 0
59.6 17 15 0.153876 0.65308392103 0.418193745564 0 0
59.7 17 15 0.132115 0.652902467137 0.418153232291 0 0
59.8 17 15 0.151503 0.652721394637 0.418113148259 0 0
59.9 17 15 0.152136 0.65254069996 0.418073492271 0 0
60 18 15 0.152777 0.652360380479 0.418034262916 0 0
60.1 18 15 0.155743 0.65218043613 0.417995459054 0 0
60.2 18 15 0.170986 0.652000868851 0.417957079192 0 0
60.3 18 15 0.13268 0.651821681796 0.417919121513 0 0
60.4 18 15 0.155881 0.651642879935 0.417881584904 0 0
60.5 18 15 0.134617 0.651464470107 0.417844468205 0 0
60.6 18 15 0.151438 0.651286460317 0.417807770073 0 0
60.7 18 15 0.1507 0.651108860266 0.417771488742 0 0
60.8 18 15 0.134993 0.650931680281 0.417735622813 0 0
60.9 18 15 0.134919 0.650754932667 0.41770017092 0 0
61 18 16 0.130048 0.65057863005 0.417665131473 0 0
61.1 18 15 0.174846 0.65040278651 0.417630503117 0 0
61.2 18 15 0.153633 0.650227416372 0.417596284024 0 0
61.3 18 15 0.175247 0.650052534656 0.417562472747 0 0
61.4 18 15 0.180629 0.649878156973 0.417529068034 0 0
61.5 18 15 0.162334 0.649704298606 0.417496067888 0 0
61.6 17 15 0.165014 0.649530975259 0.417463470438 0 0
61.7 18 15 0.161882 0.649358202624 0.417431274674 0 0
61.8 18 15 0.183363 0.649185995777 0.41739947819 0 0
61.9 18 15 0.162448 0.649014369632 0.417368079553 0 0
62 18 15 0.162863 0.648843337742 0.41733707671 0 0
62.1 18 15 0.162211 0.6486729132 0.417306467284 0 0
62.2 18 15 0.163501 0.648503108808 0.417276250077 0 0
62.3 18 15 0.165619 0.648333935498 0.417246423321 0 0
62.4 18 15 0.1869 0.648165403363 0.41721698495 0 0
62.5 18 15 0.164857 0.647997521189 0.417187933489 0 0
62.6 18 15 0.186676 0.647830296334 0.41715926689 0 0
62.7 18 15 0.164982 0.647663734391 0.417130983345 0 0
62.8 18 15 0.166208 0.64749783995 0.417103080449 0 0
62.9 17 15 0.16494 0.647332615526 0.417075556366 0 0
63 17 15 0.145637 0.647168062241 0.417048409333 0 0
63.1 17 15 0.140154 0.647004179159 0.417021637096 0 0
63.2 17 15 0.141898 0.64684096454 0.416995237902 0 0
63.3 18 15 0.142627 0.646678414673 0.416969209723 0 0
63.4 18 15 0.187911 0.646516524082 0.416943550858 0 0
63.5 18 15 0.168011 0.646355285669 0.416918260165 0 0
63.6 18 15 0.164349 0.64619469126 0.416893334777 0 0
63.7 18 15 0.167549 0.646034730808 0.416868772993 0 0
63.8 18 15 0.188016 0.645875393195 0.416844572729 0 0
63.9 17 15 0.167225 0.645716665572 0.416820733667 0 0
64 17 15 0.163871 0.645558534946 0.416797252575 0 0
64.1 18 15 0.143976 0.645400986976 0.416774128336 0 0
64.2 18 15 0.18966 0.645244005901 0.41675135913 0 0
64.3 18 15 0.189479 0.645087575992 0.416728942831 0 0
64.4 18 16 0.163892 0.644931680621 0.416706877912 0 0
64.5 18 15 0.166172 0.644776301994 0.416685162695 0 0
64.6 18 15 0.168617 0.644621423767 0.416663795659 0 0
64.7 18 15 0.168301 0.644467029191 0.416642775286 0 0
64.8 18 15 0.166561 0.644313100344 0.416622099912 0 0
64.9 18 15 0.164068 0.6441596205 0.416601768183 0 0
65 18 15 0.188258 0.644006572407 0.416581778372 0 0
65.1 18 15 0.147049 0.643853939674 0.416562129083 0 0
65.2 18 15 0.164916 0.64370170672 0.416542818803 0 0
65.3 18 15 0.18523 0.643549858552 0.416523845993 0 0
65.4 18 15 0.168242 0.643398381741 0.416505209669 0 0
65.5 18 15 0.187623 0.64324726308 0.416486908113 0 0
65.6 18 15 0.145165 0.643096490266 0.416468939642 0 0
65.7 18 15 0.187981 0.642946052591 0.416451302739 0 0
65.8 18 15 0.168232 0.642795941104 0.416433996335 0 0
65.9 18 15 0.166187 0.642646147676 0.416417019471 0 0
66 18 15 0.164552 0.642496665817 0.416400369961 0 0
66.1 18 15 0.184738 0.642347490667 0.416384046997 0 0
66.2 18 15 0.165469 0.642198618211 0.416368049426 0 0
66.3 17 15 0.18824 0.642050046731 0.41635237546 0 0
66.4 17 15 0.167545 0.641901775592 0.416337024167 0 0
66.5 17 15 0.144653 0.64175380581 0.416321993638 0 0
66.6 17 15 0.139169 0.64160613981 0.416307282436 0 0
66.7 17 15 0.166062 0.641458781337 0.41629288944 0 0
66.8 17 15 0.166506 0.641311735614 0.416278812813 0 0
66.9 17 15 0.166217 0.641165009066 0.416265051392 0 0
67 17 15 0.163581 0.641018609539 0.416251604678 0 0
67.1 17 15 0.160127 0.64087254539 0.416238469955 0 0
67.2 17 15 0.161573 0.64072682638 0.416225646336 0 0
67.3 17 15 0.141265 0.640581463133 0.416213132121 0 0
67.4 17 15 0.163363 0.640436466887 0.416200926104 0 0
67.5 18 15 0.163521 0.640291849759 0.416189026308 0 0
67.6 18 15 0.18571 0.6401476241 0.416177431629 0 0
67.7 18 15 0.143687 0.640003802606 0.416166140142 0 0
67.8 18 15 0.141188 0.639860398148 0.416155150948 0 0
67.9 18 15 0.19142 0.639717423676 0.41614446221 0 0
68 18 15 0.187156 0.639574892473 0.416134072209 0 0
68.1 18 15 0.188417 0.639432817403 0.416123979306 0 0
68.2 18 15 0.167069 0.639291210769 0.416114181818 0 0
68.3 18 15 0.165137 0.639150084179 0.416104678226 0 0
68.4 18 15 0.164588 0.639009449427 0.416095466988 0 0
68.5 18 15 0.165737 0.638869316324 0.416086546141 0 0
68.6 18 15 0.186039 0.63872969484 0.416077914326 0 0
68.7 18 15 0.186055 0.638590594027 0.41606956967 0 0
68.8 18 15 0.186912 0.638452021097 0.416061510607 0 0
68.9 18 15 0.164711 0.63831398287 0.416053735617 0 0
69 18 15 0.167057 0.638176484529 0.416046242921 0 0
69.1 18 15 0.167327 0.638039530021 0.416039030898 0 0
69.2 18 15 0.145393 0.637903122107 0.416032097807 0 0
69.3 18 15 0.143987 0.637767262115 0.416025442118 0 0
69.4 18 15 0.165065 0.637631950015 0.416019062189 0 0
69.5 18 15 0.186294 0.637497184595 0.416012956276 0 0
69.6 18 15 0.166706 0.637362963182 0.416007122667 0 0
69.7 18 15 0.143376 0.637229281413 0.416001560063 0 0
69.8 18 15 0.167503 0.637096133584 0.415996267005 0 0
69.9 18 15 0.166234 0.636963513761 0.415991241502 0 0
70 18 15 0.166902 0.636831413425 0.415986482592 0 0
70.1 18 15 0.16647 0.63669982388 0.415981988348 0 0
70.2 18 15 0.165802 0.636568735155 0.415977757548 0 0
70.3 18 15 0.187177 0.636438135938 0.415973788743 0 0
70.4 17 15 0.188782 0.636308014532 0.415970080497 0 0
70.5 17 15 0.183098 0.63617835815 0.415966631272 0 0
70.6 18 15 0.142385 0.63604915384 0.415963439803 0 0
70.7 18 15 0.184366 0.635920387682 0.415960504726 0 0
70.8 18 15 0.166366 0.635792045649 0.415957824628 0 0
70.9 18 15 0.167093 0.635664112791 0.415955398403 0 0
71 18 15 0.167263 0.635536574961 0.415953224738 0 0
71.1 18 15 0.187107 0.635409417386 0.415951302313 0 0
71.2 18 15 0.224699 0.635282625839 0.415949629909 0 0
71.3 17 15 0.149205 0.635156186356 0.415948206439 0 0
71.4 18 15 0.183468 0.635030084765 0.415947030343 0 0
71.5 17 15 0.188939 0.634904307981 0.41594610067 0 0
71.6 17 15 0.166473 0.634778843366 0.415945416457 0 0
71.7 17 15 0.146845 0.634653678866 0.41594497619 0 0
71.8 18 15 0.143257 0.634528803754 0.415944778905 0 0
71.9 17 15 0.167261 0.634404207676 0.415944823533 0 0
72 17 15 0.165798 0.634279880895 0.415945109007 0 0
72.1 18 15 0.142938 0.634155815844 0.415945634048 0 0
72.2 17 15 0.188145 0.634032005419 0.41594639734 0 0
72.3 17 15 0.16737 0.633908443776 0.415947398324 0 0
72.4 18 15 0.144068 0.633785126441 0.415948635421 0 0
72.5 17 15 0.169373 0.633662050401 0.415950107649 0 0
72.6 18 15 0.144364 0.63353921335 0.415951813831 0 0
72.7 17 15 0.191152 0.633416614548 0.415953753122 0 0
72.8 17 15 0.166344 0.63329425454 0.415955924127 0 0
72.9 17 15 0.142217 0.633172135165 0.415958325975 0 0
73 17 15 0.164053 0.633050259003 0.415960956935 0 0
73.1 17 15 0.163759 0.632928630175 0.415963816189 0 0
73.2 17 15 0.141751 0.632807254192 0.415966902631 0 0
73.3 17 15 0.163674 0.63268613671 0.415970215042 0 0
73.4 18 15 0.143386 0.632565285227 0.415973752215 0 0
73.5 17 15 0.165426 0.632444707629 0.415977512894 0 0
73.6 17 15 0.142033 0.632324412434 0.415981496142 0 0
73.7 18 15 0.164383 0.632204409179 0.415985700609 0 0
73.8 18 15 0.166981 0.632084707838 0.415990125152 0 0
73.9 18 15 0.1456 0.631965318945 0.415994768555 0 0
74 18 15 0.145437 0.631846253167 0.415999629667 0 0
74.1 18 15 0.170995 0.631727520848 0.416004706951 0 0
74.2 18 15 0.145982 0.631609133675 0.416009999034 0 0
74.3 18 15 0.166107 0.63149110218 0.416015505121 0 0
74.4 18 15 0.168915 0.631373437239 0.41602122381 0 0
74.5 18 15 0.18573 0.631256149414 0.416027153884 0 0
74.6 18 15 0.1875 0.631139248834 0.416033294043 0 0
74.7 18 15 0.185643 0.631022745174 0.416039643086 0 0
74.8 18 15 0.167247 0.630906647902 0.416046199472 0 0
74.9 18 15 0.167441 0.630790965306 0.416052961986 0 0
75 18 15 0.186217 0.630675704925 0.41605992956 0 0
75.1 18 15 0.147453 0.630560873702 0.416067100614 0 0
75.2 18 15 0.189697 0.6304464771 0.416074474011 0 0
75.3 19 15 0.168455 0.63033252031 0.416082048547 0 0
75.4 19 15 0.147992 0.630219007052 0.416089822647 0 0
75.5 19 15 0.171944 0.630105939993 0.416097795418 0 0
75.6 19 15 0.191323 0.629993320381 0.416105965511 0 0
75.7 18 15 0.150009 0.629881149163 0.416114331449 0 0
75.8 18 15 0.169123 0.629769425289 0.41612289249 0 0
75.9 17 15 0.168093 0.629658147116 0.416131646858 0 0
76 17 15 0.167938 0.629547311175 0.416140593287 0 0
76.1 19 15 0.166997 0.629436913889 0.416149730923 0 0
76.2 18 15 0.150396 0.629326949937 0.416159058508 0 0
76.3 19 15 0.171093 0.629217413209 0.416168574837 0 0
76.4 19 15 0.28977 0.629108296346 0.416178278843 0 0
76.5 19 15 0.316702 0.628999591382 0.416188169147 0 0
76.6 19 15 0.299291 0.628891289328 0.416198244698 0 0
76.7 19 15 0.173765 0.628783380519 0.41620850467 0 0
76.8 18 15 0.197444 0.628675854642 0.416218948197 0 0
76.9 18 15 0.170404 0.62856870051 0.416229574056 0 0
77 18 15 0.190418 0.628461906823 0.416240381302 0 0
77.1 18 15 0.176723 0.628355461661 0.4162513686 0 0
77.2 18 15 0.22428 0.628249353194 0.416262535228 0 0
77.3 18 15 0.262263 0.628143569334 0.416273880088 0 0
77.4 18 15 0.270486 0.6280380979 0.416285402017 0 0
77.5 18 15 0.261587 0.62793292693 0.416297100227 0 0
77.6 18 15 0.295199 0.627828044384 0.416308973763 0 0
77.7 18 15 0.292758 0.627723438734 0.416321021655 0 0
77.8 18 15 0.251935 0.6276190987 0.416333242828 0 0
77.9 18 15 0.174541 0.627515013604 0.416345636914 0 0
78 18 15 0.196177 0.627411173538 0.416358202424 0 0
78.1 18 15 0.1931 0.627307568777 0.4163709385 0 0
78.2 18 15 0.174561 0.627204191089 0.4163838439 0 0
78.3 18 15 0.190082 0.627101032313 0.416396917954 0 0
78.4 18 15 0.191021 0.626998085698 0.416410159753 0 0
78.5 18 15 0.189387 0.626895345265 0.416423568994 0 0
78.6 18 15 0.175959 0.626792806093 0.416437144192 0 0
78.7 18 15 0.174888 0.626690464499 0.416450884471 0 0
78.8 18 15 0.190187 0.626588317174 0.416464788721 0 0
78.9 18 15 0.169409 0.626486362625 0.416478856266 0 0
79 18 15 0.19436 0.626384599934 0.41649308605 0 0
79.1 18 15 0.178269 0.626283029503 0.416507476974 0 0
79.2 18 15 0.192128 0.626181652636 0.416522028072 0 0
79.3 18 15 0.174656 0.626080472227 0.416536738079 0 0
79.4 18 15 0.171818 0.625979491242 0.416551606273 0 0
79.5 18 15 0.171836 0.625878714165 0.41656663168 0 0
79.6 18 15 0.170191 0.625778146341 0.41658181334 0 0
79.7 18 15 0.190397 0.625677793708 0.416597150109 0 0
79.8 18 15 0.16922 0.625577663142 0.416612640844 0 0
79.9 18 15 0.192768 0.625477761865 0.416628284256 0 0
80 18 15 0.192427 0.625378098019 0.416644079483 0 0
80.1 18 15 0.191302 0.625278680055 0.416660025401 0 0
80.2 18 15 0.191002 0.62517951678 0.416676121042 0 0
80.3 18 15 0.172655 0.625080618598 0.416692365207 0 0
80.4 18 15 0.192103 0.624981994055 0.416708756886 0 0
80.5 18 15 0.190955 0.624883652425 0.416725294927 0 0
80.6 18 15 0.170031 0.624785603628 0.416741978298 0 0
80.7 18 15 0.191545 0.624687856935 0.416758805878 0 0
80.8 18 15 0.172611 0.624590421589 0.416775776645 0 0
80.9 18 15 0.17289 0.624493306783 0.416792889428 0 0
81 18 15 0.171785 0.624396520913 0.416810143325 0 0
81.1 18 15 0.190105 0.624300071367 0.416827537109 0 0
81.2 18 15 0.173537 0.624203965926 0.416845069792 0 0
81.3 18 15 0.192316 0.624108211627 0.416862740468 0 0
81.4 18 15 0.172817 0.624012814518 0.416880548033 0 0
81.5 18 15 0.190692 0.623917779061 0.416898491562 0 0
81.6 18 15 0.19211 0.623823110279 0.416916570014 0 0
81.7 18 15 0.170391 0.623728811394 0.416934782469 0 0
81.8 18 15 0.192365 0.623634884757 0.41695312822 0 0
81.9 18 15 0.191422 0.623541332054 0.416971606258 0 0
82 18 15 0.190652 0.62344815342 0.416990215785 0 0
82.1 18 15 0.191885 0.62335534868 0.417008956114 0 0
82.2 18 15 0.17075 0.623262917098 0.417027826181 0 0
82.3 18 15 0.190966 0.623170856213 0.417046825379 0 0
82.4 18 15 0.171224 0.623079163099 0.417065952663 0 0
82.5 18 15 0.171083 0.622987833522 0.417085207536 0 0
82.6 18 15 0.192066 0.622896861776 0.417104589195 0 0
82.7 18 15 0.170643 0.622806243313 0.417124096857 0 0
82.8 18 15 0.191475 0.622715969643 0.417143729849 0 0
82.9 17 15 0.170889 0.622626033591 0.417163487542 0 0
83 17 15 0.146122 0.622536427346 0.417183369342 0 0
83.1 17 15 0.146869 0.622447142134 0.417203374726 0 0
83.2 17 15 0.146519 0.622358168209 0.417223503085 0 0
83.3 17 15 0.167074 0.622269496108 0.41724375379 0 0
83.4 17 15 0.145816 0.622181116169 0.41726412628 0 0
83.5 17 15 0.168828 0.622093018134 0.417284619877 0 0
83.6 17 15 0.167605 0.622005191661 0.417305234131 0 0
83.7 17 15 0.16801 0.621917626087 0.417325968383 0 0
83.8 18 15 0.168513 0.621830311411 0.417346822093 0 0
83.9 18 15 0.170555 0.621743237728 0.417367794665 0 0
84 18 15 0.170161 0.621656394576 0.417388885455 0 0
84.1 18 15 0.170492 0.621569772277 0.417410094005 0 0
84.2 18 15 0.170542 0.62148336148 0.417431419648 0 0
84.3 19 15 0.190499 0.62139715409 0.417452861942 0 0
84.4 19 15 0.150921 0.62131114173 0.417474420252 0 0
84.5 19 15 0.151893 0.621225317077 0.417496093963 0 0
84.6 19 15 0.151976 0.621139673427 0.417517882674 0 0
84.7 19 15 0.174743 0.621054204456 0.417539785627 0 0
84.8 19 15 0.175134 0.620968904916 0.417561802244 0 0
84.9 19 15 0.176344 0.62088377031 0.417583931838 0 0
85 19 15 0.17459 0.620798797461 0.417606173768 0 0
85.1 19 15 0.150684 0.620713983585 0.4176285276 0 0
85.2 19 15 0.196381 0.620629327188 0.417650992276 0 0
85.3 19 15 0.175118 0.620544827569 0.417673567338 0 0
85.4 19 15 0.152954 0.62046048459 0.417696251913 0 0
85.5 19 15 0.194642 0.620376300001 0.417719044914 0 0
85.6 19 15 0.195813 0.620292275181 0.417741946194 0 0
85.7 19 15 0.152046 0.620208413237 0.417764954926 0 0
85.8 19 15 0.194581 0.620124717399 0.417788070212 0 0
85.9 19 15 0.17473 0.620041192134 0.417811291035 0 0
86 19 15 0.173862 0.619957842378 0.417834616673 0 0
86.1 19 15 0.192959 0.619874674041 0.417858046256 0 0
86.2 19 15 0.174628 0.619791693805 0.417881578795 0 0
86.3 19 15 0.173387 0.61970890836 0.417905213462 0 0
86.4 19 15 0.15104 0.619626325136 0.417928949337 0 0
86.5 19 15 0.192565 0.619543951559 0.417952785456 0 0
86.6 19 15 0.193632 0.619461795683 0.417976721167 0 0
86.7 19 15 0.174057 0.619379865767 0.418000755348 0 0
86.8 19 15 0.173154 0.619298169779 0.418024887376 0 0
86.9 19 15 0.151608 0.61921671605 0.418049115959 0 0
87 19 15 0.193043 0.619135512834 0.418073440337 0 0
87.1 19 15 0.150674 0.61905456812 0.418097859465 0 0
87.2 19 15 0.192592 0.618973889792 0.4181223725 0 0
87.3 19 15 0.174716 0.618893485462 0.41814697847 0 0
87.4 19 15 0.17417 0.61881336183 0.418171676396 0 0
87.5 19 15 0.175761 0.618733525692 0.418196465438 0 0
87.6 19 15 0.173974 0.618653983291 0.418221344753 0 0
87.7 19 15 0.174303 0.618574739513 0.418246313283 0 0
87.8 19 15 0.174083 0.618495799479 0.41827137013 0 0
87.9 19 15 0.194313 0.618417166854 0.418296514289 0 0
88 19 15 0.194267 0.618338844993 0.418321744936 0 0
88.1 19 15 0.154746 0.618260836659 0.41834706129 0 0
88.2 19 15 0.175807 0.618183143382 0.4183724624 0 0
88.3 19 15 0.194479 0.618105766276 0.418397947717 0 0
88.4 19 15 0.174871 0.618028705133 0.418423516062 0 0
88.5 19 15 0.195188 0.61795195883 0.418449166678 0 0
88.6 19 15 0.195454 0.617875525814 0.418474899073 0 0
88.7 19 15 0.151585 0.617799403596 0.41850071232 0 0
88.8 19 15 0.194401 0.617723588784 0.418526605744 0 0
88.9 19 15 0.192907 0.617648076801 0.418552578541 0 0
89 19 15 0.151277 0.617572863101 0.41857862959 0 0
89.1 19 15 0.193995 0.617497942081 0.418604758986 0 0
89.2 19 15 0.172848 0.617423307651 0.418630965892 0 0
89.3 19 15 0.174423 0.617348952759 0.418657249875 0 0
89.4 19 15 0.151502 0.617274870297 0.418683610135 0 0
89.5 19 15 0.194412 0.617201052248 0.418710046127 0 0
89.6 19 15 0.173474 0.61712749083 0.418736557133 0 0
89.7 19 15 0.173412 0.617054177134 0.418763142668 0 0
89.8 19 15 0.193313 0.616981102834 0.41878980204 0 0
89.9 18 15 0.193044 0.616908259137 0.418816535029 0 0
90 18 15 0.170761 0.616835637044 0.418843340852 0 0
90.1 18 15 0.148543 0.616763227648 0.418870219381 0 0
90.2 18 15 0.148082 0.616691022365 0.418897169914 0 0
90.3 18 15 0.170692 0.616619012509 0.418924192168 0 0
90.4 18 15 0.148041 0.616547189581 0.418951285297 0 0
90.5 18 15 0.171707 0.616475545902 0.418978449141 0 0
90.6 18 15 0.148604 0.616404073797 0.419005683099 0 0
90.7 18 15 0.170069 0.616332766248 0.419032986621 0 0
90.8 18 15 0.170312 0.616261616617 0.419060359337 0 0
90.9 19 15 0.17083 0.616190619114 0.419087800805 0 0
91 19 15 0.174624 0.616119768398 0.419115310651 0 0
91.1 19 15 0.150988 0.616049059859 0.419142888439 0 0
91.2 19 15 0.152515 0.615978489964 0.419170533439 0 0
91.3 19 15 0.193728 0.615908055362 0.419198245285 0 0
91.4 19 15 0.193238 0.615837753731 0.419226023763 0 0
91.5 19 15 0.174059 0.615767583476 0.419253868067 0 0
91.6 19 15 0.173707 0.615697544105 0.419281777747 0 0
91.7 19 15 0.174277 0.615627635668 0.419309752079 0 0
91.8 19 15 0.17363 0.615557859168 0.419337790558 0 0
91.9 19 15 0.195447 0.615488215653 0.419365892613 0 0
92 19 15 0.193636 0.615418707915 0.419394057894 0 0
92.1 19 15 0.172601 0.615349338708 0.419422285565 0 0
92.2 19 15 0.172789 0.615280112369 0.419450575208 0 0
92.3 19 15 0.193674 0.615211033091 0.41947892608 0 0
92.4 19 15 0.172544 0.615142106115 0.419507337509 0 0
92.5 19 15 0.194186 0.615073336506 0.419535808906 0 0
92.6 19 15 0.193496 0.615004730493 0.419564339754 0 0
92.7 19 15 0.151326 0.614936295086 0.419592928621 0 0
92.8 19 15 0.150779 0.614868036571 0.419621575794 0 0
92.9 19 15 0.151053 0.614799961857 0.419650280187 0 0
93 19 15 0.194297 0.614732077896 0.419679041187 0 0
93.1 19 15 0.174384 0.614664392677 0.419707857921 0 0
93.2 19 15 0.173854 0.614596913403 0.419736729914 0 0
93.3 19 15 0.173143 0.614529647126 0.419765656346 0 0
93.4 19 15 0.194378 0.614462600853 0.419794636584 0 0
93.5 19 15 0.173697 0.614395781765 0.41982366985 0 0
93.6 19 15 0.173039 0.614329196586 0.419852755703 0 0
93.7 19 15 0.173449 0.614262851519 0.419881893259 0 0
93.8 19 15 0.182408 0.614196752762 0.419911081724 0 0
93.9 19 15 0.17977 0.614130905348 0.419940320399 0 0
94 19 15 0.153351 0.614065314616 0.41996960859 0 0
94.1 19 15 0.194096 0.613999984544 0.419998945547 0 0
94.2 19 15 0.174771 0.61393491928 0.420028330749 0 0
94.3 19 15 0.177188 0.613870122014 0.420057763358 0 0
94.4 19 15 0.151576 0.613805594965 0.420087242883 0 0
94.5 19 15 0.193971 0.613741339863 0.420116768789 0 0
94.6 19 15 0.176701 0.613677357574 0.420146340284 0 0
94.7 19 15 0.173948 0.613613648731 0.420175956553 0 0
94.8 19 15 0.174016 0.613550212396 0.420205617517 0 0
94.9 19 15 0.173823 0.613487047494 0.420235322394 0 0
95 19 15 0.173506 0.613424152095 0.420265070225 0 0
95.1 19 15 0.174385 0.613361523268 0.420294860736 0 0
95.2 19 15 0.225349 0.613299157678 0.420324693068 0 0
95.3 19 15 0.242004 0.613237051121 0.42035456692 0 0
95.4 19 15 0.228593 0.613175199137 0.420384481567 0 0
95.5 19 15 0.228756 0.613113596163 0.420414436731 0 0
95.6 19 15 0.178228 0.613052236545 0.420444431878 0 0
95.7 19 15 0.151874 0.612991114247 0.420474466037 0 0
95.8 19 15 0.153396 0.612930222324 0.420504539021 0 0
95.9 19 15 0.17417 0.612869553611 0.420534650216 0 0
96 19 15 0.17589 0.612809101126 0.420564799259 0 0
96.1 19 15 0.162436 0.612748857071 0.420594985783 0 0
96.2 19 15 0.17632 0.612688813925 0.420625209292 0 0
96.3 19 15 0.194554 0.612628963897 0.420655469431 0 0
96.4 19 15 0.17465 0.61256929937 0.420685765554 0 0
96.5 19 15 0.152715 0.612509812964 0.420716097217 0 0
96.6 19 15 0.152404 0.612450496814 0.420746464007 0 0
96.7 19 15 0.178219 0.61239134372 0.42077686611 0 0
96.8 19 15 0.196497 0.612332346648 0.420807302171 0 0
96.9 19 15 0.178158 0.612273499168 0.420837771927 0 0
97 19 15 0.17689 0.612214795105 0.420868275152 0 0
97.1 19 15 0.179598 0.612156228744 0.420898811521 0 0
97.2 19 15 0.197612 0.612097794796 0.420929380214 0 0
97.3 19 15 0.157713 0.612039488704 0.420959980816 0 0
97.4 19 15 0.230626 0.611981306432 0.42099061319 0 0
97.5 19 15 0.176543 0.611923244796 0.421021276809 0 0
97.6 19 15 0.19713 0.61186530104 0.421051971355 0 0
97.7 19 15 0.195537 0.611807473009 0.421082696161 0 0
97.8 19 15 0.289827 0.611749759546 0.421113450908 0 0
97.9 19 15 0.23161 0.611692159873 0.421144235103 0 0
98 19 15 0.264731 0.611634674267 0.421175048202 0 0
98.1 19 15 0.196543 0.611577303575 0.421205890007 0 0
98.2 19 15 0.223165 0.611520049177 0.421236759535 0 0
98.3 19 15 0.277006 0.611462913457 0.421267656438 0 0
98.4 19 16 0.199693 0.611405898908 0.42129858036 0 0
98.5 19 15 0.151718 0.611349009499 0.421329530666 0 0
98.6 19 15 0.193754 0.611292248678 0.421360507042 0 0
98.7 19 15 0.300835 0.611235621133 0.421391508877 0 0
98.8 19 15 0.237872 0.611179132124 0.421422535646 0 0
98.9 19 15 0.196665 0.611122786842 0.421453587041 0 0
99 19 15 0.153263 0.611066591289 0.421484662379 0 0
99.1 19 15 0.176708 0.611010551544 0.421515761148 0 0
99.2 19 15 0.182896 0.610954674071 0.421546882589 0 0
99.3 19 15 0.197958 0.610898964996 0.421578026309 0 0
99.4 19 15 0.176838 0.610843431262 0.421609191747 0 0
99.5 19 15 0.221209 0.610788079465 0.421640378399 0 0
99.6 19 15 0.153194 0.610732916156 0.42167158591 0 0
99.7 19 15 0.196533 0.610677947753 0.421702813306 0 0
99.8 19 15 0.175366 0.610623180758 0.421734060389 0 0
99.9 19 15 0.151723 0.610568621206 0.421765326752 0 0
100 19 15 0.176176 0.610514274468 0.421796611547 0 0
