# SIAM excitation B=c_0up^dag|gs> (normalized), method=fbr
# L=100 U=0.1 V=0.1 dt=0.1 tmax=50 cutoff=1e-12 max_bond_dim=1024
# E_gs=-30.9227535891 gs_n_active=20 gs_bond_dim=24 gs_wall_s=116.858215
# nrm=0.707106782358
# t  n_active  bond_dim  wall_s  n0up  n0dw  ReA  ImA
0 20 24 0.008577 1 0.686975496153 0 0
0.1 23 19 0.16367 0.999961337114 0.686956184629 0 0
0.2 20 18 0.19302 0.999845446078 0.686898283543 0 0
0.3 20 18 0.172238 0.999652619283 0.686801874886 0 0
0.4 19 17 0.157212 0.999383342544 0.686667094885 0 0
0.5 19 17 0.166988 0.99903829286 0.686494133419 0 0
0.6 19 17 0.132847 0.998618335302 0.68628323305 0 0
0.7 20 17 0.148289 0.998124519023 0.686034687901 0 0
0.8 20 18 0.174367 0.997558072444 0.685748842186 0 0
0.9 20 18 0.151794 0.996920397626 0.685426088651 0 0
1 20 18 0.157685 0.996213063869 0.685066866707 0 0
1.1 20 18 0.159077 0.995437800557 0.684671660409 0 0
1.2 20 18 0.175634 0.994596489321 0.684240996235 0 0
1.3 20 18 0.175727 0.993691155519 0.683775440695 0 0
1.4 20 18 0.154597 0.992723959144 0.683275597731 0 0
1.5 20 18 0.136947 0.991697185154 0.682742106108 0 0
1.6 20 19 0.141995 0.99061323328 0.682175636578 0 0
1.7 20 19 0.140673 0.989474607421 0.681576889035 0 0
1.8 20 19 0.180112 0.988283904663 0.680946589408 0 0
1.9 20 19 0.161484 0.987043803945 0.680285486804 0 0
2 20 19 0.143383 0.985757054463 0.679594350363 0 0
2.1 20 19 0.166631 0.984426463895 0.678873966215 0 0
2.2 20 19 0.144994 0.983054886475 0.678125134389 0 0
2.3 20 19 0.145245 0.981645211035 0.677348665771 0 0
2.4 20 20 0.163616 0.98020034901 0.676545379095 0 0
2.5 20 20 0.168305 0.978723222507 0.675716097983 0 0
2.6 20 20 0.150058 0.977216752508 0.674861648082 0 0
2.7 20 20 0.150379 0.975683847278 0.673982854264 0 0
2.8 20 20 0.151185 0.974127390984 0.673080537952 0 0
2.9 20 21 0.172447 0.972550232652 0.672155514545 0 0
3 20 21 0.154062 0.970955175484 0.671208590987 0 0
3.1 20 20 0.193052 0.969344966573 0.670240563455 0 0
3.2 20 20 0.153589 0.967722287107 0.669252215214 0 0
3.3 20 20 0.151793 0.966089743062 0.668244314602 0 0
3.4 20 20 0.173305 0.9644498565 0.667217613212 0 0
3.5 20 21 0.191875 0.96280505741 0.666172844212 0 0
3.6 20 21 0.174117 0.96115767623 0.665110720839 0 0
3.7 20 21 0.155913 0.959509936998 0.66403193507 0 0
3.8 20 21 0.174476 0.957863951204 0.662937156466 0 0
3.9 20 21 0.192679 0.956221712382 0.661827031175 0 0
4 20 21 0.177258 0.954585091448 0.660702181173 0 0
4.1 20 22 0.176633 0.9529558327 0.659563203558 0 0
4.2 20 22 0.178191 0.951335550656 0.658410670095 0 0
4.3 20 22 0.158269 0.949725727636 0.6572451269 0 0
4.4 20 22 0.178181 0.948127712079 0.656067094268 0 0
4.5 20 23 0.158646 0.946542717638 0.65487706668 0 0
4.6 20 23 0.196984 0.944971823002 0.653675512928 0 0
4.7 20 23 0.157841 0.943415972451 0.652462876367 0 0
4.8 20 23 0.197521 0.941875977113 0.651239575348 0 0
4.9 20 23 0.178833 0.94035251694 0.650006003705 0 0
5 20 23 0.178542 0.938846143313 0.648762531408 0 0
5.1 20 23 0.178117 0.937357282277 0.64750950527 0 0
5.2 20 23 0.177925 0.935886238396 0.64624724979 0 0
5.3 20 22 0.197032 0.934433199141 0.644976068052 0 0
5.4 20 22 0.178074 0.932998239838 0.64369624271 0 0
5.5 20 23 0.17835 0.931581329045 0.642408037037 0 0
5.6 20 22 0.179997 0.930182334375 0.641111696016 0 0
5.7 20 22 0.159351 0.928801028758 0.639807447469 0 0
5.8 20 22 0.15998 0.927437096951 0.638495503277 0 0
5.9 20 22 0.181006 0.926090142406 0.637176060547 0 0
6 20 22 0.180444 0.924759694353 0.635849302868 0 0
6.1 20 23 0.200956 0.923445215097 0.634515401506 0 0
6.2 20 24 0.182193 0.922146107381 0.633174516649 0 0
6.3 20 24 0.200418 0.920861721941 0.631826798617 0 0
6.4 20 24 0.20157 0.919591364993 0.630472389062 0 0
6.5 20 23 0.181436 0.918334305777 0.629111422122 0 0
6.6 20 24 0.181435 0.917089784017 0.627744025593 0 0
6.7 20 23 0.182938 0.91585701728 0.626370322017 0 0
6.8 20 24 0.202918 0.914635208164 0.624990429714 0 0
6.9 20 24 0.202991 0.913423551311 0.62360446382 0 0
7 20 24 0.185133 0.912221240183 0.622212537205 0 0
7.1 20 25 0.170714 0.911027473543 0.620814761364 0 0
7.2 20 24 0.16485 0.909841461674 0.619411247251 0 0
7.3 20 24 0.185316 0.908662432185 0.618002106022 0 0
7.4 20 24 0.186323 0.907489635527 0.616587449702 0 0
7.5 20 24 0.167889 0.906322350045 0.615167391813 0 0
7.6 20 24 0.207913 0.905159886668 0.613742047893 0 0
7.7 20 24 0.188917 0.904001593061 0.61231153598 0 0
7.8 21 24 0.211753 0.902846857469 0.61087597698 0 0
7.9 20 24 0.174332 0.901695111987 0.609435494977 0 0
8 20 25 0.190713 0.900545835413 0.607990217467 0 0
8.1 20 24 0.212503 0.899398555577 0.606540275533 0 0
8.2 20 24 0.212528 0.898252851211 0.60508580396 0 0
8.3 20 25 0.192996 0.897108353351 0.603626941214 0 0
8.4 20 25 0.195405 0.895964746279 0.602163829433 0 0
8.5 21 24 0.19363 0.894821767923 0.600696614339 0 0
8.6 21 24 0.176515 0.893679209922 0.599225445101 0 0
8.7 21 25 0.215436 0.892536917178 0.597750474104 0 0
8.8 21 25 0.213495 0.891394786998 0.596271856702 0 0
8.9 21 26 0.216915 0.89025276786 0.594789750934 0 0
9 22 25 0.203725 0.889110857796 0.593304317214 0 0
9.1 22 25 0.209713 0.887969102385 0.591815717927 0 0
9.2 22 25 0.206467 0.886827592512 0.590324117087 0 0
9.3 22 26 0.205592 0.885686461757 0.588829679902 0 0
9.4 22 27 0.188915 0.884545883506 0.587332572307 0 0
9.5 22 27 0.213129 0.883406067909 0.585832960619 0 0
9.6 22 26 0.218186 0.882267258568 0.584331010993 0 0
9.7 22 27 0.190633 0.88112972909 0.582826889058 0 0
9.8 22 26 0.234087 0.879993779474 0.581320759434 0 0
9.9 22 26 0.236693 0.878859732436 0.579812785282 0 0
10 22 26 0.202471 0.877727929636 0.578303127921 0 0
10.1 21 27 0.205488 0.876598727863 0.576791946421 0 0
10.2 22 26 0.229313 0.875472495245 0.575279397164 0 0
10.3 22 26 0.15698 0.874349607476 0.57376563353 0 0
10.4 22 27 0.133607 0.873230444092 0.572250805568 0 0
10.5 22 26 0.145853 0.872115384809 0.570735059614 0 0
10.6 22 27 0.146969 0.871004806017 0.569218538111 0 0
10.7 23 28 0.135936 0.869899077443 0.567701379281 0 0
10.8 24 27 0.170561 0.868798558895 0.566183716983 0 0
10.9 24 26 0.159668 0.86770359722 0.564665680497 0 0
11 24 26 0.158953 0.866614523524 0.56314739438 0 0
11.1 24 27 0.147584 0.865531650536 0.56162897839 0 0
11.2 24 27 0.161056 0.864455270277 0.560110547398 0 0
11.3 24 27 0.161439 0.86338565193 0.558592211359 0 0
11.4 24 27 0.161099 0.862323040003 0.557074075339 0 0
11.5 24 28 0.163289 0.86126765276 0.555556239494 0 0
11.6 24 28 0.151622 0.860219680933 0.554038799201 0 0
11.7 24 27 0.166231 0.859179286717 0.552521845115 0 0
11.8 24 27 0.168403 0.858146603 0.551005463333 0 0
11.9 24 27 0.179104 0.857121732956 0.549489735524 0 0
12 24 27 0.167489 0.85610474984 0.547974739131 0 0
12.1 24 27 0.155099 0.855095697095 0.546460547562 0 0
12.2 24 27 0.168694 0.85409458869 0.544947230311 0 0
12.3 24 27 0.167446 0.853101409752 0.543434853442 0 0
12.4 24 27 0.16929 0.852116117412 0.541923479724 0 0
12.5 24 28 0.154815 0.851138641863 0.54041316894 0 0
12.6 24 28 0.169172 0.850168887675 0.538903978021 0 0
12.7 24 29 0.168411 0.849206735256 0.537395961424 0 0
12.8 24 29 0.176138 0.848252042485 0.535889171447 0 0
12.9 24 29 0.194114 0.84730464659 0.534383658451 0 0
13 24 29 0.170481 0.846364366047 0.5328794712 0 0
13.1 24 29 0.18485 0.845431002668 0.531376657129 0 0
13.2 24 29 0.159672 0.844504343775 0.5298752626 0 0
13.3 24 29 0.159043 0.843584164446 0.528375333185 0 0
13.4 24 30 0.158167 0.842670229774 0.526876913937 0 0
13.5 24 30 0.157799 0.841762297217 0.525380049598 0 0
13.6 24 30 0.17307 0.840860118943 0.523884784844 0 0
13.7 24 29 0.172232 0.839963444135 0.522391164482 0 0
13.8 24 30 0.172612 0.83907202129 0.520899233656 0 0
13.9 24 30 0.180382 0.838185600479 0.519409038011 0 0
14 24 31 0.185893 0.837303935486 0.517920623848 0 0
14.1 24 30 0.178166 0.836426785936 0.516434038232 0 0
14.2 24 29 0.185751 0.835553919257 0.514949329141 0 0
14.3 24 30 0.174401 0.834685112547 0.513466545526 0 0
14.4 24 30 0.174277 0.833820154308 0.511985737362 0 0
14.5 24 31 0.179745 0.832958846058 0.510506955699 0 0
14.6 24 31 0.182223 0.832101003745 0.509030252728 0 0
14.7 24 31 0.255026 0.831246458989 0.507555681754 0 0
14.8 24 31 0.24983 0.830395060248 0.506083297182 0 0
14.9 24 32 0.254189 0.829546673691 0.504613154424 0 0
15 24 32 0.189933 0.828701183975 0.503145309926 0 0
15.1 24 32 0.168754 0.82785849475 0.501679821014 0 0
15.2 24 33 0.227604 0.827018529098 0.500216745874 0 0
15.3 24 33 0.278109 0.826181229613 0.498756143368 0 0
15.4 24 32 0.257269 0.825346558494 0.497298072984 0 0
15.5 24 34 0.295658 0.824514497333 0.495842594683 0 0
15.6 24 32 0.240192 0.823685046775 0.494389768751 0 0
15.7 24 32 0.278749 0.822858225995 0.492939655648 0 0
15.8 25 33 0.30243 0.822034072043 0.491492315886 0 0
15.9 24 32 0.259005 0.821212639006 0.490047809833 0 0
16 24 33 0.188579 0.820393997065 0.48860619757 0 0
16.1 25 32 0.191979 0.819578231428 0.487167538741 0 0
16.2 24 33 0.180118 0.818765441112 0.485731892413 0 0
16.3 24 32 0.192137 0.817955737622 0.48429931687 0 0
16.4 24 33 0.203665 0.817149243631 0.482869869495 0 0
16.5 24 33 0.191627 0.816346091495 0.481443606621 0 0
16.6 24 34 0.208871 0.815546421758 0.480020583404 0 0
16.7 25 33 0.279892 0.814750381586 0.47860085368 0 0
16.8 25 33 0.184807 0.813958123203 0.477184469845 0 0
16.9 25 33 0.186227 0.813169802241 0.475771482773 0 0
17 25 35 0.197509 0.81238557628 0.474361941667 0 0
17.1 25 35 0.201924 0.811605603159 0.472955894024 0 0
17.2 25 33 0.19961 0.810830039475 0.471553385545 0 0
17.3 25 34 0.240371 0.81005903908 0.470154460095 0 0
17.4 25 34 0.283322 0.809292751647 0.468759159639 0 0
17.5 25 36 0.287992 0.808531321278 0.467367524211 0 0
17.6 25 34 0.21088 0.807774885247 0.465979591901 0 0
17.7 25 35 0.311753 0.807023572771 0.464595398864 0 0
17.8 25 34 0.315487 0.806277503922 0.463214979332 0 0
17.9 25 35 0.256908 0.805536788611 0.461838365608 0 0
18 25 35 0.228982 0.804801525729 0.460465588133 0 0
18.1 25 34 0.213999 0.804071802374 0.459096675521 0 0
18.2 25 35 0.190012 0.803347693225 0.457731654629 0 0
18.3 25 35 0.186215 0.802629260014 0.456370550608 0 0
18.4 25 35 0.204249 0.801916551173 0.455013386992 0 0
18.5 25 35 0.217715 0.801209601554 0.453660185801 0 0
18.6 25 35 0.203901 0.800508432329 0.452310967594 0 0
18.7 25 36 0.203462 0.799813051005 0.450965751616 0 0
18.8 25 35 0.217936 0.799123451555 0.449624555866 0 0
18.9 25 36 0.203732 0.798439614679 0.448287397251 0 0
19 25 35 0.224482 0.797761508175 0.446954291661 0 0
19.1 25 34 0.203501 0.797089087444 0.445625254101 0 0
19.2 25 35 0.203376 0.796422296076 0.444300298789 0 0
19.3 25 36 0.190228 0.795761066542 0.442979439301 0 0
19.4 25 36 0.192759 0.795105320986 0.441662688658 0 0
19.5 25 36 0.218703 0.794454972086 0.440350059436 0 0
19.6 25 36 0.192996 0.79380992398 0.439041563899 0 0
19.7 25 36 0.205225 0.79317007328 0.437737214074 0 0
19.8 25 36 0.219566 0.792535310098 0.436437021874 0 0
19.9 25 36 0.194903 0.791905519152 0.435140999165 0 0
20 25 37 0.20779 0.791280580872 0.433849157861 0 0
20.1 25 37 0.210205 0.790660372522 0.432561510025 0 0
20.2 25 36 0.207199 0.790044769365 0.431278067879 0 0
20.3 25 36 0.197937 0.789433645799 0.429998843908 0 0
20.4 25 35 0.21268 0.78882687647 0.428723850901 0 0
20.5 25 36 0.227565 0.788224337399 0.427453101989 0 0
20.6 25 36 0.211982 0.787625906992 0.426186610697 0 0
20.7 25 36 0.201719 0.78703146713 0.42492439093 0 0
20.8 25 35 0.217729 0.786440904125 0.423666457002 0 0
20.9 25 36 0.203672 0.785854109593 0.422412823686 0 0
21 25 36 0.204212 0.785270981354 0.421163506162 0 0
21.1 25 36 0.217829 0.784691424159 0.419918519991 0 0
21.2 25 35 0.248212 0.784115350407 0.418677881139 0 0
21.3 25 36 0.329532 0.783542680755 0.417441605923 0 0
21.4 25 36 0.335717 0.782973344621 0.416209710981 0 0
21.5 25 36 0.2298 0.782407280622 0.414982213232 0 0
21.6 25 37 0.207215 0.781844436903 0.413759129831 0 0
21.7 25 37 0.219801 0.781284771442 0.412540478093 0 0
21.8 26 38 0.224132 0.780728251992 0.411326275511 0 0
21.9 26 38 0.244126 0.780174856362 0.410116539561 0 0
22 26 39 0.244514 0.779624572112 0.408911287737 0 0
22.1 26 40 0.214217 0.779077396572 0.40771053747 0 0
22.2 26 40 0.270276 0.778533336639 0.406514306053 0 0
22.3 26 39 0.387429 0.777992408392 0.405322610551 0 0
22.4 26 39 0.338727 0.777454636657 0.404135467773 0 0
22.5 26 39 0.346225 0.776920054598 0.402952894155 0 0
22.6 26 40 0.366367 0.776388703149 0.401774905723 0 0
22.7 26 38 0.365638 0.775860630366 0.400601518029 0 0
22.8 26 38 0.365681 0.775335890791 0.399432746093 0 0
22.9 26 38 0.365877 0.774814544729 0.398268604349 0 0
23 26 38 0.3653 0.774296657479 0.397109106544 0 0
23.1 26 40 0.298326 0.77378229855 0.39595426574 0 0
23.2 26 38 0.236645 0.773271540816 0.394804094256 0 0
23.3 26 40 0.23853 0.772764459684 0.393658603609 0 0
23.4 26 39 0.238173 0.772261132267 0.392517804522 0 0
23.5 26 38 0.253607 0.771761636476 0.391381706866 0 0
23.6 26 38 0.233351 0.771266050229 0.39025031964 0 0
23.7 26 38 0.23954 0.770774450582 0.389123650956 0 0
23.8 26 38 0.238528 0.770286912945 0.388001708037 0 0
23.9 26 40 0.236869 0.769803510274 0.386884497214 0 0
24 26 38 0.238201 0.769324312353 0.385772023915 0 0
24.1 26 38 0.25594 0.76884938506 0.384664292685 0 0
24.2 26 38 0.252918 0.768378789738 0.383561307205 0 0
24.3 26 39 0.234529 0.767912582572 0.382463070296 0 0
24.4 26 39 0.221908 0.767450814041 0.381369583966 0 0
24.5 26 39 0.241587 0.76699352848 0.38028084942 0 0
24.6 26 40 0.225499 0.766540763612 0.379196867112 0 0
24.7 26 39 0.23737 0.76609255024 0.378117636753 0 0
24.8 26 38 0.24032 0.765648911953 0.377043157385 0 0
24.9 26 39 0.254168 0.765209864924 0.375973427412 0 0
25 26 39 0.254268 0.764775417798 0.374908444651 0 0
25.1 26 39 0.223148 0.76434557161 0.373848206377 0 0
25.2 26 38 0.238001 0.76392031983 0.372792709381 0 0
25.3 26 39 0.253707 0.763499648437 0.37174195001 0 0
25.4 26 39 0.254652 0.763083536083 0.370695924233 0 0
25.5 26 39 0.242294 0.76267195431 0.369654627696 0 0
25.6 26 39 0.239566 0.762264867858 0.36861805574 0 0
25.7 26 39 0.24383 0.761862234976 0.367586203511 0 0
25.8 26 39 0.22692 0.761464007881 0.366559065965 0 0
25.9 26 39 0.259566 0.761070133165 0.365536637941 0 0
26 26 39 0.261873 0.760680552331 0.364518914173 0 0
26.1 26 41 0.228105 0.760295202308 0.36350588937 0 0
26.2 26 39 0.345977 0.759914016042 0.362497558227 0 0
26.3 26 40 0.378415 0.7595369231 0.361493915481 0 0
26.4 26 40 0.386138 0.759163850303 0.360494955937 0 0
26.5 26 40 0.316384 0.758794722352 0.359500674482 0 0
26.6 26 40 0.353886 0.758429462487 0.358511066135 0 0
26.7 26 40 0.351437 0.758067993161 0.357526126055 0 0
26.8 26 40 0.250182 0.757710236672 0.356545849544 0 0
26.9 26 40 0.346292 0.757356115821 0.35557023211 0 0
27 26 40 0.370427 0.757005554542 0.354599269394 0 0
27.1 26 40 0.38955 0.756658478485 0.353632957234 0 0
27.2 26 40 0.252479 0.756314815629 0.352671291657 0 0
27.3 26 41 0.253696 0.75597449681 0.351714268879 0 0
27.4 26 40 0.252224 0.755637456272 0.350761885248 0 0
27.5 26 41 0.35878 0.7553036321 0.349814137288 0 0
27.6 27 42 0.371155 0.754972966669 0.348871021647 0 0
27.7 26 40 0.427659 0.754645407014 0.347932535109 0 0
27.8 27 41 0.418945 0.754320905156 0.34699867457 0 0
27.9 27 42 0.4316 0.753999418406 0.346069436983 0 0
28 27 40 0.325587 0.753680909568 0.345144819355 0 0
28.1 27 40 0.280083 0.753365347094 0.344224818719 0 0
28.2 27 40 0.283801 0.753052705225 0.343309432082 0 0
28.3 27 41 0.29032 0.752742964008 0.342398656426 0 0
28.4 27 41 0.271468 0.752436109291 0.341492488654 0 0
28.5 27 41 0.2823 0.752132132681 0.340590925565 0 0
28.6 27 41 0.318085 0.751831031394 0.339693963851 0 0
28.7 27 40 0.434827 0.751532808156 0.33880159998 0 0
28.8 27 41 0.292447 0.751237470882 0.33791383027 0 0
28.9 27 40 0.292418 0.750945032466 0.337030650798 0 0
29 27 40 0.282269 0.750655510483 0.336152057379 0 0
29.1 27 41 0.333873 0.750368926797 0.335278045553 0 0
29.2 27 40 0.424993 0.750085307206 0.334408610524 0 0
29.3 27 40 0.395538 0.749804680978 0.333543747186 0 0
29.4 27 41 0.39138 0.749527080462 0.332683450057 0 0
29.5 27 40 0.446211 0.749252540544 0.331827713315 0 0
29.6 27 40 0.423562 0.748981098196 0.330976530731 0 0
29.7 27 40 0.426865 0.748712791976 0.330129895686 0 0
29.8 27 40 0.370149 0.748447661503 0.329287801138 0 0
29.9 27 41 0.297136 0.748185746934 0.328450239647 0 0
30 27 41 0.344723 0.747927088464 0.327617203337 0 0
30.1 27 42 0.283668 0.747671725817 0.326788683915 0 0
30.2 27 41 0.281406 0.747419697746 0.32596467267 0 0
30.3 27 41 0.371816 0.747171041558 0.325145160472 0 0
30.4 27 41 0.431712 0.746925792655 0.324330137784 0 0
30.5 27 42 0.320464 0.746683984093 0.323519594682 0 0
30.6 27 41 0.278934 0.746445646185 0.322713520836 0 0
30.7 27 42 0.276839 0.746210806114 0.321911905576 0 0
30.8 27 42 0.262432 0.745979487597 0.321114737882 0 0
30.9 27 41 0.279826 0.745751710611 0.320322006376 0 0
31 27 42 0.292968 0.74552749109 0.319533699402 0 0
31.1 27 42 0.280019 0.745306840765 0.318749804997 0 0
31.2 27 41 0.281605 0.745089766963 0.317970310922 0 0
31.3 27 42 0.285389 0.744876272444 0.317195204736 0 0
31.4 27 43 0.283577 0.744666355348 0.316424473768 0 0
31.5 27 42 0.295878 0.744460009172 0.315658105159 0 0
31.6 27 43 0.319296 0.744257222768 0.31489608589 0 0
31.7 27 42 0.295103 0.74405798039 0.314138402807 0 0
31.8 27 42 0.281065 0.743862261783 0.313385042651 0 0
31.9 27 42 0.299768 0.743670042358 0.312635992073 0 0
32 27 41 0.282663 0.743481293324 0.311891237677 0 0
32.1 27 41 0.268695 0.743295981966 0.311150766009 0 0
32.2 27 42 0.270522 0.743114071851 0.310414563618 0 0
32.3 27 42 0.286668 0.742935523115 0.309682617047 0 0
32.4 27 43 0.279162 0.742760292802 0.308954912864 0 0
32.5 27 43 0.26963 0.74258833519 0.308231437699 0 0
32.6 27 43 0.2998 0.742419602149 0.307512178202 0 0
32.7 27 42 0.291752 0.742254043543 0.306797121132 0 0
32.8 27 42 0.291332 0.742091607613 0.306086253353 0 0
32.9 27 42 0.308109 0.741932241374 0.305379561743 0 0
33 27 43 0.310351 0.74177589106 0.304677033305 0 0
33.1 27 43 0.307105 0.741622502503 0.303978655116 0 0
33.2 27 43 0.293834 0.741472021571 0.303284414401 0 0
33.3 27 44 0.295326 0.741324394564 0.302594298499 0 0
33.4 27 42 0.298124 0.741179568616 0.301908294842 0 0
33.5 27 42 0.311495 0.741037492067 0.301226390957 0 0
33.6 27 43 0.311804 0.740898114871 0.300548574457 0 0
33.7 27 44 0.294821 0.740761388887 0.299874833068 0 0
33.8 27 43 0.311977 0.74062726825 0.299205154583 0 0
33.9 27 43 0.315304 0.740495709634 0.298539526863 0 0
34 27 43 0.298448 0.740366672544 0.297877937833 0 0
34.1 27 44 0.296074 0.740240119549 0.297220375456 0 0
34.2 27 43 0.301835 0.74011601648 0.296566827728 0 0
34.3 27 44 0.367258 0.739994332603 0.29591728264 0 0
34.4 27 43 0.329041 0.739875040753 0.2952717282 0 0
34.5 27 44 0.325904 0.739758117436 0.294630152384 0 0
34.6 27 43 0.331726 0.739643542882 0.293992543138 0 0
34.7 27 44 0.303488 0.739531301079 0.293358888364 0 0
34.8 27 43 0.324401 0.739421379738 0.292729175888 0 0
34.9 27 44 0.317734 0.739313770258 0.292103393453 0 0
35 27 44 0.289734 0.739208467647 0.291481528708 0 0
35.1 27 44 0.289203 0.739105470385 0.290863569188 0 0
35.2 27 44 0.309468 0.739004780288 0.290249502295 0 0
35.3 27 44 0.31542 0.738906402312 0.289639315306 0 0
35.4 27 45 0.312458 0.738810344342 0.289032995343 0 0
35.5 27 45 0.31713 0.738716616964 0.288430529362 0 0
35.6 27 44 0.311237 0.738625233195 0.287831904145 0 0
35.7 27 45 0.331354 0.738536208191 0.287237106312 0 0
35.8 27 45 0.296288 0.738449558965 0.286646122288 0 0
35.9 27 45 0.328763 0.738365304073 0.286058938325 0 0
36 27 43 0.313524 0.738283463282 0.285475540477 0 0
36.1 27 44 0.313724 0.73820405723 0.284895914597 0 0
36.2 27 45 0.315537 0.738127107093 0.284320046358 0 0
36.3 27 44 0.312833 0.738052634258 0.283747921236 0 0
36.4 27 45 0.334161 0.737980659964 0.28317952455 0 0
36.5 27 44 0.314712 0.737911204987 0.282614841429 0 0
36.6 27 45 0.332305 0.737844289318 0.282053856804 0 0
36.7 27 44 0.333175 0.737779931842 0.281496555441 0 0
36.8 27 45 0.31321 0.737718150053 0.280942921959 0 0
36.9 27 45 0.304309 0.737658959762 0.280392940825 0 0
37 27 44 0.311433 0.737602374843 0.279846596381 0 0
37.1 27 44 0.326992 0.737548406995 0.279303872837 0 0
37.2 27 45 0.302218 0.737497065531 0.278764754272 0 0
37.3 27 45 0.320729 0.737448357201 0.278229224698 0 0
37.4 27 44 0.321076 0.737402286026 0.277697268024 0 0
37.5 27 45 0.300274 0.73735885315 0.277168868082 0 0
37.6 27 45 0.316661 0.737318056764 0.276644008642 0 0
37.7 27 46 0.356137 0.737279892018 0.27612267344 0 0
37.8 27 45 0.343742 0.737244351001 0.275604846187 0 0
37.9 27 45 0.306318 0.737211422723 0.275090510556 0 0
38 27 45 0.344482 0.737181093135 0.27457965022 0 0
38.1 27 45 0.32352 0.737153345188 0.274072248856 0 0
38.2 27 47 0.312679 0.737128158907 0.273568290178 0 0
38.3 27 45 0.326904 0.737105511506 0.273067757902 0 0
38.4 27 46 0.319095 0.737085377517 0.272570635807 0 0
38.5 27 47 0.34584 0.737067728956 0.272076907713 0 0
38.6 27 46 0.351301 0.737052535528 0.271586557497 0 0
38.7 27 46 0.351208 0.737039764786 0.271099569101 0 0
38.8 27 46 0.349832 0.737029382397 0.27061592654 0 0
38.9 27 46 0.317126 0.737021352345 0.270135613916 0 0
39 27 46 0.333145 0.737015637254 0.269658615385 0 0
39.1 27 46 0.315982 0.737012198573 0.269184915205 0 0
39.2 27 47 0.355793 0.737010996897 0.268714497711 0 0
39.3 27 46 0.333406 0.737011992243 0.268247347323 0 0
39.4 27 46 0.33405 0.737015144298 0.267783448569 0 0
39.5 27 47 0.315735 0.737020412768 0.267322786029 0 0
39.6 27 47 0.335038 0.737027757595 0.266865344368 0 0
39.7 27 47 0.331975 0.737037139264 0.26641110834 0 0
39.8 27 46 0.333763 0.737048519057 0.26596006277 0 0
39.9 27 46 0.356243 0.737061859317 0.265512192547 0 0
40 27 46 0.334582 0.737077123693 0.265067482622 0 0
40.1 27 46 0.354033 0.737094277362 0.264625917996 0 0
40.2 27 46 0.33148 0.737113287243 0.264187483725 0 0
40.3 27 47 0.33704 0.73713412218 0.263752164894 0 0
40.4 27 46 0.334141 0.737156753118 0.263319946631 0 0
40.5 27 47 0.353781 0.737181153258 0.262890814077 0 0
40.6 27 46 0.365527 0.737207298172 0.262464752388 0 0
40.7 27 45 0.340048 0.737235165899 0.262041746729 0 0
40.8 27 47 0.358083 0.737264737027 0.261621782255 0 0
40.9 27 47 0.337283 0.737295994738 0.261204844119 0 0
41 27 47 0.372214 0.737328924825 0.260790917444 0 0
41.1 27 47 0.328283 0.737363515708 0.260379987331 0 0
41.2 27 46 0.355764 0.737399758374 0.259972038843 0 0
41.3 27 48 0.337222 0.737437646331 0.259567057005 0 0
41.4 27 47 0.321596 0.737477175568 0.25916502678 0 0
41.5 27 48 0.338053 0.737518344414 0.258765933081 0 0
41.6 27 46 0.360921 0.737561153413 0.258369760759 0 0
41.7 27 47 0.335841 0.737605605187 0.2579764946 0 0
41.8 27 47 0.39292 0.737651704282 0.257586119322 0 0
41.9 27 48 0.359967 0.737699456965 0.257198619573 0 0
42 27 47 0.339488 0.737748871052 0.256813979927 0 0
42.1 27 47 0.364148 0.737799955691 0.256432184887 0 0
42.2 27 46 0.360707 0.737852721132 0.256053218867 0 0
42.3 27 47 0.340691 0.737907178508 0.255677066202 0 0
42.4 27 47 0.363501 0.737963339599 0.255303711196 0 0
42.5 27 47 0.367384 0.738021216597 0.254933138037 0 0
42.6 27 47 0.325228 0.738080821843 0.254565330863 0 0
42.7 27 47 0.344142 0.738142167651 0.25420027373 0 0
42.8 27 47 0.343194 0.73820526597 0.253837950649 0 0
42.9 27 48 0.326891 0.738270128236 0.25347834557 0 0
43 27 47 0.342374 0.738336765129 0.253121442398 0 0
43.1 27 47 0.343397 0.73840518635 0.252767224991 0 0
43.2 27 49 0.365075 0.738475400432 0.252415677164 0 0
43.3 27 48 0.371683 0.738547414547 0.252066782722 0 0
43.4 27 47 0.349506 0.738621234326 0.251720525426 0 0
43.5 27 47 0.332929 0.738696863725 0.251376889038 0 0
43.6 27 48 0.349975 0.738774304901 0.251035857305 0 0
43.7 27 49 0.333016 0.738853558042 0.250697413969 0 0
43.8 27 50 0.33448 0.738934621316 0.250361542802 0 0
43.9 27 49 0.377786 0.739017490793 0.250028227574 0 0
44 27 49 0.358468 0.739102160394 0.249697452115 0 0
44.1 27 49 0.376518 0.739188621837 0.249369200232 0 0
44.2 27 49 0.335512 0.739276864674 0.249043455825 0 0
44.3 27 49 0.359889 0.739366876274 0.248720202819 0 0
44.4 27 49 0.358618 0.739458641854 0.248399425196 0 0
44.5 27 49 0.358764 0.739552144565 0.248081107014 0 0
44.6 27 49 0.343907 0.739647365563 0.247765232378 0 0
44.7 27 48 0.386277 0.739744284097 0.247451785481 0 0
44.8 27 49 0.355566 0.739842877628 0.247140750595 0 0
44.9 27 48 0.364699 0.739943121981 0.246832112068 0 0
45 27 49 0.362652 0.740044991471 0.246525854335 0 0
45.1 27 49 0.362385 0.740148459088 0.246221961915 0 0
45.2 27 49 0.340913 0.740253496655 0.245920419422 0 0
45.3 27 49 0.362526 0.740360075023 0.245621211563 0 0
45.4 27 49 0.381771 0.740468164276 0.24532432314 0 0
45.5 27 48 0.377582 0.740577733912 0.245029739046 0 0
45.6 27 49 0.379379 0.740688753062 0.244737444269 0 0
45.7 27 49 0.361857 0.7408011907 0.244447423888 0 0
45.8 27 49 0.347367 0.740915015843 0.244159663056 0 0
45.9 27 49 0.345659 0.741030197769 0.243874147022 0 0
46 27 48 0.384137 0.741146706214 0.243590861116 0 0
46.1 27 48 0.364004 0.741264511559 0.243309790755 0 0
46.2 27 49 0.38017 0.741383585031 0.243030921427 0 0
46.3 27 49 0.361599 0.741503898891 0.242754238682 0 0
46.4 27 50 0.348441 0.741625426563 0.242479728142 0 0
46.5 27 49 0.387617 0.741748142848 0.242207375489 0 0
46.6 27 49 0.385994 0.74187202401 0.241937166462 0 0
46.7 27 49 0.367573 0.74199704794 0.241669086843 0 0
46.8 27 48 0.369717 0.742123194233 0.241403122456 0 0
46.9 27 49 0.390304 0.742250444309 0.241139259156 0 0
47 27 50 0.366859 0.742378781475 0.24087748282 0 0
47.1 27 49 0.3695 0.742508190948 0.240617779365 0 0
47.2 27 50 0.354871 0.742638659941 0.240360134717 0 0
47.3 27 50 0.355115 0.742770177635 0.240104534811 0 0
47.4 27 49 0.367672 0.7429027352 0.239850965583 0 0
47.5 27 49 0.369259 0.74303632577 0.239599412957 0 0
47.6 27 49 0.377864 0.743170944382 0.239349862875 0 0
47.7 27 49 0.368673 0.743306587919 0.239102301258 0 0
47.8 27 49 0.367677 0.743443255035 0.238856714 0 0
47.9 27 49 0.358468 0.743580946058 0.238613086991 0 0
48 27 50 0.366095 0.743719662888 0.238371406085 0 0
48.1 27 50 0.385724 0.743859408862 0.238131657122 0 0
48.2 27 50 0.382748 0.744000188602 0.237893825904 0 0
48.3 27 49 0.368879 0.744142007886 0.237657898216 0 0
48.4 27 50 0.386385 0.744284873467 0.237423859813 0 0
48.5 27 50 0.391122 0.744428792943 0.237191696403 0 0
48.6 27 49 0.370712 0.744573774529 0.236961393693 0 0
48.7 27 50 0.368557 0.744719826917 0.236732937347 0 0
48.8 27 49 0.370419 0.744866959079 0.236506313006 0 0
48.9 27 50 0.375591 0.745015180077 0.236281506293 0 0
49 27 49 0.387274 0.745164498891 0.236058502803 0 0
49.1 27 49 0.376398 0.745314924236 0.235837288114 0 0
49.2 27 49 0.395991 0.745466464383 0.235617847803 0 0
49.3 27 49 0.373579 0.745619126991 0.235400167427 0 0
49.4 27 49 0.379307 0.745772918949 0.235184232547 0 0
49.5 27 48 0.378123 0.745927846224 0.234970028735 0 0
49.6 27 49 0.393154 0.746083913701 0.234757541552 0 0
49.7 27 50 0.373269 0.746241125076 0.234546756591 0 0
49.8 27 49 0.375745 0.746399482731 0.234337659461 0 0
49.9 27 49 0.376909 0.746558987641 0.234130235796 0 0
50 27 50 0.360394 0.746719639265 0.233924471274 0 0
