# SIAM excitation B=c_0up^dag|gs> (normalized), method=fbr
# L=100 U=0.1 V=0.1 dt=0.1 tmax=30 max_bond_dim=512 mps_cutoff=1e-09 activity_tol=1e-05
# E_gs=-30.9227535891 gs_n_active=20 gs_bond_dim=24 gs_wall_s=75.369715
# nrm=0.707106780396
# t  n_active  bond_dim  renyi_half  slater_activity  n0up  n0dw  norm  wall_s  ReA  ImA
0 20 24 0.177228997192 2.82329715162e-13 1 0.686975496105 1 0.002314 0 0
0.1 8 11 0.115996183924 3.96398808433e-06 0.999961337252 0.686956186503 0.999999985291 0.077588 0 0
0.2 8 7 0.160035965127 2.69738786052e-06 0.999847380191 0.686899522918 0.999999998003 0.057671 0 0
0.3 8 7 0.166885292193 1.44699013216e-06 0.999655815032 0.686803120063 0.999999998105 0.047503 0 0
0.4 8 7 0.174115909933 1.44584246864e-06 0.999387750419 0.686668348079 0.999999998 0.048345 0 0
0.5 8 7 0.181324141729 1.4434855562e-06 0.999043958441 0.686495396628 0.999999998385 0.047017 0 0
0.6 8 7 0.188349563742 1.43992704049e-06 0.998625168093 0.686284507639 0.999999998372 0.04776 0 0
0.7 8 7 0.194993296519 1.43517720175e-06 0.998132354542 0.686035975524 0.99999999829 0.046788 0 0
0.8 8 7 0.200953432836 1.42925140612e-06 0.997566774871 0.685750144331 0.999999998198 0.047158 0 0
0.9 8 7 0.206113968656 1.42216850718e-06 0.996929809863 0.685427406579 0.999999998115 0.047036 0 0
1 8 7 0.210364306266 1.41395644127e-06 0.996223057105 0.685068201441 0.999999998208 0.046837 0 0
1.1 8 7 0.213875162296 1.40463654597e-06 0.995448139802 0.684673011888 0.999999998047 0.047058 0 0
1.2 8 7 0.216583982958 1.39424667511e-06 0.994607004088 0.684242364974 0.999999997813 0.047225 0 0
1.3 8 6 0.728406891457 1.38281382245e-06 0.99370161832 0.683776827151 0.999999997236 0.047483 0 0
1.4 8 6 0.728713332486 1.37038293413e-06 0.992734130409 0.68327700249 0.999999998142 0.046875 0 0
1.5 8 6 0.72903874519 1.35698976178e-06 0.991706810812 0.682743528747 0.999999998016 0.047342 0 0
1.6 8 6 0.729382453478 1.34267849106e-06 0.990622039218 0.682177077319 0.999999997782 0.047386 0 0
1.7 8 6 0.729743773943 1.32749691573e-06 0.989482328958 0.681578348165 0.999999997605 0.047283 0 0
1.8 8 6 0.730122020476 1.3114954448e-06 0.988290288616 0.680948067296 0.999999997367 0.047685 0 0
1.9 8 6 0.730516516604 1.29472700672e-06 0.98704857309 0.680286983983 0.999999997176 0.046883 0 0
2 8 6 0.730926593048 1.27724668519e-06 0.98575992952 0.679595867497 0.999999996995 0.046721 0 0
2.1 8 7 0.222843789238 1.25911150728e-06 0.98442716385 0.678875504166 0.999999997157 0.046822 0 0
2.2 8 7 0.2227457001 1.24038027516e-06 0.983053137358 0.678126694118 0.999999997781 0.047879 0 0
2.3 8 6 0.113728403635 1.22111317047e-06 0.981640761777 0.677350248094 0.99999999809 0.047677 0 0
2.4 8 7 0.222215322724 1.2013715851e-06 0.980192932828 0.676546985909 0.999999998442 0.047512 0 0
2.5 8 6 0.114149465233 1.18121788961e-06 0.978712592596 0.675717731063 0.999999998281 0.047347 0 0
2.6 8 7 0.221669351968 1.1607150715e-06 0.977202666228 0.674863309782 0.999999998154 0.047212 0 0
2.7 8 6 0.114586937949 1.1399265214e-06 0.975666085709 0.673984547269 0.999999997958 0.047065 0 0
2.8 8 7 0.221101526 1.11891567045e-06 0.974105740248 0.673082265315 0.999999997764 0.047779 0 0
2.9 8 7 0.220760932041 1.09774586543e-06 0.972524505313 0.672157279118 0.999999997514 0.047153 0 0
3 8 7 0.220529036854 1.07647996794e-06 0.970925182407 0.671210396636 0.999999997551 0.047669 0 0
3.1 8 7 0.11555464869 1.05518051929e-06 0.969310550811 0.67024241349 0.999999997328 0.047176 0 0
3.2 8 7 0.115868222545 1.03390912487e-06 0.967683287038 0.669254111701 0.999999998454 0.046862 0 0
3.3 8 7 0.21991230133 1.01272175812e-06 0.966045991956 0.668246268159 0.999999998708 0.037323 0 0
3.4 8 7 0.116361962287 9.91682492901e-07 0.96440122242 0.667219626376 0.99999999789 0.047534 0 0
3.5 8 7 0.219795013788 9.70845730142e-07 0.962751423383 0.666174930486 0.999999998204 0.037478 0 0
3.6 8 8 0.219836910956 9.50271920375e-07 0.961098941062 0.665112882102 0.999999998851 0.047655 0 0
3.7 8 7 0.219306604294 9.3002744983e-07 0.959446236171 0.664034178996 0.999999999087 0.037094 0 0
3.8 8 8 0.219392035467 9.1016033188e-07 0.957795054666 0.662939485892 0.999999998732 0.047903 0 0
3.9 8 8 0.219034202069 8.9071963516e-07 0.956147857721 0.661829453575 0.999999999176 0.037417 0 0
4 8 7 0.117925374059 8.71779327394e-07 0.954505976859 0.660704698232 0.999999998512 0.047112 0 0
4.1 8 8 0.218542240582 8.53379298671e-07 0.952871793323 0.659565822574 0.999999998714 0.037161 0 0
4.2 8 7 0.118454251567 8.35555790002e-07 0.951246536981 0.658413391204 0.99999999919 0.047562 0 0
4.3 8 8 0.218177258816 8.18342477671e-07 0.949631635928 0.657247957045 0.999999999577 0.036916 0 0
4.4 8 7 0.118991132105 8.01746473988e-07 0.948028580752 0.656070031468 0.999999999441 0.047519 0 0
4.5 8 8 0.218432245985 8.11076883885e-07 0.946438560395 0.654880117503 0.999999999342 0.037183 0 0
4.6 8 8 0.218081854967 7.79434491061e-07 0.944863172245 0.653678673491 0.999999998658 0.047505 0 0
4.7 8 8 0.218124896104 8.14835091143e-07 0.943302504496 0.652466153255 0.999999999311 0.037385 0 0
4.8 8 8 0.218454559534 1.09258399276e-06 0.941757786011 0.651242961546 0.999999999172 0.047201 0 0
4.9 8 8 0.218824688322 1.4479127769e-06 0.940229698789 0.650009504745 0.999999998812 0.037704 0 0
5 8 8 0.218946509959 1.88702439245e-06 0.938718665043 0.648766138298 0.999999998741 0.04757 0 0
5.1 8 8 0.219376214878 2.41663567092e-06 0.93722532411 0.64751322314 0.999999998385 0.037312 0 0
5.2 8 8 0.218735075684 1.87876702138e-06 0.93575092291 0.646251066545 0.999999999205 0.047736 0 0
5.3 8 8 0.218403483314 1.4356303169e-06 0.934294719488 0.644979988081 0.999999999199 0.037643 0 0
5.4 8 8 0.217840905128 1.09768481134e-06 0.932856540847 0.643700250208 0.999999999113 0.047846 0 0
5.5 8 8 0.218268101306 1.43173265436e-06 0.931436031283 0.642412136773 0.999999999137 0.037884 0 0
5.6 8 8 0.217751995849 1.1059927828e-06 0.930034143713 0.641115868526 0.999999999172 0.037631 0 0
5.7 8 8 0.217616735432 9.15729910739e-07 0.928650089106 0.63981169758 0.999999998705 0.038637 0 0
5.8 8 8 0.217705818906 1.09288736869e-06 0.927283072036 0.638499807743 0.999999999083 0.037764 0 0
5.9 8 8 0.217623111561 9.32660758567e-07 0.925933647501 0.637180424574 0.999999998879 0.037689 0 0
6 8 8 0.217524278315 9.39968489765e-07 0.924600562508 0.63585369873 0.999999998394 0.038015 0 0
6.1 8 8 0.217588993896 9.10967644551e-07 0.923283674998 0.634519835786 0.999999998775 0.037901 0 0
6.2 8 8 0.217636511179 9.64465707306e-07 0.921982205368 0.63317895665 0.999999998673 0.037987 0 0
6.3 8 8 0.218018931965 1.2184913982e-06 0.92069540482 0.631831252119 0.999999998257 0.037109 0 0
6.4 8 8 0.218042641497 9.35972239978e-07 0.919423330344 0.630476818712 0.999999998663 0.037367 0 0
6.5 8 8 0.218275466233 8.18850197417e-07 0.918164568174 0.629115836474 0.999999998189 0.037724 0 0
6.6 8 8 0.218355851673 9.63643414883e-07 0.916917760317 0.627748382337 0.999999998573 0.037724 0 0
6.7 8 8 0.218277860311 7.93875862063e-07 0.915683156751 0.626374632332 0.999999998237 0.03755 0 0
6.8 8 8 0.218616170051 8.20884564658e-07 0.914459468771 0.624994645395 0.999999998518 0.037808 0 0
6.9 8 8 0.218989827127 8.17261317105e-07 0.913246074219 0.623608599271 0.99999999821 0.037646 0 0
7 8 8 0.21903596704 7.96968992187e-07 0.912041866167 0.622216537876 0.999999998306 0.037702 0 0
7.1 8 8 0.219807844406 1.00893114226e-06 0.910846147599 0.620818644314 0.999999997979 0.036973 0 0
7.2 8 8 0.219609693483 8.18741365329e-07 0.909658336306 0.619414951481 0.999999997852 0.037964 0 0
7.3 8 8 0.220244048413 9.30336795047e-07 0.908477317735 0.618005651407 0.999999997605 0.036199 0 0
7.4 8 8 0.221197451668 1.35628410881e-06 0.907302208707 0.616590768062 0.999999998146 0.036104 0 0
7.5 8 8 0.222315841511 2.11366873802e-06 0.906132249369 0.615170506845 0.999999997977 0.037319 0 0
7.6 8 8 0.223520950572 3.21441191698e-06 0.904966717067 0.613744883942 0.999999998473 0.03589 0 0
7.7 8 8 0.224794220182 4.67196345741e-06 0.903804923672 0.612314120111 0.99999999827 0.035399 0 0
7.8 8 8 0.22497973965 3.17785749123e-06 0.902649595311 0.610878225757 0.999999998528 0.035874 0 0
7.9 8 8 0.224502470372 1.99133439899e-06 0.901495345302 0.609437439983 0.999999997587 0.035878 0 0
8 8 8 0.224096585162 1.30854195834e-06 0.900343149377 0.607991766833 0.999999998113 0.035945 0 0
8.1 8 8 0.221833643147 6.84163351639e-07 0.899192925091 0.606541977602 0.999999997546 0.045068 0 0
8.2 8 7 0.132313182474 6.98231955476e-07 0.898043920378 0.605087038931 0.999999997202 0.034897 0 0
8.3 8 8 0.222914166573 7.12080203913e-07 0.896895304268 0.603627805814 0.999999997615 0.045524 0 0
8.4 8 7 0.133281027947 7.25639503374e-07 0.895747537796 0.602164155833 0.999999997473 0.03576 0 0
8.5 8 8 0.224031059645 7.38668901712e-07 0.894599828787 0.600696445962 0.999999997906 0.035717 0 0
8.6 8 7 0.134286295174 7.51107780639e-07 0.893452461681 0.599224662605 0.999999997853 0.03551 0 0
8.7 8 8 0.225217685172 7.62896764872e-07 0.892304745858 0.597749126063 0.999999997772 0.044535 0 0
8.8 8 8 0.22692218852 9.27325023534e-07 0.891156548325 0.596269813656 0.999999997753 0.035878 0 0
8.9 8 9 0.227895182512 2.02105370037e-06 0.890007150687 0.594787066477 0.999999998435 0.035569 0 0
9 8 9 0.229657356988 3.56953908861e-06 0.888857498758 0.593300852666 0.999999998624 0.035275 0 0
9.1 8 9 0.23063679036 5.57615598381e-06 0.887706664135 0.591811527668 0.999999998528 0.035562 0 0
9.2 8 9 0.231843713975 8.04281786834e-06 0.886555389626 0.590319052148 0.999999998651 0.035818 0 0
9.3 8 9 0.231879111399 5.58582173248e-06 0.885409158012 0.588823799795 0.999999998016 0.035853 0 0
9.4 8 9 0.233653317979 8.02635119287e-06 0.88425838028 0.587325717184 0.999999998473 0.035513 0 0
9.5 9 9 0.235471030242 8.32956452923e-07 0.883107713967 0.585825195114 0.999999998138 0.035333 0 0
9.6 9 9 0.236030275197 8.37218781857e-07 0.881956838476 0.584322310039 0.999999998575 0.046327 0 0
9.7 9 9 0.237429593875 8.4373149023e-07 0.880806520941 0.582817192772 0.999999998387 0.046539 0 0
9.8 9 9 0.238825907487 8.47826186035e-07 0.879657027086 0.581309885231 0.999999998576 0.047062 0 0
9.9 9 9 0.240221640225 8.50902680427e-07 0.878508721304 0.579800809868 0.999999997954 0.046629 0 0
10 9 9 0.241614642853 8.52961977493e-07 0.877361992963 0.578289857625 0.999999998126 0.047535 0 0
10.1 9 9 0.243004699679 8.54010247964e-07 0.87621725317 0.576777464173 0.999999997988 0.047367 0 0
10.2 9 9 0.244398281175 8.54058171851e-07 0.875074931315 0.575263497899 0.999999998373 0.046311 0 0
10.3 9 9 0.245775671886 8.53120889377e-07 0.873935470603 0.573748407169 0.999999997894 0.047013 0 0
10.4 9 9 0.24714377469 8.51218315168e-07 0.872799322535 0.572232035676 0.999999997746 0.047082 0 0
10.5 9 9 0.248502830858 8.48374646423e-07 0.871666942842 0.570714842547 0.999999997694 0.047554 0 0
10.6 9 9 0.249849905572 8.44618410212e-07 0.870538788701 0.569196645068 0.999999997569 0.047063 0 0
10.7 9 9 0.251185078641 8.39982039813e-07 0.869415314184 0.567677913468 0.999999997573 0.047324 0 0
10.8 9 9 0.252506235402 8.34500894165e-07 0.868296966033 0.566158437303 0.999999997486 0.047535 0 0
10.9 9 9 0.25381595289 8.28213513882e-07 0.867184180411 0.56463869756 0.999999997512 0.047471 0 0
11 9 9 0.255110107553 8.21162003284e-07 0.866077378694 0.563118455683 0.999999997462 0.047108 0 0
11.1 9 9 0.256391321499 8.13391218268e-07 0.864976964479 0.561598201774 0.999999997645 0.047727 0 0
11.2 9 10 0.257696967755 8.04947782984e-07 0.863883320133 0.560077667653 0.999999997943 0.047393 0 0
11.3 9 10 0.258944382308 7.95880323756e-07 0.862796805722 0.558557353652 0.999999997639 0.047502 0 0
11.4 9 10 0.260174043862 7.86239609751e-07 0.861717753756 0.557036961822 0.99999999764 0.047103 0 0
11.5 9 10 0.26138538712 7.76077869524e-07 0.860646468599 0.555517002021 0.999999997334 0.046836 0 0
11.6 9 10 0.262578990423 7.84115455676e-07 0.859583223552 0.553997146845 0.999999997318 0.047502 0 0
11.7 9 9 0.263708752253 7.92245080206e-07 0.858528258917 0.552477915912 0.999999997435 0.046739 0 0
11.8 9 9 0.264862579738 8.0005319647e-07 0.857481783588 0.550958953332 0.999999997414 0.046759 0 0
11.9 9 9 0.265996892112 8.07503634292e-07 0.85644397053 0.549440789455 0.999999996798 0.047553 0 0
12 9 9 0.267111523005 8.14561774032e-07 0.855414958533 0.547923039591 0.999999997097 0.046115 0 0
12.1 9 9 0.268206394086 8.21194721556e-07 0.854394848625 0.546406244892 0.99999999646 0.047243 0 0
12.2 9 9 0.269281577801 8.27371473e-07 0.853383708734 0.544889993103 0.999999996744 0.04663 0 0
12.3 9 9 0.27033715294 8.33063069305e-07 0.852381568766 0.543374837724 0.999999996084 0.044583 0 0
12.4 9 9 0.271372376441 8.3824273811e-07 0.851388426406 0.54186033956 0.999999996944 0.044938 0 0
12.5 9 9 0.272390046265 8.42886025865e-07 0.850404243405 0.540347065215 0.999999996943 0.044842 0 0
12.6 9 9 0.273387061132 8.46970917734e-07 0.849428951473 0.538834549905 0.999999997292 0.045063 0 0
12.7 9 9 0.274365635043 8.50477948511e-07 0.848462447619 0.537323374643 0.999999996705 0.045134 0 0
12.8 9 9 0.27532640659 8.53390301758e-07 0.84750460156 0.535813050059 0.999999997049 0.044816 0 0
12.9 9 9 0.276296034466 8.55693895851e-07 0.846555252314 0.53430417232 0.999999996927 0.045447 0 0
13 9 9 0.277250812162 8.57377465135e-07 0.845614217478 0.532796229002 0.99999999729 0.044947 0 0
13.1 9 9 0.278190431025 8.58432623541e-07 0.84468128764 0.531289832363 0.999999996682 0.04534 0 0
13.2 9 9 0.279118667504 8.58853921093e-07 0.843756233972 0.52978444861 0.999999997516 0.04532 0 0
13.3 9 9 0.280031516418 8.58638886436e-07 0.842838806242 0.528280706601 0.999999996932 0.045274 0 0
13.4 9 9 0.280931918201 8.57788058473e-07 0.841928740768 0.526778052598 0.999999997349 0.045172 0 0
13.5 9 9 0.281820890247 8.56305002572e-07 0.841025756844 0.525277132962 0.999999996564 0.044922 0 0
13.6 9 11 0.282807790625 8.54196316569e-07 0.840129565351 0.52377737539 0.999999997682 0.045029 0 0
13.7 9 11 0.283698725403 8.51471617214e-07 0.839239865677 0.522279444188 0.999999996643 0.045933 0 0
13.8 9 11 0.284574465963 8.48143513421e-07 0.838356359547 0.520782749447 0.999999996584 0.045275 0 0
13.9 9 11 0.285406180281 8.44227563523e-07 0.837478738361 0.519287976379 0.999999997206 0.045724 0 0
14 9 11 0.286260038096 8.39742214209e-07 0.836606697771 0.517794521202 0.999999998079 0.053609 0 0
14.1 9 11 0.287109613368 8.34708720254e-07 0.835739933652 0.516303072083 0.999999997392 0.045396 0 0
14.2 9 11 0.28795597979 8.29151047821e-07 0.834878153844 0.514813031309 0.999999997934 0.05332 0 0
14.3 9 11 0.288800108131 8.23095756775e-07 0.83402107105 0.51332509228 0.999999997406 0.044915 0 0
14.4 9 11 0.289643187163 8.16571865236e-07 0.833168408952 0.511838650798 0.999999997785 0.045154 0 0
14.5 9 11 0.290486300553 8.0961069604e-07 0.83231990367 0.510354411779 0.999999997272 0.044911 0 0
14.6 9 11 0.291330507178 8.02245702092e-07 0.831475306059 0.508871762241 0.999999997636 0.04495 0 0
14.7 9 11 0.292176883567 7.94512277635e-07 0.830634383221 0.507391421608 0.999999997208 0.045307 0 0
14.8 9 11 0.293026514754 7.86447550527e-07 0.829796921337 0.505912766344 0.999999997108 0.053465 0 0
14.9 9 11 0.293880424129 7.78090159081e-07 0.828962725691 0.504436531074 0.999999996933 0.045554 0 0
15 9 11 0.29473962167 7.69480019147e-07 0.828131621815 0.502962082937 0.99999999696 0.045667 0 0
15.1 9 11 0.295605048673 7.6065807264e-07 0.827303458195 0.501490169338 0.999999996793 0.045439 0 0
15.2 9 11 0.296477625228 7.51666034526e-07 0.826478104921 0.500020149222 0.999999996821 0.045231 0 0
15.3 9 11 0.297358191342 7.42546127697e-07 0.825655456378 0.498552781769 0.999999996661 0.044984 0 0
15.4 9 11 0.298247656407 7.38020486502e-07 0.824835429436 0.49708741786 0.999999996695 0.045196 0 0
15.5 9 11 0.299146537931 7.4215979573e-07 0.824017965749 0.495624827378 0.999999996544 0.04585 0 0
15.6 9 11 0.300055608056 7.45652672829e-07 0.823203029444 0.494164353261 0.999999996578 0.04523 0 0
15.7 9 11 0.300975443324 7.48493419578e-07 0.822390609037 0.492706774917 0.999999996436 0.045018 0 0
15.8 9 11 0.301906606586 7.50679240102e-07 0.821580714679 0.491251427401 0.999999996895 0.045038 0 0
15.9 9 11 0.302849413254 7.52210352561e-07 0.820773379696 0.489799098424 0.999999996344 0.04529 0 0
16 9 11 0.303804376887 7.53090086514e-07 0.81996865741 0.488349115154 0.99999999682 0.045129 0 0
16.1 9 11 0.30477161404 7.53324960856e-07 0.819166622369 0.48690227235 0.999999996267 0.045645 0 0
16.2 9 11 0.305751479093 7.52924745107e-07 0.818367366789 0.485457889272 0.999999996761 0.045465 0 0
16.3 9 11 0.306743923536 7.51902488605e-07 0.81757100152 0.484016766472 0.999999996206 0.04536 0 0
16.4 9 11 0.307749144076 7.50274525174e-07 0.816777652172 0.482578215283 0.999999996716 0.045236 0 0
16.5 9 11 0.308766927998 7.48060439926e-07 0.815987459876 0.481143040826 0.999999996156 0.045689 0 0
16.6 9 11 0.309797328887 7.45283008863e-07 0.81520057734 0.479710546614 0.999999996695 0.053579 0 0
16.7 9 11 0.310839980896 7.41968094853e-07 0.814417168756 0.478281540991 0.999999996139 0.045548 0 0
16.8 9 11 0.311894799546 7.38144512291e-07 0.813637406733 0.476855319655 0.999999996684 0.053436 0 0
16.9 9 12 0.313010059611 7.33843853684e-07 0.81286147146 0.475432693308 0.99999999688 0.045571 0 0
17 9 12 0.314088407726 7.29100282704e-07 0.812089547551 0.474012949291 0.999999997449 0.053807 0 0
17.1 9 12 0.315177157977 7.23950294157e-07 0.811321823627 0.472596900246 0.999999996926 0.046494 0 0
17.2 9 12 0.316276888574 7.18432444424e-07 0.810558488831 0.471183826607 0.999999997502 0.054097 0 0
17.3 9 12 0.317386458561 7.12587060581e-07 0.809799732185 0.469774540818 0.999999996959 0.045628 0 0
17.4 9 12 0.318505492361 7.06455922428e-07 0.809045739621 0.468368316104 0.999999997542 0.053541 0 0
17.5 9 12 0.319633210637 7.0008193398e-07 0.808296693324 0.466965964553 0.999999996996 0.045609 0 0
17.6 9 12 0.320769188239 6.9350878118e-07 0.807552768855 0.465566752645 0.999999997584 0.053971 0 0
17.7 9 12 0.321912601717 6.86780588399e-07 0.806814134662 0.464171491411 0.999999997034 0.045495 0 0
17.8 9 12 0.323063001154 6.79941568826e-07 0.806080949413 0.462779441128 0.999999997627 0.053798 0 0
17.9 9 12 0.324219636829 6.73035686072e-07 0.80535336116 0.461391410877 0.999999997574 0.045523 0 0
18 9 12 0.325381870561 6.66106324765e-07 0.804631506354 0.460006657613 0.999999997656 0.045719 0 0
18.1 9 12 0.326549053201 6.59195974695e-07 0.803915509034 0.458625986219 0.999999997609 0.045165 0 0
18.2 9 12 0.327720562328 6.52345935492e-07 0.803205477724 0.457248649201 0.999999997685 0.045183 0 0
18.3 9 12 0.328895776845 6.45596042403e-07 0.802501507439 0.455875449034 0.999999997645 0.045326 0 0
18.4 9 12 0.330074109745 6.38984416157e-07 0.801803676112 0.454505634214 0.999999997714 0.046099 0 0
18.5 9 12 0.331254985381 6.32547240809e-07 0.801112046933 0.45314000456 0.99999999768 0.045992 0 0
18.6 9 12 0.332437867736 6.26318567787e-07 0.800426665073 0.451777805453 0.999999997743 0.045599 0 0
18.7 9 12 0.333622240457 6.20330148027e-07 0.799747560378 0.45041983388 0.999999997715 0.046005 0 0
18.8 9 12 0.334807630546 6.14611293082e-07 0.799074744398 0.449065333062 0.999999997771 0.045424 0 0
18.9 9 12 0.335993591221 6.09188759881e-07 0.798408213421 0.44771509703 0.99999999775 0.045154 0 0
19 9 12 0.33717972091 6.04086666911e-07 0.797747945796 0.44636836785 0.9999999978 0.045521 0 0
19.1 9 12 0.338365649154 5.99326430373e-07 0.797093905304 0.445025936509 0.999999997786 0.045472 0 0
19.2 9 12 0.339574174107 5.94926724662e-07 0.796446038756 0.443687044942 0.999999998313 0.044963 0 0
19.3 9 12 0.340759400063 5.90903465825e-07 0.795804279568 0.442352480181 0.999999997914 0.045019 0 0
19.4 9 12 0.341943627884 5.93338986499e-07 0.795168546276 0.441021486263 0.999999998364 0.044863 0 0
19.5 9 12 0.343126592498 5.96071405679e-07 0.794538744499 0.439694847136 0.999999997987 0.045089 0 0
19.6 9 12 0.344308181809 5.98850505629e-07 0.793914768213 0.438371808279 0.999999998411 0.04486 0 0
19.7 9 12 0.34548820688 6.01650104071e-07 0.793296500322 0.437053150412 0.999999998057 0.045057 0 0
19.8 9 12 0.346666626269 6.04444795438e-07 0.792683814364 0.435738121895 0.999999998456 0.04508 0 0
19.9 9 11 0.347795364724 6.07210103531e-07 0.79207657544 0.434427500079 0.999999997716 0.045478 0 0
20 9 11 0.348972062296 6.09922621742e-07 0.791474641952 0.433120537698 0.999999998118 0.045312 0 0
20.1 9 11 0.350119585522 6.12560145052e-07 0.790877866624 0.431818007979 0.999999997205 0.044922 0 0
20.2 9 11 0.351293832988 6.15101788171e-07 0.79028609738 0.430519168055 0.999999997576 0.044711 0 0
20.3 9 11 0.352466434232 6.17528090108e-07 0.789699181154 0.429224787721 0.999999997302 0.045275 0 0
20.4 9 11 0.353637508131 6.1982110855e-07 0.789116962786 0.427934129505 0.999999997652 0.044953 0 0
20.5 9 11 0.354807090736 6.21964496461e-07 0.788539287439 0.426647959271 0.999999997398 0.045107 0 0
20.6 9 11 0.355975331398 6.23943569034e-07 0.787966001833 0.425365545889 0.999999997728 0.044971 0 0
20.7 9 11 0.357142293924 6.25745351091e-07 0.787396955845 0.424087650702 0.999999997491 0.045088 0 0
20.8 9 11 0.358308145679 6.2735861539e-07 0.786832003537 0.422813549611 0.999999997804 0.045096 0 0
20.9 9 11 0.359472966623 6.28773904054e-07 0.786271004737 0.421543998959 0.999999997581 0.044923 0 0
21 9 11 0.360636930935 6.29983536227e-07 0.785713825836 0.420278282278 0.999999997878 0.044797 0 0
21.1 9 11 0.361800124227 6.30981605965e-07 0.785160341288 0.41901715037 0.999999997667 0.044977 0 0
21.2 9 11 0.362962717571 6.31763960923e-07 0.784610434161 0.417759894919 0.99999999795 0.044855 0 0
21.3 9 11 0.36412479292 6.32328173822e-07 0.784063997487 0.416507260563 0.999999997748 0.044945 0 0
21.4 9 11 0.365286509454 6.3267350181e-07 0.783520934564 0.415258547585 0.999999998016 0.045215 0 0
21.5 9 11 0.366447937068 6.32800833511e-07 0.782981160104 0.41401449378 0.99999999782 0.045267 0 0
21.6 9 11 0.367609215199 6.32712625737e-07 0.782444600282 0.412774408407 0.999999998076 0.045002 0 0
21.7 9 11 0.368771073325 6.3241283188e-07 0.781911193646 0.411539021684 0.999999997891 0.045036 0 0
21.8 9 11 0.369932215554 6.31906823312e-07 0.78138089097 0.410307652158 0.999999998133 0.045013 0 0
21.9 9 11 0.371093393707 6.31201298895e-07 0.780853655743 0.409081021695 0.999999997936 0.044996 0 0
22 9 11 0.372254690632 6.30304192728e-07 0.7803294639 0.407858458401 0.999999998167 0.045138 0 0
22.1 9 11 0.37341610363 6.29224572779e-07 0.779808304118 0.406640674987 0.999999997963 0.04524 0 0
22.2 9 11 0.374577684378 6.27972535083e-07 0.779290177194 0.405427009339 0.999999998186 0.045125 0 0
22.3 9 11 0.375739401849 6.29693977516e-07 0.778775096094 0.404218164201 0.999999997971 0.044763 0 0
22.4 9 11 0.376901277867 6.33701517372e-07 0.778263085178 0.403013487437 0.999999998186 0.045432 0 0
22.5 9 11 0.37806325501 6.37659647973e-07 0.777754179932 0.401813671011 0.999999997959 0.045545 0 0
22.6 9 10 0.379176119333 6.41548459024e-07 0.777248426089 0.400618072947 0.999999997726 0.045569 0 0
22.7 9 11 0.380396592306 6.45348760431e-07 0.776745879964 0.399427369691 0.99999999813 0.045242 0 0
22.8 9 11 0.381557955642 6.4904214514e-07 0.776246604458 0.39824093788 0.999999998335 0.045252 0 0
22.9 9 11 0.382719228072 6.52611047314e-07 0.775750671966 0.397059441218 0.999999998073 0.045685 0 0
23 9 11 0.383880371356 6.56038806168e-07 0.775258161486 0.395882258579 0.99999999828 0.045503 0 0
23.1 9 11 0.385041279989 6.59309724926e-07 0.774769157866 0.394710044952 0.999999997998 0.045204 0 0
23.2 9 11 0.3862019096 6.62409133434e-07 0.774283750904 0.39354218992 0.99999999821 0.044767 0 0
23.3 9 11 0.387362152315 6.65323447224e-07 0.773802034021 0.392379334747 0.999999997906 0.044752 0 0
23.4 9 11 0.388521965485 6.68040229468e-07 0.773324103472 0.391220879942 0.999999998125 0.04508 0 0
23.5 9 11 0.389681246714 6.70548250037e-07 0.772850056821 0.390067452439 0.999999997798 0.044864 0 0
23.6 9 11 0.390839962852 6.72837543347e-07 0.77237999233 0.388918463908 0.999999998026 0.045112 0 0
23.7 9 11 0.3919980247 6.7489946709e-07 0.771914007249 0.387774526426 0.999999997674 0.044905 0 0
23.8 9 11 0.393155415746 6.76726751081e-07 0.771452197451 0.38663506309 0.999999997914 0.045093 0 0
23.9 9 10 0.394266587647 6.78313550662e-07 0.770994655576 0.385500670665 0.999999996951 0.0448 0 0
24 9 11 0.395475501181 6.79655489e-07 0.770541471661 0.384370781693 0.999999997855 0.044912 0 0
24.1 9 11 0.396631292093 6.80749695614e-07 0.770092728041 0.383245981299 0.999999997456 0.044803 0 0
24.2 9 11 0.397786377689 6.8159483535e-07 0.769648504674 0.382125714511 0.999999997732 0.044995 0 0
24.3 9 12 0.398982780666 6.82191134471e-07 0.769208873468 0.381010546436 0.999999997746 0.045035 0 0
24.4 9 12 0.400138083305 6.82540389874e-07 0.768773900819 0.379899935263 0.999999998071 0.045042 0 0
24.5 9 12 0.401292749187 6.82645974526e-07 0.768343642505 0.37879443089 0.999999997651 0.045034 0 0
24.6 9 12 0.402446875626 6.82512827366e-07 0.767918147752 0.377693505241 0.999999997996 0.044891 0 0
24.7 9 12 0.40360051971 6.82147434095e-07 0.767497456042 0.376597690911 0.99999999755 0.044789 0 0
24.8 9 12 0.404753806882 6.8155779176e-07 0.767081598521 0.375506472888 0.999999997918 0.044863 0 0
24.9 9 12 0.405906820243 6.80753366566e-07 0.766670595797 0.374420367343 0.999999997447 0.047208 0 0
25 9 12 0.407059734199 6.79745030818e-07 0.766264459807 0.37333887272 0.999999997835 0.048404 0 0
25.1 9 12 0.408212674847 6.78544992638e-07 0.765863191602 0.372262488838 0.999999997339 0.048111 0 0
25.2 9 12 0.409365832252 6.77166708707e-07 0.765466783573 0.371190727865 0.99999999775 0.048384 0 0
25.3 9 12 0.410519362295 6.7562478645e-07 0.765075217251 0.370124073289 0.999999997228 0.048419 0 0
25.4 9 12 0.411673480041 6.73934871576e-07 0.764688465925 0.369062051359 0.999999997661 0.048855 0 0
25.5 9 12 0.412828366096 6.72113526945e-07 0.764306492429 0.36800512934 0.999999997116 0.048221 0 0
25.6 9 12 0.413984255363 6.70178100237e-07 0.763929252132 0.366952847849 0.999999997572 0.048443 0 0
25.7 9 12 0.415157200669 6.68146579397e-07 0.763556690701 0.365905658083 0.999999997796 0.048387 0 0
25.8 9 11 0.41627014241 6.66037443975e-07 0.763188747059 0.364863115063 0.999999997907 0.04844 0 0
25.9 9 11 0.41743058421 6.63869509032e-07 0.762825352129 0.363825655112 0.99999999734 0.048373 0 0
26 9 11 0.418592925544 6.61661763712e-07 0.762466431617 0.36279284757 0.999999997873 0.048258 0 0
26.1 9 11 0.419757378903 6.59433207928e-07 0.762111903844 0.361765112066 0.999999997281 0.04838 0 0
26.2 9 11 0.420924198141 6.57202688603e-07 0.761761683731 0.360742033588 0.99999999784 0.04873 0 0
26.3 9 11 0.422093589424 6.5498873425e-07 0.761415680342 0.359724016328 0.999999997221 0.048544 0 0
26.4 9 11 0.423265752423 6.52809397206e-07 0.761073801079 0.3587106603 0.999999996839 0.048144 0 0
26.5 9 11 0.424440952707 6.50682096981e-07 0.760735949844 0.35770234934 0.999999997064 0.048236 0 0
26.6 9 11 0.425619381621 6.49966396149e-07 0.760402028385 0.356698702145 0.999999997452 0.056772 0 0
26.7 9 12 0.42683464084 6.51381399486e-07 0.760071938991 0.35570008983 0.999999996468 0.048456 0 0
26.8 9 12 0.428020163912 6.52423611691e-07 0.759745583044 0.354706144897 0.999999996805 0.05715 0 0
26.9 9 12 0.429209409532 6.53112309457e-07 0.759422863619 0.353717224314 0.999999996414 0.047499 0 0
27 9 12 0.430402566194 6.53471300627e-07 0.759103684663 0.352732975945 0.999999996744 0.054189 0 0
27.1 9 12 0.431599715385 6.53528346328e-07 0.758787953944 0.351753741907 0.999999996367 0.045929 0 0
27.2 9 12 0.432801008512 6.5331443988e-07 0.758475581384 0.350779184705 0.999999996688 0.053313 0 0
27.3 9 12 0.434013352053 6.52863132333e-07 0.758166482251 0.34980963232 0.999999997134 0.045517 0 0
27.4 9 12 0.435223209397 6.52209672269e-07 0.757860575344 0.348844761231 0.999999997459 0.052839 0 0
27.5 9 12 0.436437356287 6.51390230089e-07 0.757557786071 0.347884885926 0.999999997128 0.044963 0 0
27.6 9 12 0.437655857467 6.50441144501e-07 0.757258044519 0.346929697255 0.999999997441 0.053088 0 0
27.7 9 12 0.438878656183 6.49398134711e-07 0.756961288537 0.345979495668 0.999999997126 0.045178 0 0
27.8 9 12 0.440106532575 6.48295685135e-07 0.75666746147 0.345033985588 0.999999997497 0.053308 0 0
27.9 9 12 0.441337889175 6.47166458201e-07 0.756376515198 0.344093453924 0.999999997199 0.045019 0 0
28 9 12 0.44257343197 6.46040863583e-07 0.756088407726 0.343157618331 0.999999997486 0.053122 0 0
28.1 9 12 0.443813007772 6.44946654416e-07 0.755803106104 0.342226752723 0.999999997204 0.044828 0 0
28.2 9 12 0.445056545738 6.43908796172e-07 0.7555205837 0.341300587186 0.999999997476 0.053098 0 0
28.3 9 12 0.446303848121 6.42949236296e-07 0.755240823159 0.340379382748 0.999999997211 0.044786 0 0
28.4 9 12 0.447554804141 6.4208697137e-07 0.754963813382 0.339462881511 0.999999997467 0.052901 0 0
28.5 9 12 0.448809176111 6.41338045448e-07 0.75468955245 0.338551331888 0.999999997219 0.045095 0 0
28.6 9 12 0.450066818341 6.40715703826e-07 0.754418044328 0.33764448741 0.999999997458 0.052695 0 0
28.7 9 12 0.451327458945 6.40230564786e-07 0.754149301775 0.336742584162 0.999999997228 0.045012 0 0
28.8 9 12 0.452590923424 6.39890811449e-07 0.753883342779 0.335845386502 0.999999997447 0.053022 0 0
28.9 9 12 0.453856912305 6.39702396166e-07 0.753620193474 0.334953118497 0.999999997238 0.044811 0 0
29 9 12 0.455125229094 6.40312424194e-07 0.753359884304 0.334065554718 0.999999997436 0.053402 0 0
29.1 9 12 0.456395553852 6.41466290308e-07 0.753102452998 0.333182907549 0.999999997249 0.044793 0 0
29.2 9 12 0.457667675253 6.42647827731e-07 0.752847940447 0.332304961169 0.999999997423 0.053001 0 0
29.3 9 12 0.458941260156 6.43840650794e-07 0.75259639379 0.331431916636 0.99999999726 0.04494 0 0
29.4 9 12 0.460216089583 6.45028166324e-07 0.752347862001 0.330563567138 0.999999997407 0.052987 0 0
29.5 9 12 0.461481831506 6.46193715759e-07 0.752102399142 0.329700102803 0.999999996448 0.045193 0 0
29.6 9 12 0.462758248522 6.47320715808e-07 0.751860059591 0.328841325412 0.999999996579 0.052948 0 0
29.7 9 12 0.46403503066 6.4839280578e-07 0.751620901703 0.327987414398 0.999999996488 0.045262 0 0
29.8 9 12 0.465311964192 6.49393991248e-07 0.751384982623 0.327138179252 0.999999996588 0.052903 0 0
29.9 9 12 0.466588716724 6.50308791594e-07 0.751152362104 0.326293789533 0.999999996532 0.044851 0 0
30 9 12 0.467865084644 6.51122384454e-07 0.750923097194 0.325454062084 0.999999996597 0.053161 0 0
