# SIAM excitation B=c_0up^dag|gs> (normalized), method=fbr
# L=100 U=0.1 V=0.1 dt=0.1 tmax=30 max_bond_dim=512 mps_cutoff=1e-09 activity_tol=1e-07
# E_gs=-30.9227535891 gs_n_active=20 gs_bond_dim=24 gs_wall_s=85.181721
# nrm=0.707106781206
# t  n_active  bond_dim  renyi_half  slater_activity  n0up  n0dw  norm  wall_s  ReA  ImA
0 20 24 0.217133245104 3.12305736827e-13 1 0.686975495481 1 0.00210999999999 0 0
0.1 12 11 0.115996525081 1.32170973055e-08 0.99996133725 0.686956186287 0.999999985987 0.076125 0 0
0.2 12 11 0.115952888161 4.1918721827e-09 0.999845452261 0.686898291255 0.999999996014 0.058555 0 0
0.3 12 11 0.115939519724 3.84789999863e-09 0.999652627772 0.686801886484 0.999999996671 0.05108 0 0
0.4 12 9 0.115838122438 3.85196685659e-09 0.999383350615 0.686667111596 0.999999995261 0.051357 0 0
0.5 12 9 0.115870797538 3.85194165453e-09 0.999038299422 0.686494157324 0.999999995603 0.051526 0 0
0.6 12 9 0.115917616139 3.84815179721e-09 0.99861833635 0.686283264716 0.999999996184 0.042459 0 0
0.7 12 9 0.115980088804 3.84094167583e-09 0.998124510048 0.686034727154 0.999999996476 0.051247 0 0
0.8 12 9 0.116058844408 3.83077103372e-09 0.997558050455 0.685748889359 0.999999996812 0.054215 0 0
0.9 12 9 0.116154915988 3.81820608464e-09 0.996920359775 0.685426143616 0.99999999807 0.052553 0 0
1 12 9 0.215298682701 3.80259257415e-09 0.996213007588 0.685066929135 0.999999997637 0.051894 0 0
1.1 12 9 0.218723322178 3.78303299797e-09 0.995437723708 0.684671731384 0.999999997988 0.051619 0 0
1.2 12 9 0.221423322309 3.75963116195e-09 0.994596390251 0.684241075657 0.999999997875 0.051862 0 0
1.3 12 9 0.223491060579 3.73251041186e-09 0.993691033246 0.683775528411 0.999999997716 0.051413 0 0
1.4 12 9 0.225026296225 3.70181962861e-09 0.992723813519 0.683275693148 0.999999997596 0.051603 0 0
1.5 12 9 0.226127681449 3.66773833527e-09 0.991697016696 0.682742209128 0.999999997342 0.051526 0 0
1.6 12 9 0.22688227748 3.63047270024e-09 0.99061304357 0.68217574667 0.999999997089 0.051863 0 0
1.7 12 10 0.227418705854 3.59025509322e-09 0.989474400706 0.681577005405 0.999999997369 0.042792 0 0
1.8 12 10 0.227724788225 3.54733276087e-09 0.988283683944 0.680946710923 0.999999997087 0.042474 0 0
1.9 12 10 0.227879029028 3.50200357602e-09 0.987043573792 0.68028561238 0.999999997104 0.042743 0 0
2 12 10 0.227918840476 3.45458850415e-09 0.985756818613 0.679594478613 0.999999996575 0.043047 0 0
2.1 12 10 0.227874973961 3.4053944109e-09 0.984426228025 0.678874095943 0.999999996653 0.043546 0 0
2.2 12 10 0.227776313245 3.35474603652e-09 0.983054656365 0.678125264094 0.999999996765 0.042933 0 0
2.3 12 10 0.227639717877 3.30287774908e-09 0.981644993632 0.677348793615 0.999999996825 0.043003 0 0
2.4 12 10 0.227478459028 3.24977000865e-09 0.980200153924 0.67654550309 0.999999996307 0.042994 0 0
2.5 12 10 0.227302865278 3.19551196615e-09 0.978723061081 0.675716216408 0.999999996752 0.042972 0 0
2.6 12 10 0.227122484368 3.14046821881e-09 0.977216635738 0.674861758342 0.999999996988 0.043587 0 0
2.7 12 10 0.226952498528 3.08458836251e-09 0.975683787678 0.673982953712 0.999999997381 0.045988 0 0
2.8 12 10 0.226790868586 3.0276038343e-09 0.974127402177 0.673080623999 0.999999997371 0.046132 0 0
2.9 12 10 0.226642279274 2.96960456225e-09 0.972550325986 0.672155584186 0.999999997021 0.04594 0 0
3 12 10 0.2265121664 2.91084056858e-09 0.970955359756 0.671208641749 0.999999996578 0.046506 0 0
3.1 12 10 0.226401262958 3.19397347035e-09 0.96934525048 0.670240592929 0.999999996113 0.046062 0 0
3.2 12 10 0.226308029481 4.3437475312e-09 0.967722678862 0.669252221032 0.999999995595 0.046578 0 0
3.3 12 10 0.226241470304 3.53339622135e-09 0.966090245975 0.668244293465 0.999999995727 0.046923 0 0
3.4 12 10 0.226193074819 2.67326527581e-09 0.964450472797 0.667217562133 0.999999995962 0.046077 0 0
3.5 12 10 0.226168506703 2.61447730132e-09 0.962805788405 0.666172759455 0.999999995961 0.046138 0 0
3.6 12 10 0.226165906564 2.55643273217e-09 0.961158520445 0.665110599309 0.999999995622 0.046315 0 0
3.7 12 10 0.226185890398 2.57603405085e-09 0.959510891445 0.66403177338 0.99999999542 0.046255 0 0
3.8 12 10 0.226228396721 2.64633805973e-09 0.957865010183 0.662936951404 0.999999995159 0.046313 0 0
3.9 12 10 0.226293523797 2.70697590339e-09 0.956222867822 0.661826779538 0.999999994913 0.04625 0 0
4 12 10 0.226381182153 2.75842030779e-09 0.954586332665 0.660701879855 0.999999994828 0.046615 0 0
4.1 12 10 0.226491416015 2.80073386386e-09 0.952957145848 0.659562848824 0.999999994655 0.046571 0 0
4.2 12 10 0.226624187119 2.83575445002e-09 0.951336919668 0.658410258692 0.999999994444 0.046093 0 0
4.3 12 10 0.226779959423 2.86503109907e-09 0.94972713395 0.657244655665 0.999999994555 0.046086 0 0
4.4 12 11 0.227014960133 2.89026544855e-09 0.948129132637 0.656066559758 0.99999999517 0.046428 0 0
4.5 12 11 0.227217750802 3.00652103213e-09 0.946544126872 0.65487646597 0.999999994482 0.04611 0 0
4.6 12 11 0.227443383614 3.07353431594e-09 0.944973195123 0.653674843454 0.999999994223 0.056171 0 0
4.7 12 10 0.227613842399 3.1403367684e-09 0.943417279209 0.652462135567 0.999999994976 0.055796 0 0
4.8 12 10 0.227874511935 2.57078431309e-09 0.941877182005 0.651238760017 0.999999995619 0.053969 0 0
4.9 12 10 0.228159418678 2.52000677602e-09 0.94035358221 0.650005111088 0.999999995654 0.053611 0 0
5 12 10 0.228467499264 2.48655181706e-09 0.938847030031 0.648761559322 0.999999995283 0.052482 0 0
5.1 12 10 0.228798939567 2.46673665545e-09 0.937357949705 0.647508452 0.99999999527 0.052761 0 0
5.2 12 10 0.229153627038 2.46030429244e-09 0.935886644428 0.646246113676 0.999999995237 0.05205 0 0
5.3 12 9 0.229477483996 2.47573534091e-09 0.934433301409 0.644974847842 0.999999994846 0.052458 0 0
5.4 12 9 0.229877941411 2.47938826617e-09 0.932997994302 0.643694937311 0.99999999497 0.052077 0 0
5.5 12 9 0.230300119104 2.50917130572e-09 0.931580691293 0.642406645494 0.999999994941 0.052069 0 0
5.6 12 9 0.230744053396 2.55234631331e-09 0.930181260473 0.641110217762 0.999999995191 0.052222 0 0
5.7 12 9 0.231209137912 2.60914502664e-09 0.928799475576 0.63980588208 0.999999995066 0.052069 0 0
5.8 12 9 0.231694975751 2.68288506751e-09 0.92743502257 0.638493850778 0.999999995707 0.05227 0 0
5.9 12 9 0.232197907184 3.54965677371e-09 0.926087505506 0.637174320801 0.999999996207 0.051954 0 0
6 12 9 0.232720914776 3.98314097997e-09 0.924756453195 0.635847476408 0.999999996097 0.052319 0 0
6.1 12 9 0.233263755724 4.30070628804e-09 0.923441330503 0.634513489199 0.999999995966 0.05188 0 0
6.2 12 9 0.23382585303 4.62352473381e-09 0.922141542215 0.633172519631 0.999999995813 0.051817 0 0
6.3 12 9 0.234407215083 4.97613169494e-09 0.920856441457 0.631824718274 0.999999995277 0.052039 0 0
6.4 12 9 0.235006625903 5.1472376304e-09 0.919585337452 0.630470227104 0.999999995478 0.05194 0 0
6.5 12 9 0.235626828524 5.72696442399e-09 0.918327501889 0.62910917975 0.99999999545 0.052085 0 0
6.6 12 9 0.236263437476 6.24791412538e-09 0.917082178159 0.627741704508 0.99999999524 0.051862 0 0
6.7 12 9 0.236915782952 6.76202632045e-09 0.915848587705 0.626367924317 0.999999995017 0.052151 0 0
6.8 12 9 0.237583057111 7.31152252931e-09 0.914625937158 0.624987957682 0.99999999477 0.052295 0 0
6.9 12 9 0.238265595505 7.9089598427e-09 0.91341342551 0.623601919883 0.999999995404 0.052038 0 0
7 12 9 0.238961566531 8.55896293557e-09 0.912210249869 0.622209923569 0.999999995228 0.052347 0 0
7.1 12 9 0.239670800787 9.26424294311e-09 0.911015615068 0.620812080673 0.999999995015 0.05221 0 0
7.2 12 9 0.240392424708 1.00268001674e-08 0.909828736418 0.619408502259 0.999999994783 0.051905 0 0
7.3 12 9 0.241135764367 1.08481047414e-08 0.908648846804 0.617999299533 0.999999995484 0.051829 0 0
7.4 12 9 0.241889497012 1.17291001579e-08 0.907475201799 0.616584584457 0.999999995245 0.043699 0 0
7.5 12 9 0.242652838912 1.26700085746e-08 0.906307085126 0.615164470846 0.999999996038 0.043382 0 0
7.6 12 9 0.243424996557 1.46462329591e-08 0.905143812332 0.613739074218 0.99999999732 0.043297 0 0
7.7 12 9 0.244205037421 1.63530167326e-08 0.903984735274 0.612308511815 0.999999997352 0.04353 0 0
7.8 12 9 0.244992191826 1.70557895442e-08 0.902829249105 0.610872905797 0.999999997639 0.043492 0 0
7.9 12 9 0.245785619732 1.8482698004e-08 0.90167679116 0.609432380111 0.999999997564 0.043481 0 0
8 12 9 0.246584562789 1.99887101755e-08 0.900526845905 0.607987062243 0.999999997484 0.042984 0 0
8.1 12 9 0.247388302422 2.1579013374e-08 0.899378946286 0.606537083335 0.9999999974 0.043088 0 0
8.2 12 9 0.248196165057 2.32535281471e-08 0.898232675994 0.60508257821 0.999999997311 0.043215 0 0
8.3 12 9 0.249007329977 2.50100000543e-08 0.897087670828 0.603623685406 0.999999997098 0.043164 0 0
8.4 12 9 0.249821165191 2.68447906773e-08 0.89594361393 0.602160546878 0.999999997069 0.043305 0 0
8.5 12 9 0.250637446538 2.87531493664e-08 0.894800248009 0.600693308819 0.999999996918 0.043372 0 0
8.6 12 9 0.251455672797 3.07291756165e-08 0.893657368017 0.599222120397 0.999999996761 0.04334 0 0
8.7 12 9 0.252275402055 3.27658335468e-08 0.892514822034 0.597747134097 0.999999996579 0.043447 0 0
8.8 12 9 0.25309627282 3.48549484222e-08 0.891372510278 0.596268505399 0.999999996372 0.04335 0 0
8.9 12 9 0.253917995057 3.6987226387e-08 0.89023038382 0.594786392478 0.999999996142 0.043335 0 0
9 12 9 0.254740346349 3.91522861858e-08 0.889088442937 0.593300955873 0.999999995893 0.04315 0 0
9.1 12 9 0.255563096223 4.13387147562e-08 0.887946735137 0.591812358125 0.99999999563 0.043442 0 0
9.2 12 9 0.256386328604 4.35341239554e-08 0.886805351778 0.590320763093 0.999999995821 0.043431 0 0
9.3 12 9 0.257209898081 4.57253221066e-08 0.885664427402 0.58882633617 0.99999999559 0.043456 0 0
9.4 12 9 0.258033886703 4.78982937404e-08 0.884524136022 0.587329243524 0.999999995803 0.04383 0 0
9.5 12 9 0.258858324474 5.00384445755e-08 0.883384687829 0.585829651493 0.999999995653 0.043875 0 0
9.6 12 10 0.259730892806 5.21307146609e-08 0.882246327026 0.584327726666 0.999999995869 0.044089 0 0
9.7 12 10 0.2605957768 5.4159811735e-08 0.881109327914 0.582823634833 0.999999995907 0.044065 0 0
9.8 12 10 0.261459567114 5.61102185175e-08 0.879973990133 0.581317540766 0.999999995694 0.043507 0 0
9.9 12 10 0.262322538498 5.79666022936e-08 0.878840635393 0.579809607889 0.99999999545 0.043793 0 0
10 12 10 0.263185063062 5.97139143268e-08 0.877709603771 0.578299997706 0.999999995177 0.043801 0 0
10.1 12 10 0.264047548644 6.13376190792e-08 0.876581250101 0.576788869459 0.99999999488 0.04351 0 0
10.2 12 10 0.264909005504 6.28239094315e-08 0.875455940171 0.575276379727 0.999999994525 0.043868 0 0
10.3 12 10 0.265784123123 6.41600195438e-08 0.874334045903 0.573762682066 0.999999994831 0.043691 0 0
10.4 12 10 0.266671622471 6.53342324312e-08 0.873215942471 0.572247926887 0.99999999519 0.043866 0 0
10.5 12 10 0.267563305002 6.63360865069e-08 0.872102006745 0.570732260704 0.999999995068 0.043797 0 0
10.6 12 10 0.268459527583 6.71566047201e-08 0.870992612283 0.569215826042 0.999999994946 0.043832 0 0
10.7 12 10 0.269360689826 6.7788489136e-08 0.869888124886 0.567698761318 0.999999994823 0.043903 0 0
10.8 12 10 0.270267198633 6.82262023153e-08 0.868788900235 0.566181200544 0.9999999947 0.043824 0 0
10.9 12 10 0.271179464257 6.84660704607e-08 0.867695280895 0.564663273151 0.999999994576 0.043569 0 0
11 12 10 0.272097896064 6.85063612143e-08 0.86660759352 0.563145103851 0.999999994452 0.043604 0 0
11.1 12 10 0.273022898973 6.8347329288e-08 0.865526146288 0.561626812529 0.999999994333 0.043895 0 0
11.2 12 10 0.273954868019 6.79959899837e-08 0.864451226565 0.560108514135 0.999999994209 0.043618 0 0
11.3 12 10 0.274894186384 6.74490218581e-08 0.863383098847 0.558590318778 0.999999994084 0.04372 0 0
11.4 12 10 0.275841221379 6.67143657931e-08 0.862322002928 0.557072331603 0.999999993959 0.043524 0 0
11.5 12 10 0.276796323026 6.58008733642e-08 0.861268152376 0.555554652869 0.999999994015 0.044071 0 0
11.6 12 10 0.277759839416 6.47391133249e-08 0.86022173319 0.554037378116 0.999999994112 0.044057 0 0
11.7 12 10 0.278732090374 6.35133439117e-08 0.859182902653 0.552520597934 0.999999994483 0.043903 0 0
11.8 12 10 0.279712859987 6.22491768797e-08 0.85815178768 0.55100439799 0.999999994267 0.043731 0 0
11.9 12 10 0.28070358776 6.08065059091e-08 0.85712848493 0.549488860653 0.999999994216 0.043958 0 0
12 12 11 0.28176586 5.922815777e-08 0.856113063874 0.547974063753 0.999999994419 0.043431 0 0
12.1 12 11 0.282845081534 5.75431878457e-08 0.855105556552 0.546460080143 0.99999999477 0.043799 0 0
12.2 12 11 0.283933159561 5.57746675026e-08 0.854105967652 0.544946979219 0.999999994901 0.043771 0 0
12.3 12 11 0.284897291001 5.3943080516e-08 0.853114313945 0.543434827337 0.999999995046 0.043922 0 0
12.4 12 11 0.285990072596 5.20681907968e-08 0.852130497015 0.541923687252 0.999999994259 0.043949 0 0
12.5 12 12 0.287147917523 5.0169858097e-08 0.851154464172 0.540413619107 0.999999994327 0.043786 0 0
12.6 12 11 0.288107804624 4.82683991981e-08 0.850186148924 0.538904679199 0.999999994633 0.043955 0 0
12.7 12 11 0.289134526077 4.63836996104e-08 0.849225397369 0.537396921854 0.999999994817 0.044009 0 0
12.8 12 10 0.290146304499 4.45356377035e-08 0.848272060762 0.535890399389 0.999999993777 0.043894 0 0
12.9 12 10 0.291250405751 4.27435334792e-08 0.84732599271 0.534385162541 0.999999994056 0.043941 0 0
13 12 10 0.292365404732 4.10269155681e-08 0.846387001134 0.532881260489 0.999999994152 0.043821 0 0
13.1 12 10 0.293490254759 3.94047186392e-08 0.845454886873 0.531378739511 0.999999993868 0.043743 0 0
13.2 12 11 0.294667367234 3.83422548156e-08 0.844529430876 0.529877646469 0.99999999416 0.043838 0 0
13.3 12 11 0.295829548733 3.9139303909e-08 0.843610415919 0.528378026418 0.999999993862 0.043593 0 0
13.4 12 11 0.297001169775 3.98660575662e-08 0.84269761186 0.526879924858 0.999999993452 0.043955 0 0
13.5 12 11 0.298186753753 4.05185558439e-08 0.84179078091 0.525383386547 0.999999993949 0.043971 0 0
13.6 12 11 0.299355989484 4.10933950201e-08 0.840889681473 0.523888455516 0.999999995222 0.043683 0 0
13.7 12 11 0.300527742687 4.15877763338e-08 0.839994047923 0.522395176487 0.999999994985 0.044395 0 0
13.8 12 11 0.301697508593 4.19995505041e-08 0.839103619803 0.520903595036 0.999999994564 0.044111 0 0
13.9 12 11 0.302915261934 4.2327258476e-08 0.838218170407 0.51941375937 0.999999994447 0.043927 0 0
14 12 11 0.304116978406 4.25708687191e-08 0.837337450301 0.517925715836 0.999999994079 0.053252 0 0
14.1 12 11 0.305324594548 4.27315730578e-08 0.836461210123 0.516439510694 0.999999993461 0.053309 0 0
14.2 12 11 0.306539840919 4.28112141293e-08 0.835589229588 0.514955192165 0.999999993803 0.053398 0 0
14.3 12 11 0.307768865514 4.2811396872e-08 0.834721282554 0.513472810703 0.999999994572 0.053035 0 0
14.4 12 11 0.309015263631 4.27332433883e-08 0.833857178732 0.511992416953 0.99999999459 0.05291 0 0
14.5 12 11 0.310265326264 4.25792623382e-08 0.83299672609 0.51051406134 0.999999994633 0.053098 0 0
14.6 12 11 0.311517768664 5.6058038248e-08 0.83213974459 0.509037795857 0.999999994657 0.053176 0 0
14.7 12 11 0.312776245867 7.17863717973e-08 0.83128606932 0.507563673519 0.999999994492 0.053284 0 0
14.8 12 11 0.31403737394 8.93505831121e-08 0.83043555327 0.506091748684 0.999999994301 0.0533 0 0
14.9 12 11 0.315280159826 6.97661907934e-08 0.829588065412 0.504622076512 0.999999994535 0.053183 0 0
15 12 11 0.316518600055 5.50316456938e-08 0.828743454101 0.50315471303 0.999999994391 0.052803 0 0
15.1 12 11 0.317761308279 5.05810060503e-08 0.827901623199 0.501689715623 0.999999994367 0.053198 0 0
15.2 12 11 0.319012851963 5.40762694623e-08 0.827062514506 0.500227142177 0.999999994472 0.053178 0 0
15.3 12 11 0.320268712401 5.78711557564e-08 0.826226067571 0.498767051361 0.999999994301 0.053101 0 0
15.4 12 11 0.321523734426 6.19533668811e-08 0.825392222156 0.497309501888 0.999999994084 0.05295 0 0
15.5 12 11 0.322781047516 6.63171678683e-08 0.824560957761 0.495854553636 0.999999993901 0.053018 0 0
15.6 12 11 0.324033652276 7.09493686024e-08 0.823732335033 0.494402266553 0.999999994076 0.053027 0 0
15.7 12 11 0.325296494742 7.58358041919e-08 0.82290630904 0.492952700605 0.999999993685 0.053123 0 0
15.8 12 11 0.326559909776 7.9727836777e-08 0.822082913628 0.491505915611 0.999999994087 0.053243 0 0
15.9 12 11 0.327813733499 8.2776964283e-08 0.821262287729 0.490061971764 0.999999994486 0.053207 0 0
16 12 11 0.329068632193 8.70180936197e-08 0.820444471034 0.488620929339 0.999999994041 0.053071 0 0
16.1 12 11 0.330333473886 9.16068335632e-08 0.81962952078 0.487182847161 0.999999993922 0.05304 0 0
16.2 12 11 0.331587206921 9.64194654118e-08 0.818817573791 0.485747783691 0.999999993697 0.053369 0 0
16.3 14 11 0.332849533675 4.01335611431e-08 0.818008696938 0.484315796965 0.999999993227 0.053213 0 0
16.4 14 12 0.334150834784 3.54082390075e-08 0.817203017049 0.482886943511 0.999999990211 0.056548 0 0
16.5 14 12 0.335431973764 3.70946392296e-08 0.816400677956 0.481461279382 0.999999991869 0.047859 0 0
16.6 14 12 0.336675947398 3.63508245727e-08 0.815601847669 0.480038859451 0.999999992058 0.04788 0 0
16.7 14 12 0.337909568754 3.6670425696e-08 0.814806652258 0.478619737013 0.999999990454 0.056815 0 0
16.8 14 12 0.339164621883 3.68874117918e-08 0.814015248962 0.477203962917 0.999999992723 0.047968 0 0
16.9 14 11 0.340378494997 3.70014043849e-08 0.813227787976 0.475791587287 0.999999992288 0.056689 0 0
17 14 11 0.341634466284 3.70126220783e-08 0.812444411164 0.474382659847 0.999999992439 0.048045 0 0
17.1 14 11 0.342887063318 3.69218794427e-08 0.811665298507 0.472977226656 0.999999992643 0.047685 0 0
17.2 14 11 0.344151225241 3.67305790228e-08 0.81089059634 0.471575332413 0.999999993527 0.056579 0 0
17.3 14 11 0.345413921813 3.64406990139e-08 0.810120456888 0.470177021302 0.999999992551 0.056717 0 0
17.4 14 11 0.346679772136 3.60547753875e-08 0.809355016283 0.46878233347 0.999999992844 0.056908 0 0
17.5 14 11 0.347956438113 3.55758795756e-08 0.808594409588 0.467391309701 0.999999993042 0.056996 0 0
17.6 14 11 0.349234449688 3.50075887168e-08 0.807838779188 0.466003987519 0.999999994244 0.048212 0 0
17.7 14 11 0.35051321551 3.49388604134e-08 0.807088257658 0.464620401324 0.999999993372 0.056963 0 0
17.8 14 11 0.351790005704 3.50971288137e-08 0.806342975117 0.463240586216 0.999999993444 0.057192 0 0
17.9 14 11 0.353068407856 3.51553093611e-08 0.805603027845 0.461864576399 0.999999993889 0.048112 0 0
18 14 11 0.354350558061 3.51125692671e-08 0.804868504657 0.460492401605 0.99999999465 0.057185 0 0
18.1 14 11 0.355632216915 3.49687808388e-08 0.804139511172 0.459124090652 0.999999991937 0.057276 0 0
18.2 14 11 0.356915748811 3.47245363996e-08 0.803416113936 0.457759671214 0.999999992296 0.057011 0 0
18.3 14 11 0.358203230694 3.43811569586e-08 0.802698359512 0.456399171288 0.999999993468 0.048234 0 0
18.4 14 11 0.359491200505 3.39406891109e-08 0.801986311976 0.45504261342 0.999999992561 0.056814 0 0
18.5 14 11 0.360783216235 3.34058951745e-08 0.801279988298 0.453690022263 0.999999991249 0.048511 0 0
18.6 14 11 0.362078132084 3.27802305037e-08 0.800579409318 0.452341416022 0.999999992518 0.048063 0 0
18.7 14 11 0.36337410687 3.20678121873e-08 0.79988459701 0.450996815754 0.999999992267 0.057495 0 0
18.8 14 11 0.36467305062 3.12733769401e-08 0.79919553761 0.4496562396 0.999999993024 0.057096 0 0
18.9 14 11 0.365975806726 3.04022327613e-08 0.798512198631 0.448319702979 0.99999999275 0.057006 0 0
19 14 11 0.367280796904 2.99845857032e-08 0.797834567293 0.446987221882 0.999999992898 0.05725 0 0
19.1 14 11 0.368588566246 3.04246852156e-08 0.797162592318 0.445658808535 0.999999991481 0.057111 0 0
19.2 13 11 0.369899189986 9.31991298581e-08 0.796496216855 0.444334475444 0.999999990827 0.057283 0 0
19.3 13 11 0.371212314601 3.11179648715e-08 0.795835411508 0.443014220342 0.999999991841 0.055606 0 0
19.4 13 11 0.372530464973 3.13662874563e-08 0.795180019844 0.441698080077 0.999999992919 0.055366 0 0
19.5 13 11 0.373852102388 3.15464563361e-08 0.794529994878 0.440386049258 0.999999993347 0.055242 0 0
19.6 13 11 0.375177111347 3.16570085701e-08 0.793885241479 0.439078137997 0.999999993799 0.055125 0 0
19.7 13 11 0.376505454234 3.16968888914e-08 0.793245657768 0.437774355411 0.999999993204 0.055607 0 0
19.8 13 11 0.377837216776 3.16654624744e-08 0.792611136114 0.436474713015 0.999999993617 0.055479 0 0
19.9 13 11 0.379172342818 3.15625182656e-08 0.791981562311 0.435179223153 0.999999993446 0.054992 0 0
20 13 11 0.380510834401 3.13882719816e-08 0.791356818625 0.433887894952 0.999999993522 0.055229 0 0
20.1 13 11 0.381852549687 3.11433668854e-08 0.790736783997 0.432600740083 0.999999992179 0.055042 0 0
20.2 13 11 0.383197586552 3.08288687911e-08 0.790121336243 0.43131776886 0.999999992698 0.055283 0 0
20.3 13 11 0.384545813062 3.04462604017e-08 0.789510351211 0.430038988645 0.999999992997 0.055191 0 0
20.4 13 11 0.385897283784 2.99974295404e-08 0.788903705395 0.428764411746 0.999999993528 0.055878 0 0
20.5 13 11 0.387251736123 2.94846574933e-08 0.78830127609 0.427494048047 0.999999993005 0.055044 0 0
20.6 13 11 0.388609222695 2.89106008022e-08 0.787702945587 0.426227912313 0.999999993515 0.055484 0 0
20.7 13 11 0.38996954153 2.82782728345e-08 0.787108596564 0.424966016317 0.999999993298 0.055588 0 0
20.8 13 11 0.391332644736 2.83314392067e-08 0.78651811815 0.423708373332 0.999999993863 0.055222 0 0
20.9 13 11 0.392698345563 2.83175361443e-08 0.785931403751 0.422455004831 0.99999999294 0.05539 0 0
21 13 11 0.394066541704 2.82153825537e-08 0.78534835463 0.421205930882 0.999999993551 0.055547 0 0
21.1 13 11 0.39543712435 2.80258891039e-08 0.784768875363 0.41996116855 0.9999999939 0.055482 0 0
21.2 13 11 0.396809855953 2.7750651849e-08 0.784192881311 0.41872074002 0.999999993165 0.055501 0 0
21.3 13 11 0.398184665688 2.73919199102e-08 0.783620295718 0.417484672266 0.999999993146 0.055308 0 0
21.4 13 11 0.399561382465 2.69525559408e-08 0.783051048261 0.416252980491 0.999999993386 0.055395 0 0
21.5 13 11 0.400939898915 2.64359894179e-08 0.782485079694 0.415025694964 0.999999993527 0.05587 0 0
21.6 13 11 0.402320150187 2.5846164115e-08 0.781922339328 0.413802840985 0.999999993559 0.05549 0 0
21.7 13 11 0.403701914757 2.61803526636e-08 0.781362786161 0.412584438486 0.999999994375 0.056201 0 0
21.8 13 11 0.405084969825 2.65840427449e-08 0.780806388988 0.411370516441 0.999999993703 0.055612 0 0
21.9 13 11 0.406469193894 2.69360537208e-08 0.780253127085 0.410161102786 0.999999993552 0.056031 0 0
22 13 11 0.407854418862 2.72336954099e-08 0.779702988257 0.408956223264 0.99999999313 0.055668 0 0
22.1 13 11 0.409240627912 2.74746486673e-08 0.779155970016 0.407755901815 0.999999994143 0.055638 0 0
22.2 13 11 0.410627582844 2.76570041313e-08 0.77861207955 0.406560166711 0.999999994544 0.055945 0 0
22.3 13 11 0.412015356921 2.77792970849e-08 0.778071333094 0.405369042539 0.999999994726 0.055402 0 0
22.4 13 11 0.413403609762 2.78405353216e-08 0.777533755341 0.404182548682 0.999999994521 0.056127 0 0
22.5 13 11 0.414792228553 2.78402209064e-08 0.77699937975 0.403000702347 0.999999993913 0.055981 0 0
22.6 13 11 0.416181166387 2.77783575031e-08 0.776468245957 0.401823517212 0.999999993781 0.056106 0 0
22.7 13 11 0.417566207636 2.76554552592e-08 0.775940401149 0.400651006004 0.999999992928 0.056131 0 0
22.8 13 11 0.418953102925 2.74725212579e-08 0.775415900605 0.399483179421 0.999999993162 0.055675 0 0
22.9 13 11 0.420341273724 2.72310417548e-08 0.774894802252 0.398320050091 0.999999993856 0.055909 0 0
23 13 11 0.421730059446 2.69329619718e-08 0.774377169306 0.397161627568 0.999999992476 0.056063 0 0
23.1 13 11 0.423119184941 2.65806403554e-08 0.773863070864 0.396007917857 0.999999993723 0.055976 0 0
23.2 13 11 0.424508360776 2.61768174914e-08 0.77335257794 0.394858929872 0.999999992825 0.05587 0 0
23.3 13 11 0.425897430548 2.57245585944e-08 0.772845764521 0.393714667761 0.999999993396 0.056224 0 0
23.4 13 11 0.427286364829 2.52272092105e-08 0.772342705995 0.392575136774 0.99999999374 0.05567 0 0
23.5 13 11 0.428675068142 2.46883277155e-08 0.771843478186 0.391440341837 0.999999993661 0.055995 0 0
23.6 13 11 0.430063493038 2.41116429045e-08 0.771348157321 0.390310286027 0.999999993804 0.055726 0 0
23.7 13 11 0.431451599327 2.35009810501e-08 0.770856818513 0.389184970673 0.999999993849 0.055688 0 0
23.8 13 11 0.432839370845 2.2860223714e-08 0.770369535051 0.388064396899 0.99999999302 0.055869 0 0
23.9 13 11 0.434226791745 2.21932459077e-08 0.769886378728 0.38694856401 0.999999992813 0.055851 0 0
24 13 11 0.435613899665 2.15038773455e-08 0.769407416562 0.385837471102 0.999999993538 0.05572 0 0
24.1 13 11 0.437000658699 2.17991564799e-08 0.768932712111 0.384731115469 0.999999993312 0.0561 0 0
24.2 13 11 0.438387122364 2.21565308323e-08 0.768462325406 0.38362949483 0.999999993659 0.05609 0 0
24.3 13 11 0.439773224202 2.24731823151e-08 0.767996310306 0.382532604305 0.999999993208 0.055668 0 0
24.4 13 11 0.441159004631 2.2749168771e-08 0.767534716358 0.381440440506 0.999999992959 0.055652 0 0
24.5 13 11 0.442544433118 2.29852327172e-08 0.76707758536 0.380352998213 0.999999992196 0.056109 0 0
24.6 13 11 0.443929526236 2.31826513541e-08 0.766624954296 0.379270269877 0.999999992578 0.055596 0 0
24.7 13 11 0.44531430361 2.33429664487e-08 0.766176851849 0.378192251135 0.999999992542 0.056322 0 0
24.8 13 11 0.446698743451 2.34683077416e-08 0.765733299628 0.377118935876 0.999999992387 0.056447 0 0
24.9 13 11 0.448082898682 2.35607623411e-08 0.765294313245 0.376050316133 0.999999993495 0.056021 0 0
25 13 11 0.449466683768 2.36227335471e-08 0.764859899243 0.374986385154 0.999999992693 0.05579 0 0
25.1 13 11 0.450850091327 2.36564062783e-08 0.764430058745 0.373927136334 0.999999992194 0.055544 0 0
25.2 13 11 0.452233131894 2.36640018692e-08 0.76400478421 0.372872561311 0.99999999254 0.055428 0 0
25.3 13 11 0.453615780562 2.3647239944e-08 0.763584060587 0.371822653712 0.999999992905 0.0552 0 0
25.4 13 11 0.454997965168 2.36077125626e-08 0.763167866001 0.370777405626 0.999999992482 0.055122 0 0
25.5 13 12 0.456430760588 2.35463343268e-08 0.762756169323 0.36973680946 0.999999993507 0.055598 0 0
25.6 13 11 0.457760353764 2.34636885477e-08 0.762348963848 0.368700858969 0.999999993234 0.056258 0 0
25.7 13 12 0.45919290925 2.33597133859e-08 0.761946178496 0.367669546517 0.999999992525 0.055661 0 0
25.8 13 11 0.460519968221 2.32339132378e-08 0.761547797087 0.366642865901 0.999999992792 0.056395 0 0
25.9 13 12 0.461952013716 2.30852329475e-08 0.761153734957 0.365620809863 0.999999992989 0.055934 0 0
26 13 11 0.463276419577 2.29122497641e-08 0.760763966573 0.364603372623 0.999999992677 0.056302 0 0
26.1 13 12 0.464707551194 2.27132440633e-08 0.760378396686 0.36359054753 0.999999991588 0.055981 0 0
26.2 13 11 0.466029121241 2.24860878806e-08 0.759996992799 0.362582328073 0.999999991976 0.056393 0 0
26.3 13 12 0.467458977647 2.2228840435e-08 0.759619651433 0.361578703593 0.999999991994 0.056228 0 0
26.4 13 12 0.468908483814 2.19393045953e-08 0.759246277398 0.36057967063 0.999999992117 0.056628 0 0
26.5 13 12 0.470359741637 4.07461677327e-08 0.758876805779 0.359585223925 0.999999992323 0.056531 0 0
26.6 13 12 0.47181796815 7.33098573001e-08 0.758511160871 0.358595359849 0.999999991987 0.056284 0 0
26.7 14 12 0.473275973629 2.08596464546e-08 0.758149263435 0.357610076509 0.999999993189 0.05654 0 0
26.8 14 12 0.474734057704 2.04254323455e-08 0.757791035966 0.356629368516 0.999999992763 0.066657 0 0
26.9 14 12 0.476188578648 1.99533349843e-08 0.757436406321 0.355653233482 0.999999992468 0.066507 0 0
27 14 12 0.47763964359 2.05496911709e-08 0.757085299656 0.354681670746 0.999999992275 0.066466 0 0
27.1 14 12 0.479093415826 2.13311037722e-08 0.756737641234 0.353714679395 0.999999993077 0.066586 0 0
27.2 14 12 0.480541187053 2.20913021209e-08 0.756393364009 0.352752257184 0.999999991479 0.06639 0 0
27.3 14 12 0.481984703585 2.28155648818e-08 0.756052403752 0.351794406589 0.999999992876 0.066242 0 0
27.4 14 12 0.483423034793 2.3493269441e-08 0.755714696995 0.350841125335 0.999999991498 0.066569 0 0
27.5 14 12 0.484855891659 2.41060711392e-08 0.755380184633 0.349892414409 0.999999990859 0.06656 0 0
27.6 14 12 0.486283941654 2.46504221479e-08 0.755048814209 0.348948274554 0.999999991153 0.066469 0 0
27.7 14 12 0.487710035644 2.51077676428e-08 0.754720534019 0.34800870665 0.999999991783 0.06657 0 0
27.8 14 12 0.489126620787 2.54775148756e-08 0.754395300002 0.347073712801 0.999999990452 0.066615 0 0
27.9 14 12 0.490541943247 2.57406908011e-08 0.754073073805 0.346143293248 0.999999991964 0.066422 0 0
28 14 12 0.491948374591 2.59034138583e-08 0.753753817601 0.345217451917 0.999999990978 0.066916 0 0
28.1 14 12 0.493351527355 2.59478806219e-08 0.753437508099 0.344296189581 0.999999992819 0.066455 0 0
28.2 14 12 0.494749480255 2.587754655e-08 0.753124119205 0.343379507499 0.999999991312 0.066484 0 0
28.3 14 12 0.496137972807 2.56877039639e-08 0.752813638558 0.342467407695 0.999999992821 0.066243 0 0
28.4 14 12 0.497520575211 2.53784981918e-08 0.752506053623 0.341559886597 0.999999990865 0.066597 0 0
28.5 14 12 0.406897511712 2.49500167193e-08 0.75220136224 0.340656945986 0.999999991049 0.066269 0 0
28.6 14 12 0.500262432059 2.44056418408e-08 0.751899563119 0.339758586554 0.999999992538 0.066409 0 0
28.7 14 12 0.501620313013 2.37572715944e-08 0.751600661213 0.338864807836 0.999999991036 0.066797 0 0
28.8 14 12 0.502975726402 2.30040946292e-08 0.751304669072 0.337975612309 0.999999991003 0.066807 0 0
28.9 14 12 0.504317260272 2.21628027042e-08 0.751011599813 0.337090998781 0.999999991135 0.066982 0 0
29 14 12 0.505654672471 2.12488430185e-08 0.750721475832 0.336210968135 0.999999989074 0.066651 0 0
29.1 14 12 0.506980607476 2.12757351736e-08 0.750434319065 0.335335519351 0.999999991198 0.066376 0 0
29.2 14 12 0.50829942741 2.21136556844e-08 0.750150155923 0.334464650843 0.999999988648 0.067382 0 0
29.3 14 12 0.509613480735 2.30685127667e-08 0.749869019604 0.333598362049 0.999999991798 0.066724 0 0
29.4 14 12 0.510919458189 2.37169384132e-08 0.749590938279 0.332736650396 0.999999990326 0.066488 0 0
29.5 14 13 0.421749716365 2.44448002951e-08 0.749315949803 0.331879512988 0.999999989743 0.066797 0 0
29.6 14 12 0.513502063967 2.48206070141e-08 0.749044094024 0.331026946691 0.99999999047 0.066767 0 0
29.7 14 12 0.514784769872 2.52073502072e-08 0.748775404364 0.330178945813 0.999999991252 0.066485 0 0
29.8 14 12 0.426100697713 2.51786548278e-08 0.748509920109 0.329335503781 0.99999998931 0.066693 0 0
29.9 14 12 0.517323451671 2.51379133065e-08 0.748247681055 0.328496617871 0.999999992483 0.066424 0 0
30 14 12 0.518583230517 2.46815979876e-08 0.747988725079 0.32766228125 0.999999990761 0.067182 0 0
