# SIAM excitation B=c_0up^dag|gs> (normalized), method=fbr
# L=200 U=0 V=0.1 dt=0.1 tmax=100 cutoff=1e-10 max_bond_dim=1024
# E_gs=-62.7232677203 gs_n_active=4 gs_bond_dim=2 gs_wall_s=76.702283
# nrm=0.707124344342
# t  n_active  bond_dim  wall_s  n0up  n0dw  ReA  ImA
0 4 2 0.061991 1 0.499999286893 0 0
0.1 4 2 0.212397 0.999961606748 0.49999928696 0 0
0.2 4 2 0.226964 0.999846529658 0.499999287157 0 0
0.3 4 2 0.194484 0.999655076227 0.499999287482 0 0
0.4 4 2 0.194547 0.999387757303 0.499999287925 0 0
0.5 4 2 0.156687 0.999045284627 0.499999288476 0 0
0.6 4 2 0.194542 0.998628567422 0.499999289121 0 0
0.7 4 2 0.22633 0.998138708036 0.49999928984 0 0
0.8 4 2 0.225977 0.997576996674 0.499999290614 0 0
0.9 4 2 0.225893 0.996944905241 0.499999291416 0 0
1 4 2 0.22562 0.996244080348 0.499999292219 0 0
1.1 4 2 0.194087 0.995476335504 0.499999292988 0 0
1.2 4 2 0.157777 0.994643642553 0.49999929369 0 0
1.3 4 2 0.157891 0.993748122402 0.499999294285 0 0
1.4 4 2 0.226265 0.992792035098 0.499999294734 0 0
1.5 4 2 0.2262 0.991777769306 0.499999294996 0 0
1.6 4 2 0.157052 0.990707831256 0.499999295027 0 0
1.7 4 2 0.195109 0.989584833218 0.499999294789 0 0
1.8 4 2 0.158279 0.988411481581 0.499999294243 0 0
1.9 4 2 0.193346 0.987190564588 0.499999293356 0 0
2 4 2 0.194058 0.98592493982 0.4999992921 0 0
2.1 4 2 0.193193 0.984617521483 0.499999290457 0 0
2.2 4 2 0.224984 0.983271267575 0.499999288417 0 0
2.3 4 2 0.225896 0.981889167008 0.499999285984 0 0
2.4 4 2 0.192883 0.980474226759 0.499999283175 0 0
2.5 4 2 0.194777 0.979029459114 0.499999280025 0 0
2.6 4 2 0.200244 0.977557869076 0.499999276585 0 0
2.7 4 2 0.226714 0.976062442023 0.499999272929 0 0
2.8 4 2 0.226177 0.974546131648 0.499999269148 0 0
2.9 4 2 0.156494 0.973011848283 0.499999265359 0 0
3 4 2 0.226244 0.971462447639 0.499999261699 0 0
3.1 4 2 0.195011 0.969900720038 0.499999258329 0 0
3.2 4 2 0.193703 0.968329380177 0.499999255431 0 0
3.3 4 2 0.158419 0.966751057488 0.499999253209 0 0
3.4 4 2 0.157763 0.965168287133 0.499999251886 0 0
3.5 4 2 0.194814 0.963583501669 0.499999251703 0 0
3.6 4 2 0.157421 0.961999023437 0.499999252914 0 0
3.7 4 2 0.160033 0.960417057689 0.499999255787 0 0
3.8 4 2 0.193669 0.958839686493 0.499999260595 0 0
3.9 4 2 0.155605 0.95726886343 0.499999267615 0 0
4 4 2 0.19163 0.955706409103 0.499999277123 0 0
4.1 4 2 0.226137 0.954154007468 0.499999289387 0 0
4.2 4 2 0.222963 0.952613202996 0.499999296993 0 0
4.3 4 2 0.192518 0.951085398658 0.499999306163 0 0
4.4 4 2 0.15618 0.949571854745 0.499999317011 0 0
4.5 4 2 0.193686 0.94807368849 0.499999329636 0 0
4.6 4 2 0.226526 0.946591874497 0.499999344123 0 0
4.7 4 2 0.226192 0.945127245954 0.49999936054 0 0
4.8 4 2 0.223531 0.943680496592 0.499999378934 0 0
4.9 4 2 0.155887 0.942252183381 0.499999399332 0 0
5 4 2 0.192587 0.940842729916 0.499999421736 0 0
5.1 4 2 0.224369 0.939452430462 0.499999446128 0 0
5.2 4 2 0.15557 0.938081454613 0.499999472463 0 0
5.3 4 2 0.192509 0.936729852538 0.499999500671 0 0
5.4 4 2 0.191476 0.935397560735 0.49999953066 0 0
5.5 4 2 0.155222 0.934084408284 0.499999562313 0 0
5.6 4 2 0.190674 0.932790123512 0.499999595492 0 0
5.7 4 2 0.192319 0.93151434104 0.499999630038 0 0
5.8 4 2 0.157644 0.930256609152 0.499999665772 0 0
5.9 4 2 0.192051 0.929016397421 0.499999702502 0 0
6 4 2 0.193331 0.927793104554 0.49999974002 0 0
6.1 4 2 0.193228 0.926586066379 0.49999977811 0 0
6.2 4 2 0.155154 0.925394563935 0.499999816547 0 0
6.3 4 2 0.222425 0.924217831605 0.499999855105 0 0
6.4 4 2 0.155745 0.923055065225 0.499999893557 0 0
6.5 4 2 0.222722 0.921905430137 0.499999931681 0 0
6.6 4 2 0.191383 0.92076806912 0.499999969259 0 0
6.7 4 2 0.191058 0.919642110146 0.500000006088 0 0
6.8 4 2 0.156698 0.918526673933 0.500000041976 0 0
6.9 4 2 0.225814 0.917420881223 0.500000076749 0 0
7 4 2 0.191264 0.916323859773 0.50000011025 0 0
7.1 4 2 0.192257 0.915234750987 0.500000142345 0 0
7.2 4 2 0.190833 0.91415271619 0.500000172924 0 0
7.3 4 2 0.191296 0.913076942476 0.500000201899 0 0
7.4 4 2 0.222537 0.912006648133 0.500000229207 0 0
7.5 4 2 0.222768 0.910941087595 0.500000254813 0 0
7.6 4 2 0.190614 0.909879555916 0.500000278702 0 0
7.7 4 2 0.221089 0.90882139275 0.500000300889 0 0
7.8 4 2 0.190808 0.907765985807 0.500000321406 0 0
7.9 4 2 0.190775 0.9067127738 0.50000034031 0 0
8 4 2 0.192515 0.905661248859 0.500000357675 0 0
8.1 4 2 0.221669 0.904610958427 0.500000373595 0 0
8.2 4 2 0.223923 0.903561506619 0.500000388175 0 0
8.3 4 2 0.192587 0.902512555084 0.500000401531 0 0
8.4 4 2 0.223652 0.901463823343 0.50000041379 0 0
8.5 4 2 0.190895 0.90041508865 0.500000425083 0 0
8.6 4 2 0.222673 0.899366185371 0.500000435541 0 0
8.7 4 2 0.223092 0.898317003911 0.500000445299 0 0
8.8 4 2 0.155332 0.897267489209 0.500000454484 0 0
8.9 4 2 0.190944 0.896217638838 0.500000471909 0 0
9 4 2 0.191813 0.895167500712 0.500000488571 0 0
9.1 4 2 0.19009 0.894117170466 0.50000050467 0 0
9.2 4 2 0.222158 0.893066788505 0.500000520382 0 0
9.3 4 2 0.222961 0.892016536792 0.500000535857 0 0
9.4 4 2 0.154498 0.890966635373 0.500000551216 0 0
9.5 4 2 0.22191 0.889917338709 0.50000056655 0 0
9.6 4 2 0.154072 0.888868931827 0.500000581923 0 0
9.7 4 2 0.154357 0.887821726342 0.500000597366 0 0
9.8 4 2 0.154252 0.886776056376 0.500000612885 0 0
9.9 4 2 0.191871 0.885732274424 0.500000628458 0 0
10 4 2 0.191218 0.88469074719 0.500000644041 0 0
10.1 4 2 0.221913 0.883651851436 0.500000655682 0 0
10.2 4 2 0.155422 0.882615969878 0.500000667271 0 0
10.3 4 2 0.15541 0.881583487162 0.500000674943 0 0
10.4 4 2 0.154312 0.88055478595 0.500000686263 0 0
10.5 4 2 0.221444 0.879530243145 0.500000700957 0 0
10.6 4 2 0.155211 0.878510226292 0.500000715093 0 0
10.7 4 2 0.190429 0.877495090166 0.500000728557 0 0
10.8 4 2 0.190353 0.87648517358 0.50000074124 0 0
10.9 4 2 0.155252 0.875480796442 0.500000753038 0 0
11 4 2 0.190918 0.874482257057 0.500000763861 0 0
11.1 4 2 0.154674 0.873489829709 0.500000773628 0 0
11.2 4 2 0.191042 0.872503762536 0.500000782273 0 0
11.3 4 2 0.154558 0.871524275697 0.500000789746 0 0
11.4 4 2 0.153606 0.870551559841 0.500000796012 0 0
11.5 4 2 0.22179 0.869585774901 0.50000080105 0 0
11.6 4 2 0.221869 0.868627049186 0.500000804858 0 0
11.7 4 2 0.221223 0.867675478791 0.500000807446 0 0
11.8 4 2 0.222431 0.866731127325 0.500000808839 0 0
11.9 4 2 0.222235 0.865794025926 0.500000809073 0 0
12 4 2 0.189494 0.864864173587 0.500000808195 0 0
12.1 4 2 0.189879 0.863941537759 0.500000806262 0 0
12.2 4 2 0.222761 0.863026055225 0.500000803338 0 0
12.3 4 2 0.155499 0.86211763324 0.50000079949 0 0
12.4 4 2 0.190594 0.861216150906 0.500000794791 0 0
12.5 4 2 0.221163 0.860321460765 0.500000789315 0 0
12.6 4 2 0.190837 0.859433390611 0.500000783138 0 0
12.7 4 2 0.154445 0.858551745463 0.500000776333 0 0
12.8 4 2 0.189295 0.857676309716 0.500000768974 0 0
12.9 4 2 0.189131 0.85680684942 0.500000761133 0 0
13 4 2 0.191151 0.855943114672 0.500000752881 0 0
13.1 4 2 0.154378 0.855084842098 0.500000744287 0 0
13.2 4 2 0.221285 0.854231757403 0.500000735419 0 0
13.3 4 2 0.190322 0.853383577957 0.500000726347 0 0
13.4 4 2 0.189868 0.852540015398 0.50000071714 0 0
13.5 4 2 0.222877 0.85170077823 0.50000070787 0 0
13.6 4 2 0.193784 0.850865574387 0.500000698616 0 0
13.7 4 2 0.154616 0.850034113744 0.50000068946 0 0
13.8 4 2 0.191266 0.849206110558 0.500000680493 0 0
13.9 4 2 0.191367 0.848381285808 0.500000671813 0 0
14 4 2 0.154732 0.847559369426 0.500000663531 0 0
14.1 4 2 0.189945 0.846740102392 0.500000655768 0 0
14.2 4 2 0.220735 0.845923238689 0.50000064866 0 0
14.3 4 2 0.154787 0.845108547086 0.500000642354 0 0
14.4 4 2 0.190365 0.844295812759 0.500000637013 0 0
14.5 4 2 0.221833 0.843484838713 0.500000632814 0 0
14.6 4 2 0.154645 0.842675447023 0.500000629947 0 0
14.7 4 2 0.193457 0.841867479866 0.500000628618 0 0
14.8 4 2 0.157039 0.841060800347 0.500000629043 0 0
14.9 4 2 0.192235 0.840255293122 0.50000063145 0 0
15 4 2 0.22215 0.839450864803 0.500000636076 0 0
15.1 4 2 0.221596 0.838647444158 0.500000643167 0 0
15.2 4 2 0.222018 0.837844982104 0.500000652972 0 0
15.3 4 2 0.191383 0.837043451494 0.500000665746 0 0
15.4 4 2 0.190438 0.83624284671 0.500000673775 0 0
15.5 4 2 0.190941 0.83544318307 0.500000683606 0 0
15.6 4 2 0.22134 0.834644496047 0.500000695366 0 0
15.7 4 2 0.154438 0.833846840331 0.500000709179 0 0
15.8 4 2 0.19256 0.833050288724 0.500000725164 0 0
15.9 4 2 0.222024 0.832254930899 0.500000743434 0 0
16 4 2 0.226293 0.831460872024 0.500000764096 0 0
16.1 4 2 0.156688 0.83066823128 0.50000078725 0 0
16.2 4 2 0.155576 0.829877140269 0.500000812983 0 0
16.3 4 2 0.219125 0.829087741356 0.500000841377 0 0
16.4 4 2 0.148291 0.828300185931 0.500000872501 0 0
16.5 4 2 0.18381 0.827514632634 0.500000906411 0 0
16.6 4 2 0.154921 0.826731245544 0.500000943154 0 0
16.7 4 2 0.155137 0.825950192361 0.500000982762 0 0
16.8 4 2 0.220979 0.825171642584 0.500001025257 0 0
16.9 4 2 0.192228 0.824395765717 0.500001070645 0 0
17 4 2 0.158261 0.823622729505 0.50000111892 0 0
17.1 4 2 0.193668 0.822852698229 0.500001170061 0 0
17.2 4 2 0.190066 0.822085831062 0.500001224033 0 0
17.3 4 2 0.18362 0.821322280513 0.500001280789 0 0
17.4 4 2 0.189678 0.820562190954 0.500001340264 0 0
17.5 4 2 0.190873 0.819805697264 0.50000140238 0 0
17.6 4 2 0.191186 0.819052923582 0.500001467043 0 0
17.7 4 2 0.189963 0.818303982184 0.500001534145 0 0
17.8 4 2 0.190003 0.817558972503 0.500001603559 0 0
17.9 4 2 0.189986 0.816817980279 0.500001675144 0 0
18 4 2 0.151633 0.816081076857 0.500001748744 0 0
18.1 4 2 0.148313 0.815348318637 0.500001824183 0 0
18.2 4 2 0.183084 0.814619746676 0.500001901269 0 0
18.3 4 2 0.148977 0.813895386436 0.500001979794 0 0
18.4 4 2 0.188968 0.81317524769 0.500002059532 0 0
18.5 4 2 0.190483 0.812459324579 0.50000214024 0 0
18.6 4 2 0.190517 0.811747595811 0.500002221658 0 0
18.7 4 2 0.215886 0.811040025004 0.500002303509 0 0
18.8 4 2 0.182427 0.810336561173 0.5000023855 0 0
18.9 4 2 0.182813 0.809637139334 0.500002467326 0 0
19 4 2 0.149877 0.80894168124 0.500002548665 0 0
19.1 4 2 0.190669 0.808250096227 0.500002629184 0 0
19.2 4 2 0.221191 0.807562282162 0.500002708539 0 0
19.3 4 2 0.190482 0.806878126482 0.500002786378 0 0
19.4 4 2 0.19035 0.806197507324 0.500002862343 0 0
19.5 4 2 0.154263 0.805520294707 0.50000293607 0 0
19.6 4 2 0.221086 0.804846351787 0.500003007198 0 0
19.7 4 2 0.186266 0.804175536149 0.500003075365 0 0
19.8 4 2 0.213779 0.803507701128 0.500003140215 0 0
19.9 4 2 0.18328 0.802842697159 0.5000032014 0 0
20 4 2 0.184189 0.802180373117 0.500003258585 0 0
20.1 4 2 0.189247 0.801520577667 0.50000331145 0 0
20.2 4 2 0.189491 0.80086316058 0.500003359692 0 0
20.3 4 2 0.154078 0.800207974027 0.500003403033 0 0
20.4 4 2 0.184597 0.799554873825 0.500003441216 0 0
20.5 4 2 0.152392 0.798903720632 0.500003474015 0 0
20.6 4 2 0.190206 0.798254381076 0.500003501234 0 0
20.7 4 2 0.220753 0.797606728806 0.500003522707 0 0
20.8 4 2 0.221064 0.796960645471 0.500003538306 0 0
20.9 4 2 0.150395 0.796316021597 0.500003547937 0 0
21 4 2 0.219234 0.795672757373 0.500003551543 0 0
21.1 4 2 0.221373 0.795030763336 0.500003549106 0 0
21.2 4 2 0.18995 0.794389960937 0.500003540644 0 0
21.3 4 2 0.221359 0.79375028301 0.500003526212 0 0
21.4 4 2 0.153492 0.793111674119 0.500003505902 0 0
21.5 4 2 0.190783 0.792474090787 0.500003479839 0 0
21.6 4 2 0.19131 0.791837501614 0.500003448183 0 0
21.7 4 2 0.189993 0.791201887281 0.500003411121 0 0
21.8 4 2 0.154339 0.790567240433 0.50000336887 0 0
21.9 4 2 0.190695 0.789933565456 0.500003321669 0 0
22 4 2 0.154409 0.789300878151 0.500003269781 0 0
22.1 4 2 0.154756 0.788669205298 0.500003213482 0 0
22.2 4 2 0.190763 0.788038584127 0.500003153065 0 0
22.3 4 2 0.189757 0.787409061701 0.500003088832 0 0
22.4 4 2 0.19111 0.786780694209 0.500003021089 0 0
22.5 4 2 0.151061 0.786153546197 0.500002950145 0 0
22.6 4 2 0.212672 0.785527689717 0.500002876309 0 0
22.7 4 2 0.18396 0.784903203426 0.500002799882 0 0
22.8 4 2 0.183919 0.78428017164 0.500002721158 0 0
22.9 4 2 0.212315 0.783658683342 0.500002640419 0 0
23 4 2 0.182729 0.783038831166 0.500002557932 0 0
23.1 4 2 0.212562 0.782420710359 0.500002473949 0 0
23.2 4 2 0.212852 0.781804417738 0.5000023887 0 0
23.3 4 2 0.213123 0.781190050645 0.500002302399 0 0
23.4 4 2 0.212819 0.780577705915 0.500002215233 0 0
23.5 4 2 0.148632 0.779967478861 0.500002127371 0 0
23.6 4 2 0.212263 0.779359462298 0.500002038956 0 0
23.7 4 2 0.214735 0.778753745592 0.500001950109 0 0
23.8 4 2 0.181605 0.778150413769 0.500001860925 0 0
23.9 4 2 0.183245 0.777549546671 0.50000177148 0 0
24 4 2 0.179558 0.776951218177 0.500001681824 0 0
24.1 4 2 0.205132 0.776355495495 0.500001591988 0 0
24.2 4 2 0.176395 0.77576243852 0.50000150198 0 0
24.3 4 2 0.212646 0.77517209928 0.500001411793 0 0
24.4 4 2 0.182967 0.774584521463 0.500001321397 0 0
24.5 4 2 0.147603 0.773999740025 0.500001230749 0 0
24.6 4 2 0.183019 0.7734177809 0.500001139789 0 0
24.7 4 2 0.209033 0.772838660785 0.500001048445 0 0
24.8 4 2 0.144548 0.772262387029 0.500000956631 0 0
24.9 4 2 0.183062 0.771688957605 0.500000864252 0 0
25 4 2 0.207688 0.771118361181 0.500000771202 0 0
25.1 4 2 0.204653 0.770550577269 0.500000677367 0 0
25.2 4 2 0.181214 0.769985576467 0.500000582626 0 0
25.3 4 2 0.211804 0.769423320782 0.500000486853 0 0
25.4 4 2 0.213628 0.768863764031 0.500000389918 0 0
25.5 4 2 0.209081 0.768306852313 0.500000291685 0 0
25.6 4 2 0.143226 0.767752524549 0.500000192019 0 0
25.7 4 2 0.180995 0.767200713089 0.50000009078 0 0
25.8 4 2 0.148306 0.76665134437 0.49999998783 0 0
25.9 4 2 0.210297 0.76610433962 0.499999883031 0 0
26 4 2 0.144262 0.765559615604 0.499999776248 0 0
26.1 4 2 0.176877 0.765017085412 0.499999667346 0 0
26.2 4 2 0.184144 0.764476659255 0.499999556197 0 0
26.3 4 2 0.143578 0.763938245297 0.499999442676 0 0
26.4 4 2 0.179248 0.763401750482 0.499999326665 0 0
26.5 4 2 0.210242 0.762867081369 0.499999208053 0 0
26.6 4 2 0.142799 0.762334144958 0.499999086736 0 0
26.7 4 2 0.147581 0.761802849508 0.499998962623 0 0
26.8 4 2 0.210386 0.761273105317 0.499998835631 0 0
26.9 4 2 0.177698 0.760744825494 0.49999870569 0 0
27 4 2 0.212549 0.760217926677 0.499998572743 0 0
27.1 4 2 0.183733 0.759692329715 0.499998436748 0 0
27.2 4 2 0.182117 0.759167960308 0.499998297677 0 0
27.3 4 2 0.180737 0.75864474958 0.499998155518 0 0
27.4 4 2 0.17624 0.758122634603 0.499998010277 0 0
27.5 4 2 0.144279 0.757601558855 0.499997861976 0 0
27.6 4 2 0.14888 0.757081472609 0.499997710655 0 0
27.7 4 2 0.148681 0.756562333258 0.499997556372 0 0
27.8 4 2 0.182478 0.756044105562 0.499997399202 0 0
27.9 4 2 0.146393 0.755526761827 0.499997239238 0 0
28 4 2 0.143337 0.755010282007 0.49999707659 0 0
28.1 4 2 0.178507 0.75449465373 0.499996911385 0 0
28.2 4 2 0.184073 0.75397987226 0.499996743764 0 0
28.3 4 2 0.213911 0.753465940372 0.499996573882 0 0
28.4 4 2 0.213706 0.752952868173 0.499996401907 0 0
28.5 4 2 0.146806 0.752440672843 0.49999622802 0 0
28.6 4 2 0.207173 0.751929378316 0.499996052409 0 0
28.7 4 2 0.183777 0.751419014906 0.499995875269 0 0
28.8 4 2 0.148367 0.750909618868 0.499995696805 0 0
28.9 4 2 0.182824 0.750401231912 0.49999551722 0 0
29 4 2 0.183887 0.749893900675 0.499995336722 0 0
29.1 4 2 0.208156 0.749387676144 0.499995155518 0 0
29.2 4 2 0.145583 0.748882613052 0.499994973813 0 0
29.3 4 2 0.182798 0.748378769243 0.499994791806 0 0
29.4 4 2 0.183605 0.747876205015 0.499994609692 0 0
29.5 4 2 0.182894 0.74737498245 0.499994427657 0 0
29.6 4 2 0.182773 0.746875164729 0.499994245878 0 0
29.7 4 2 0.180268 0.746376815455 0.499994064522 0 0
29.8 4 2 0.144727 0.745879997973 0.499993883744 0 0
29.9 4 2 0.212449 0.7453847747 0.499993703687 0 0
30 4 2 0.206271 0.744891206481 0.499993524482 0 0
30.1 4 2 0.210869 0.744399351956 0.499993346247 0 0
30.2 4 2 0.147632 0.743909266966 0.499993169084 0 0
30.3 4 2 0.180952 0.74342100399 0.499992993086 0 0
30.4 4 2 0.177671 0.742934611615 0.499992818332 0 0
30.5 4 2 0.17817 0.742450134064 0.499992644888 0 0
30.6 4 2 0.183157 0.741967610756 0.499992472812 0 0
30.7 4 2 0.148054 0.741487075926 0.499992302148 0 0
30.8 4 2 0.143591 0.741008558302 0.499992132936 0 0
30.9 4 2 0.2045 0.74053208083 0.499991965205 0 0
31 4 2 0.182022 0.740057660467 0.499991798981 0 0
31.1 4 2 0.212431 0.739585308028 0.499991634283 0 0
31.2 4 2 0.208514 0.739115028097 0.49999147113 0 0
31.3 4 2 0.21225 0.738646818999 0.499991309538 0 0
31.4 4 2 0.146779 0.73818067283 0.499991149524 0 0
31.5 4 2 0.20438 0.737716575552 0.499990991108 0 0
31.6 4 2 0.21123 0.73725450714 0.499990834311 0 0
31.7 4 2 0.210187 0.736794441792 0.499990679161 0 0
31.8 4 2 0.142773 0.736336348182 0.499990525693 0 0
31.9 4 2 0.210528 0.735880189779 0.499990373946 0 0
32 4 2 0.214675 0.735425925195 0.499990223972 0 0
32.1 4 2 0.183175 0.734973508589 0.499990075828 0 0
32.2 4 2 0.20675 0.734522890109 0.499989929584 0 0
32.3 4 2 0.142911 0.734074016354 0.499989785319 0 0
32.4 4 2 0.208379 0.733626830887 0.499989643126 0 0
32.5 4 2 0.182373 0.73318127475 0.499989503105 0 0
32.6 4 2 0.180392 0.732737287017 0.499989365372 0 0
32.7 4 2 0.20566 0.732294805344 0.499989230051 0 0
32.8 4 2 0.181578 0.731853766536 0.499989097279 0 0
32.9 4 2 0.148189 0.731414107117 0.499988967202 0 0
33 4 2 0.17966 0.730975763889 0.499988839979 0 0
33.1 4 2 0.149408 0.73053867449 0.499988715776 0 0
33.2 4 2 0.207936 0.730102777935 0.499988594767 0 0
33.3 4 2 0.207558 0.729668015139 0.499988477135 0 0
33.4 4 2 0.212779 0.729234329413 0.499988363067 0 0
33.5 4 2 0.205422 0.728801666937 0.499988252757 0 0
33.6 4 2 0.182073 0.728369977197 0.499988146401 0 0
33.7 4 2 0.182611 0.727939213389 0.499988044196 0 0
33.8 4 2 0.146888 0.727509332775 0.499987946341 0 0
33.9 4 2 0.204696 0.727080297009 0.49998785303 0 0
34 4 2 0.212361 0.726652072406 0.499987764457 0 0
34.1 4 2 0.181407 0.726224630171 0.499987680807 0 0
34.2 4 2 0.176736 0.725797946572 0.499987602258 0 0
34.3 4 2 0.1824 0.725372003071 0.499987528981 0 0
34.4 4 2 0.181004 0.724946786396 0.499987461132 0 0
34.5 4 2 0.20522 0.724522288565 0.499987398854 0 0
34.6 4 2 0.181659 0.72409850686 0.499987342276 0 0
34.7 4 2 0.182919 0.72367544375 0.499987291508 0 0
34.8 4 2 0.146287 0.723253106763 0.49998724664 0 0
34.9 4 2 0.175519 0.722831508314 0.499987207743 0 0
35 4 2 0.14449 0.722410665486 0.499987174862 0 0
35.1 4 2 0.142295 0.721990599769 0.49998714802 0 0
35.2 4 2 0.182084 0.721571336758 0.499987127214 0 0
35.3 4 2 0.148288 0.721152905819 0.499987112414 0 0
35.4 4 2 0.179542 0.720735339718 0.499987103563 0 0
35.5 4 2 0.176243 0.720318674221 0.499987100573 0 0
35.6 4 2 0.205186 0.719902947675 0.49998710333 0 0
35.7 4 2 0.14874 0.719488200562 0.499987111689 0 0
35.8 4 2 0.182511 0.71907447504 0.499987125477 0 0
35.9 4 2 0.180167 0.718661814474 0.499987144491 0 0
36 4 2 0.144616 0.71825026296 0.499987168499 0 0
36.1 4 2 0.18283 0.717839864845 0.499987197243 0 0
36.2 4 2 0.182623 0.71743066425 0.499987230435 0 0
36.3 4 2 0.182661 0.717022704605 0.499987267764 0 0
36.4 4 2 0.210369 0.716616028187 0.499987308892 0 0
36.5 4 2 0.176945 0.716210675683 0.499987353461 0 0
36.6 4 2 0.211806 0.715806685768 0.499987401088 0 0
36.7 4 2 0.212591 0.715404094707 0.499987451374 0 0
36.8 4 2 0.176483 0.715002935989 0.499987503901 0 0
36.9 4 2 0.181055 0.714603239981 0.499987558234 0 0
37 4 2 0.149038 0.714205033634 0.499987613929 0 0
37.1 4 2 0.177961 0.713808340203 0.499987670527 0 0
37.2 4 2 0.176507 0.713413179029 0.499987727563 0 0
37.3 4 2 0.147945 0.713019565339 0.499987784565 0 0
37.4 4 2 0.181582 0.712627510106 0.499987841057 0 0
37.5 4 2 0.183461 0.712237019942 0.499987896562 0 0
37.6 4 2 0.183178 0.711848097035 0.499987950605 0 0
37.7 4 2 0.212204 0.711460739138 0.499988002712 0 0
37.8 4 2 0.212652 0.711074939586 0.499988052415 0 0
37.9 4 2 0.183302 0.710690687373 0.499988099256 0 0
38 4 2 0.147188 0.710307967258 0.499988142784 0 0
38.1 4 2 0.176142 0.709926759917 0.499988182563 0 0
38.2 4 2 0.181486 0.709547042132 0.49998821817 0 0
38.3 4 2 0.211609 0.709168787014 0.499988249198 0 0
38.4 4 2 0.209489 0.708791964266 0.499988275259 0 0
38.5 4 2 0.182305 0.708416540467 0.499988295985 0 0
38.6 4 2 0.207707 0.708042479392 0.499988311031 0 0
38.7 4 2 0.177789 0.707669742356 0.499988320076 0 0
38.8 4 2 0.180984 0.707298288569 0.499988322823 0 0
38.9 4 2 0.204431 0.706928075522 0.499988319007 0 0
39 4 2 0.214047 0.706559059376 0.499988308389 0 0
39.1 4 2 0.149056 0.706191195365 0.499988290761 0 0
39.2 4 2 0.210083 0.705824438204 0.49998826595 0 0
39.3 4 2 0.1759 0.705458742496 0.499988233816 0 0
39.4 4 2 0.205832 0.705094063136 0.499988194252 0 0
39.5 4 2 0.212913 0.704730355718 0.499988147193 0 0
39.6 4 2 0.182275 0.704367576916 0.499988092606 0 0
39.7 4 2 0.207394 0.704005684863 0.4999880305 0 0
39.8 4 2 0.182674 0.703644639509 0.499987960922 0 0
39.9 4 2 0.147963 0.703284402959 0.49998788396 0 0
40 4 2 0.147956 0.702924939783 0.499987799741 0 0
40.1 4 2 0.182282 0.702566217304 0.499987708431 0 0
40.2 4 2 0.149306 0.702208205859 0.499987610239 0 0
40.3 4 2 0.177189 0.701850879019 0.49998750541 0 0
40.4 4 2 0.17787 0.701494213789 0.499987394227 0 0
40.5 4 2 0.147756 0.701138190758 0.499987277012 0 0
40.6 4 2 0.149687 0.700782794231 0.499987154121 0 0
40.7 4 2 0.183256 0.700428012303 0.499987025944 0 0
40.8 4 2 0.181681 0.700073836919 0.4999868929 0 0
40.9 4 2 0.176947 0.699720263875 0.499986755438 0 0
41 4 2 0.146304 0.699367292795 0.499986614033 0 0
41.1 4 2 0.212454 0.69901492707 0.499986469181 0 0
41.2 4 2 0.148463 0.698663173753 0.499986321396 0 0
41.3 4 2 0.213464 0.698312043434 0.499986171208 0 0
41.4 4 2 0.227109 0.697961550065 0.499986019158 0 0
41.5 4 2 0.176902 0.69761171077 0.499985865792 0 0
41.6 4 2 0.142246 0.697262545614 0.499985711659 0 0
41.7 4 2 0.18087 0.696914077356 0.499985557308 0 0
41.8 4 2 0.182714 0.696566331168 0.499985403279 0 0
41.9 4 2 0.182587 0.696219334341 0.499985250103 0 0
42 4 2 0.182402 0.695873115972 0.499985098295 0 0
42.1 4 2 0.209284 0.695527706632 0.499984948351 0 0
42.2 4 2 0.14394 0.695183138028 0.499984800746 0 0
42.3 4 2 0.146121 0.694839442655 0.499984655926 0 0
42.4 4 2 0.182232 0.694496653442 0.499984514308 0 0
42.5 4 2 0.182796 0.694154803398 0.499984376278 0 0
42.6 4 2 0.144822 0.693813925264 0.499984242183 0 0
42.7 4 2 0.205677 0.693474051162 0.499984112336 0 0
42.8 4 2 0.181132 0.693135212263 0.499983987007 0 0
42.9 4 2 0.179644 0.692797438461 0.499983866426 0 0
43 4 2 0.182465 0.692460758063 0.499983750785 0 0
43.1 4 2 0.176634 0.692125197497 0.499983640227 0 0
43.2 4 2 0.143167 0.691790781042 0.49998353486 0 0
43.3 4 2 0.182807 0.691457530583 0.499983434746 0 0
43.4 4 2 0.179941 0.691125465383 0.499983339907 0 0
43.5 4 2 0.209931 0.690794601894 0.499983250328 0 0
43.6 4 2 0.149503 0.690464953584 0.499983165954 0 0
43.7 4 2 0.177447 0.690136530808 0.499983086698 0 0
43.8 4 2 0.206009 0.689809340698 0.499983012436 0 0
43.9 4 2 0.182729 0.689483387094 0.499982943019 0 0
44 4 2 0.181228 0.6891586705 0.499982878267 0 0
44.1 4 2 0.14308 0.688835188081 0.49998281798 0 0
44.2 4 2 0.181305 0.688512933685 0.499982761935 0 0
44.3 4 2 0.183176 0.688191897901 0.499982709893 0 0
44.4 4 2 0.185175 0.687872068147 0.499982661602 0 0
44.5 4 2 0.180727 0.687553428788 0.499982616802 0 0
44.6 4 2 0.176783 0.687235961286 0.499982575223 0 0
44.7 4 2 0.182856 0.686919644368 0.499982536596 0 0
44.8 4 2 0.212138 0.686604454233 0.499982500651 0 0
44.9 4 2 0.182866 0.68629036477 0.499982467121 0 0
45 4 2 0.144564 0.685977347801 0.499982435747 0 0
45.1 4 2 0.178794 0.685665373344 0.499982406279 0 0
45.2 4 2 0.211262 0.685354409893 0.499982378479 0 0
45.3 4 2 0.147449 0.685044424702 0.499982352123 0 0
45.4 4 2 0.182519 0.68473538409 0.499982327003 0 0
45.5 4 2 0.176111 0.684427253746 0.499982302931 0 0
45.6 4 2 0.142928 0.684119999041 0.499982279735 0 0
45.7 4 2 0.177748 0.683813585339 0.499982257267 0 0
45.8 4 2 0.18015 0.683507978305 0.499982235396 0 0
45.9 4 2 0.178855 0.683203144215 0.499982214018 0 0
46 4 2 0.182705 0.682899050246 0.499982193046 0 0
46.1 4 2 0.181648 0.682595664767 0.499982172418 0 0
46.2 4 2 0.182489 0.682292957608 0.499982152093 0 0
46.3 4 2 0.205837 0.681990900316 0.49998213205 0 0
46.4 4 2 0.175583 0.681689466395 0.499982112288 0 0
46.5 4 2 0.176486 0.681388631521 0.499982092827 0 0
46.6 4 2 0.148816 0.681088373736 0.499982073701 0 0
46.7 4 2 0.149492 0.680788673621 0.499982054964 0 0
46.8 4 2 0.211338 0.680489514436 0.499982036682 0 0
46.9 4 2 0.181784 0.68019088224 0.499982018935 0 0
47 4 2 0.182553 0.67989276598 0.499982001814 0 0
47.1 4 2 0.182583 0.679595157549 0.499981985417 0 0
47.2 4 2 0.205499 0.679298051821 0.49998196985 0 0
47.3 4 2 0.176101 0.679001446654 0.499981955225 0 0
47.4 4 2 0.184311 0.678705342857 0.499981941653 0 0
47.5 4 2 0.204627 0.678409744144 0.499981929248 0 0
47.6 4 2 0.14464 0.678114657044 0.499981918122 0 0
47.7 4 2 0.182694 0.677820090796 0.499981908383 0 0
47.8 4 2 0.179703 0.677526057213 0.499981900131 0 0
47.9 4 2 0.14322 0.677232570522 0.499981893461 0 0
48 4 2 0.212218 0.676939647187 0.499981888457 0 0
48.1 4 2 0.183322 0.676647305702 0.499981885193 0 0
48.2 4 2 0.148032 0.676355566376 0.499981883729 0 0
48.3 4 2 0.148089 0.676064451099 0.499981884112 0 0
48.4 4 2 0.177197 0.675773983087 0.499981886373 0 0
48.5 4 2 0.143014 0.67548418663 0.499981890528 0 0
48.6 4 2 0.145463 0.675195086819 0.499981896576 0 0
48.7 4 2 0.184007 0.674906709272 0.499981904499 0 0
48.8 4 2 0.145053 0.674619079862 0.499981914262 0 0
48.9 4 2 0.142874 0.674332224436 0.49998192581 0 0
49 4 2 0.17773 0.674046168541 0.499981939074 0 0
49.1 4 2 0.182615 0.673760937158 0.499981953966 0 0
49.2 4 2 0.1834 0.673476554436 0.499981970384 0 0
49.3 4 2 0.183073 0.673193043444 0.499981988207 0 0
49.4 4 2 0.148185 0.672910425928 0.499982007303 0 0
49.5 4 2 0.212471 0.672628722092 0.499982027525 0 0
49.6 4 2 0.177824 0.672347950386 0.499982048715 0 0
49.7 4 2 0.206117 0.672068127321 0.499982070703 0 0
49.8 4 2 0.181787 0.671789267297 0.499982093315 0 0
49.9 4 2 0.147633 0.671511382458 0.499982116364 0 0
50 4 2 0.182308 0.671234482571 0.499982139663 0 0
50.1 4 2 0.144302 0.670958574922 0.499982163021 0 0
50.2 4 2 0.212395 0.670683664245 0.499982186246 0 0
50.3 4 2 0.213179 0.670409752671 0.499982209147 0 0
50.4 4 2 0.213442 0.670136839705 0.499982231538 0 0
50.5 4 2 0.182649 0.669864922231 0.499982253237 0 0
50.6 4 2 0.179422 0.669593994535 0.499982274071 0 0
50.7 4 2 0.175912 0.66932404836 0.499982293878 0 0
50.8 4 2 0.176332 0.669055072983 0.499982312507 0 0
50.9 4 2 0.182891 0.668787055318 0.499982329821 0 0
51 4 2 0.183751 0.668519980034 0.4999823457 0 0
51.1 4 2 0.179634 0.668253829702 0.499982360042 0 0
51.2 4 2 0.17578 0.667988584955 0.499982372762 0 0
51.3 4 2 0.175266 0.667724224673 0.499982383799 0 0
51.4 4 2 0.148129 0.667460726174 0.499982393115 0 0
51.5 4 2 0.183808 0.667198065429 0.499982400692 0 0
51.6 4 2 0.206499 0.666936217279 0.49998240654 0 0
51.7 4 2 0.20473 0.666675155671 0.499982410693 0 0
51.8 4 2 0.178875 0.666414853889 0.499982413213 0 0
51.9 4 2 0.213334 0.666155284806 0.499982414186 0 0
52 4 2 0.183479 0.665896421122 0.499982413727 0 0
52.1 4 2 0.209478 0.665638235612 0.499982411976 0 0
52.2 4 2 0.103298 0.665380701368 0.4999824091 0 0
52.3 4 2 0.09424 0.665123792039 0.499982405292 0 0
52.4 4 2 0.094357 0.664867482059 0.499982400769 0 0
52.5 4 2 0.114526 0.664611746872 0.499982395773 0 0
52.6 4 2 0.132955 0.664356563142 0.499982390567 0 0
52.7 4 2 0.093835 0.664101908948 0.499982385437 0 0
52.8 4 2 0.120456 0.663847763972 0.499982380685 0 0
52.9 4 2 0.116579 0.663594109658 0.499982376632 0 0
53 4 2 0.132654 0.663340929366 0.499982373612 0 0
53.1 4 2 0.094024 0.663088208495 0.499982371971 0 0
53.2 4 2 0.114807 0.662835934596 0.499982372066 0 0
53.3 4 2 0.114967 0.662584097452 0.499982374258 0 0
53.4 4 2 0.149912 0.662332689146 0.499982378911 0 0
53.5 4 2 0.181678 0.662081704102 0.499982386391 0 0
53.6 4 2 0.183472 0.661831139102 0.499982397058 0 0
53.7 4 2 0.183267 0.661580993279 0.499982411266 0 0
53.8 4 2 0.213699 0.661331268097 0.499982429361 0 0
53.9 4 2 0.210914 0.661081967291 0.499982451673 0 0
54 4 2 0.177784 0.660833096802 0.499982478516 0 0
54.1 4 2 0.183085 0.660584664683 0.499982510186 0 0
54.2 4 2 0.181687 0.660336680986 0.499982546953 0 0
54.3 4 2 0.182675 0.66008915763 0.499982589064 0 0
54.4 4 2 0.180681 0.659842108252 0.499982636738 0 0
54.5 4 2 0.17588 0.659595548047 0.499982690162 0 0
54.6 4 2 0.176074 0.659349493582 0.499982749493 0 0
54.7 4 2 0.182151 0.659103962613 0.499982814851 0 0
54.8 4 2 0.209914 0.65885897388 0.499982886324 0 0
54.9 4 2 0.142475 0.658614546897 0.499982963962 0 0
55 4 2 0.179731 0.65837070174 0.499983047779 0 0
55.1 4 2 0.182568 0.658127458825 0.499983137752 0 0
55.2 4 2 0.144604 0.657884838687 0.499983233823 0 0
55.3 4 2 0.182201 0.657642861761 0.499983335896 0 0
55.4 4 2 0.146615 0.65740154816 0.499983443842 0 0
55.5 4 2 0.142571 0.657160917464 0.499983557501 0 0
55.6 4 2 0.206077 0.656920988512 0.499983676678 0 0
55.7 4 2 0.182447 0.656681779203 0.499983801154 0 0
55.8 4 2 0.182791 0.656443306308 0.49998393068 0 0
55.9 4 2 0.18332 0.656205585294 0.499984064985 0 0
56 4 2 0.139255 0.655968630163 0.499984203781 0 0
56.1 4 2 0.130065 0.655732453305 0.499984346758 0 0
56.2 4 2 0.112185 0.655497065368 0.499984493598 0 0
56.3 4 2 0.091981 0.655262475147 0.499984643969 0 0
56.4 4 2 0.092906 0.655028689492 0.499984797536 0 0
56.5 4 2 0.111746 0.654795713234 0.49998495396 0 0
56.6 4 2 0.111809 0.654563549131 0.499985112905 0 0
56.7 4 2 0.178568 0.65433219784 0.499985274038 0 0
56.8 4 2 0.17845 0.6541016579 0.499985437036 0 0
56.9 4 2 0.174151 0.65387192575 0.499985601586 0 0
57 4 2 0.141613 0.653642995749 0.49998576739 0 0
57.1 4 2 0.174418 0.653414860236 0.499985934168 0 0
57.2 4 2 0.130242 0.653187509594 0.499986101661 0 0
57.3 4 2 0.132738 0.652960932342 0.49998626963 0 0
57.4 4 2 0.111835 0.65273511524 0.499986437862 0 0
57.5 4 2 0.112121 0.65251004341 0.49998660617 0 0
57.6 4 2 0.12811 0.65228570048 0.499986774393 0 0
57.7 4 2 0.091248 0.65206206873 0.499986942401 0 0
57.8 4 2 0.112057 0.651839129262 0.499987110089 0 0
57.9 4 2 0.112142 0.651616862171 0.499987277386 0 0
58 4 2 0.090588 0.651395246728 0.499987444247 0 0
58.1 4 2 0.129202 0.651174261574 0.499987610658 0 0
58.2 4 2 0.097143 0.650953884915 0.499987776632 0 0
58.3 4 2 0.1277 0.650734094717 0.499987942211 0 0
58.4 4 2 0.11119 0.65051486891 0.499988107464 0 0
58.5 4 2 0.110948 0.650296185586 0.499988272483 0 0
58.6 4 2 0.091707 0.650078023194 0.499988437385 0 0
58.7 4 2 0.111178 0.64986036073 0.499988602307 0 0
58.8 4 2 0.111552 0.649643177927 0.499988767408 0 0
58.9 4 2 0.129297 0.649426455428 0.499988932862 0 0
59 4 2 0.110874 0.649210174951 0.499989098859 0 0
59.1 4 2 0.115014 0.64899431945 0.499989265601 0 0
59.2 4 2 0.091233 0.648778873254 0.499989433299 0 0
59.3 4 2 0.110701 0.648563822194 0.499989602172 0 0
59.4 4 2 0.110339 0.648349153719 0.499989772443 0 0
59.5 4 2 0.11104 0.64813485699 0.499989944334 0 0
59.6 4 2 0.128723 0.647920922962 0.499990118067 0 0
59.7 4 2 0.092542 0.647707344441 0.499990293861 0 0
59.8 4 2 0.111267 0.647494116134 0.499990471925 0 0
59.9 4 2 0.090933 0.647281234666 0.499990652457 0 0
60 4 2 0.09206 0.647068698591 0.499990835644 0 0
60.1 4 2 0.115381 0.646856508376 0.499991021654 0 0
60.2 4 2 0.110902 0.646644666373 0.49999121064 0 0
60.3 4 2 0.110831 0.646433176764 0.499991402731 0 0
60.4 4 2 0.111138 0.646222045502 0.499991598032 0 0
60.5 4 2 0.110498 0.646011280217 0.499991796624 0 0
60.6 4 2 0.111711 0.645800890128 0.499991998559 0 0
60.7 4 2 0.113812 0.645590885918 0.499992203859 0 0
60.8 4 2 0.112077 0.645381279614 0.499992412516 0 0
60.9 4 2 0.112211 0.645172084444 0.499992624489 0 0
61 4 2 0.116422 0.644963314686 0.499992839704 0 0
61.1 4 2 0.113376 0.644754985508 0.499993058053 0 0
61.2 4 2 0.09225 0.6445471128 0.499993279394 0 0
61.3 4 2 0.12837 0.644339713004 0.49999350355 0 0
61.4 4 2 0.09133 0.64413280293 0.499993730311 0 0
61.5 4 2 0.091148 0.643926399578 0.499993959436 0 0
61.6 4 2 0.129855 0.643720519959 0.499994190649 0 0
61.7 4 2 0.09075 0.643515180913 0.499994423646 0 0
61.8 4 2 0.13002 0.64331039893 0.499994658096 0 0
61.9 4 2 0.116121 0.643106189979 0.499994893639 0 0
62 4 2 0.111822 0.642902569344 0.499995129894 0 0
62.1 4 2 0.091996 0.642699551457 0.499995366458 0 0
62.2 4 2 0.129354 0.642497149757 0.499995602913 0 0
62.3 4 2 0.091236 0.642295376545 0.499995838825 0 0
62.4 4 2 0.091813 0.642094242862 0.49999607375 0 0
62.5 4 2 0.092485 0.641893758371 0.499996307237 0 0
62.6 4 2 0.128997 0.641693931257 0.499996538834 0 0
62.7 4 2 0.091882 0.641494768147 0.499996768087 0 0
62.8 4 2 0.130135 0.641296274038 0.499996994551 0 0
62.9 4 2 0.112455 0.641098452245 0.499997217785 0 0
63 4 2 0.091922 0.640901304367 0.499997437365 0 0
63.1 4 2 0.127428 0.640704830267 0.49999765288 0 0
63.2 4 2 0.128036 0.640509028073 0.499997863942 0 0
63.3 4 2 0.111639 0.640313894192 0.499998070183 0 0
63.4 4 2 0.113081 0.640119423345 0.499998271262 0 0
63.5 4 2 0.111328 0.639925608617 0.499998466869 0 0
63.6 4 2 0.111596 0.639732441518 0.499998656722 0 0
63.7 4 2 0.132769 0.639539912068 0.499998840573 0 0
63.8 4 2 0.112331 0.639348008892 0.49999901821 0 0
63.9 4 2 0.112246 0.639156719323 0.499999189456 0 0
64 4 2 0.11197 0.638966029528 0.499999354171 0 0
64.1 4 2 0.111331 0.638775924636 0.499999512252 0 0
64.2 4 2 0.111347 0.638586388878 0.499999663634 0 0
64.3 4 2 0.128872 0.638397405739 0.499999808288 0 0
64.4 4 2 0.090556 0.638208958107 0.499999946224 0 0
64.5 4 2 0.112264 0.638021028441 0.500000077483 0 0
64.6 4 2 0.131995 0.637833598927 0.500000202142 0 0
64.7 4 2 0.094644 0.637646651651 0.500000320311 0 0
64.8 4 2 0.130496 0.637460168758 0.500000432127 0 0
64.9 4 2 0.111947 0.637274132618 0.500000537755 0 0
65 4 2 0.112086 0.637088525988 0.500000637388 0 0
65.1 4 2 0.092041 0.636903332169 0.500000731237 0 0
65.2 4 2 0.11122 0.636718535154 0.500000819534 0 0
65.3 4 2 0.128298 0.63653411977 0.500000902528 0 0
65.4 4 2 0.130236 0.636350071815 0.500000980479 0 0
65.5 4 2 0.133985 0.636166378178 0.500001053657 0 0
65.6 4 2 0.131532 0.635983026952 0.500001122341 0 0
65.7 4 2 0.092316 0.635800007534 0.50000118681 0 0
65.8 4 2 0.130282 0.635617310711 0.500001247346 0 0
65.9 4 2 0.111057 0.635434928731 0.500001304225 0 0
66 4 2 0.13033 0.635252855365 0.500001357721 0 0
66.1 4 2 0.111947 0.635071085942 0.500001408094 0 0
66.2 4 2 0.09219 0.634889617383 0.500001455598 0 0
66.3 4 2 0.12909 0.634708448207 0.500001500469 0 0
66.4 4 2 0.132295 0.63452757853 0.500001542927 0 0
66.5 4 2 0.091454 0.634347010044 0.500001583174 0 0
66.6 4 2 0.111884 0.634166745979 0.500001621392 0 0
66.7 4 2 0.111075 0.633986791059 0.500001657738 0 0
66.8 4 2 0.128561 0.63380715143 0.500001692349 0 0
66.9 4 2 0.091911 0.63362783459 0.500001725332 0 0
67 4 2 0.091518 0.633448849291 0.500001756773 0 0
67.1 4 2 0.111794 0.633270205442 0.500001786726 0 0
67.2 4 2 0.112282 0.633091913995 0.500001815221 0 0
67.3 4 2 0.095455 0.632913986819 0.50000184226 0 0
67.4 4 2 0.113648 0.632736436575 0.500001867819 0 0
67.5 4 2 0.111731 0.632559276571 0.500001891843 0 0
67.6 4 2 0.111844 0.632382520628 0.500001914256 0 0
67.7 4 2 0.128918 0.632206182923 0.500001934954 0 0
67.8 4 2 0.112478 0.632030277844 0.500001953809 0 0
67.9 4 2 0.091251 0.63185481984 0.500001970673 0 0
68 4 2 0.128651 0.631679823265 0.500001985376 0 0
68.1 4 2 0.111739 0.631505302234 0.50000199773 0 0
68.2 4 2 0.115806 0.631331270472 0.500002007531 0 0
68.3 4 2 0.112547 0.631157741177 0.500002014562 0 0
68.4 4 2 0.111428 0.630984726881 0.500002018595 0 0
68.5 4 2 0.128743 0.630812239324 0.500002019393 0 0
68.6 4 2 0.174859 0.630640289333 0.500002016716 0 0
68.7 4 2 0.141179 0.630468886712 0.50000201032 0 0
68.8 4 2 0.202819 0.630298040143 0.500001999964 0 0
68.9 4 2 0.173365 0.630127757098 0.50000198541 0 0
69 4 2 0.192418 0.629958043763 0.50000196643 0 0
69.1 4 2 0.090995 0.629788904975 0.500001942804 0 0
69.2 4 2 0.111857 0.629620344173 0.500001914328 0 0
69.3 4 2 0.20057 0.629452363366 0.500001880813 0 0
69.4 4 2 0.174942 0.629284963107 0.500001842092 0 0
69.5 4 2 0.135169 0.62911814249 0.500001798018 0 0
69.6 4 2 0.1127 0.628951899157 0.50000174847 0 0
69.7 4 2 0.128836 0.628786229324 0.500001693353 0 0
69.8 4 2 0.091232 0.628621127808 0.5000016326 0 0
69.9 4 2 0.111643 0.628456588089 0.500001566176 0 0
70 4 2 0.130191 0.62829260236 0.500001494076 0 0
70.1 4 2 0.091662 0.628129161614 0.500001416328 0 0
70.2 4 2 0.119669 0.627966255721 0.500001332991 0 0
70.3 4 2 0.204882 0.627803873532 0.500001244159 0 0
70.4 4 2 0.17429 0.627642002979 0.500001149959 0 0
70.5 4 2 0.141484 0.627480631197 0.500001050547 0 0
70.6 4 2 0.20265 0.627319744641 0.500000946114 0 0
70.7 4 2 0.174688 0.627159329218 0.500000836878 0 0
70.8 4 2 0.140896 0.626999370419 0.500000723088 0 0
70.9 4 2 0.140987 0.626839853454 0.500000605017 0 0
71 4 2 0.141791 0.626680763394 0.500000482964 0 0
71.1 4 2 0.141209 0.626522085309 0.500000357249 0 0
71.2 4 2 0.173896 0.626363804405 0.500000228213 0 0
71.3 4 2 0.202348 0.626205906162 0.500000096212 0 0
71.4 4 2 0.174442 0.62604837647 0.499999961616 0 0
71.5 4 2 0.173326 0.625891201751 0.499999824806 0 0
71.6 4 2 0.173721 0.62573436909 0.499999686172 0 0
71.7 4 2 0.202793 0.625577866343 0.499999546106 0 0
71.8 4 2 0.202367 0.625421682248 0.499999405002 0 0
71.9 4 2 0.202803 0.625265806522 0.499999263254 0 0
72 4 2 0.174757 0.625110229951 0.499999121249 0 0
72.1 4 2 0.202834 0.624954944462 0.499998979368 0 0
72.2 4 2 0.174173 0.624799943195 0.499998837982 0 0
72.3 4 2 0.173301 0.62464522055 0.499998697447 0 0
72.4 4 2 0.173635 0.62449077223 0.499998558105 0 0
72.5 4 2 0.141289 0.624336595267 0.49999842028 0 0
72.6 4 2 0.174029 0.624182688039 0.499998284278 0 0
72.7 4 2 0.141471 0.624029050266 0.499998150382 0 0
72.8 4 2 0.202618 0.623875683003 0.499998018852 0 0
72.9 4 2 0.202257 0.623722588608 0.499997889925 0 0
73 4 2 0.174231 0.62356977071 0.499997763813 0 0
73.1 4 2 0.142355 0.623417234154 0.4999976407 0 0
73.2 4 2 0.173301 0.623264984939 0.499997520749 0 0
73.3 4 2 0.174063 0.62311303015 0.49999740409 0 0
73.4 4 2 0.173981 0.622961377865 0.499997290832 0 0
73.5 4 2 0.201956 0.622810037072 0.499997181057 0 0
73.6 4 2 0.17333 0.62265901756 0.499997074819 0 0
73.7 4 2 0.174692 0.622508329816 0.499996972151 0 0
73.8 4 2 0.173797 0.622357984904 0.499996873061 0 0
73.9 4 2 0.173995 0.622207994351 0.499996777534 0 0
74 4 2 0.173347 0.622058370018 0.499996685538 0 0
74.1 4 2 0.202018 0.621909123978 0.499996597018 0 0
74.2 4 2 0.140948 0.621760268383 0.499996511904 0 0
74.3 4 2 0.202169 0.62161181534 0.499996430111 0 0
74.4 4 2 0.173649 0.621463776781 0.499996351541 0 0
74.5 4 2 0.141227 0.62131616434 0.499996276085 0 0
74.6 4 2 0.173691 0.62116898923 0.499996203626 0 0
74.7 4 2 0.203266 0.62102226213 0.499996134041 0 0
74.8 4 2 0.14157 0.620875993071 0.499996067204 0 0
74.9 4 2 0.202438 0.620730191332 0.499996002989 0 0
75 4 2 0.142221 0.620584865349 0.499995941269 0 0
75.1 4 2 0.202415 0.620440022622 0.499995881924 0 0
75.2 4 2 0.163739 0.620295669642 0.499995824839 0 0
75.3 4 2 0.11112 0.62015181182 0.499995769908 0 0
75.4 4 2 0.128703 0.620008453435 0.499995717037 0 0
75.5 4 2 0.091298 0.619865597587 0.499995666143 0 0
75.6 4 2 0.1112 0.619723246163 0.499995617161 0 0
75.7 4 2 0.112235 0.619581399818 0.499995570041 0 0
75.8 4 2 0.093307 0.619440057966 0.499995524752 0 0
75.9 4 2 0.092456 0.619299218781 0.499995481283 0 0
76 4 2 0.12901 0.619158879218 0.499995439644 0 0
76.1 4 2 0.111071 0.619019035035 0.499995399867 0 0
76.2 4 2 0.112027 0.618879680834 0.499995362005 0 0
76.3 4 2 0.129255 0.618740810113 0.499995326135 0 0
76.4 4 2 0.092146 0.618602415325 0.499995292358 0 0
76.5 4 2 0.11118 0.61846448795 0.499995260795 0 0
76.6 4 2 0.112599 0.618327018575 0.499995231591 0 0
76.7 4 2 0.130388 0.618189996982 0.499995204911 0 0
76.8 4 2 0.128398 0.618053412245 0.499995180941 0 0
76.9 4 2 0.110948 0.617917252831 0.499995159886 0 0
77 4 2 0.113035 0.61778150671 0.499995141967 0 0
77.1 4 2 0.092705 0.617646161466 0.499995127423 0 0
77.2 4 2 0.112364 0.617511204414 0.499995116504 0 0
77.3 4 2 0.11207 0.617376622715 0.499995109473 0 0
77.4 4 2 0.111191 0.617242403498 0.499995106603 0 0
77.5 4 2 0.091062 0.617108533977 0.499995108171 0 0
77.6 4 2 0.113099 0.616975001568 0.49999511446 0 0
77.7 4 2 0.111796 0.616841794002 0.499995125756 0 0
77.8 4 2 0.091603 0.61670889944 0.499995142343 0 0
77.9 4 2 0.09149 0.616576306573 0.4999951645 0 0
78 4 2 0.112185 0.616444004728 0.499995192503 0 0
78.1 4 2 0.128955 0.616311983958 0.499995226618 0 0
78.2 4 2 0.113159 0.616180235131 0.499995267101 0 0
78.3 4 2 0.091051 0.616048750002 0.499995314194 0 0
78.4 4 2 0.130464 0.615917521286 0.499995368126 0 0
78.5 4 2 0.111593 0.615786542717 0.499995429107 0 0
78.6 4 2 0.114617 0.615655809091 0.49999549733 0 0
78.7 4 2 0.113336 0.61552531631 0.499995572967 0 0
78.8 4 2 0.112681 0.615395061401 0.499995656169 0 0
78.9 4 2 0.092144 0.615265042538 0.499995747065 0 0
79 4 2 0.112407 0.615135259042 0.499995845759 0 0
79.1 4 2 0.12936 0.615005711372 0.499995952334 0 0
79.2 4 2 0.091889 0.614876401109 0.499996066847 0 0
79.3 4 2 0.112648 0.614747330926 0.499996189331 0 0
79.4 4 2 0.092181 0.614618504544 0.499996319794 0 0
79.5 4 2 0.117921 0.614489926686 0.499996458224 0 0
79.6 4 2 0.129108 0.614361603012 0.499996604581 0 0
79.7 4 2 0.111767 0.614233540055 0.499996758807 0 0
79.8 4 2 0.12938 0.614105745138 0.49999692082 0 0
79.9 4 2 0.111609 0.613978226291 0.499997090519 0 0
80 4 2 0.111649 0.613850992163 0.499997267784 0 0
80.1 4 2 0.111393 0.613724051918 0.499997452479 0 0
80.2 4 2 0.111645 0.61359741514 0.499997644451 0 0
80.3 4 2 0.093209 0.613471091722 0.499997843534 0 0
80.4 4 2 0.115054 0.613345091761 0.499998049549 0 0
80.5 4 2 0.112549 0.613219425449 0.499998262309 0 0
80.6 4 2 0.130115 0.613094102963 0.499998481617 0 0
80.7 4 2 0.12972 0.612969134351 0.499998707271 0 0
80.8 4 2 0.091956 0.612844529433 0.499998939065 0 0
80.9 4 2 0.112688 0.612720297689 0.499999176789 0 0
81 4 2 0.092064 0.612596448163 0.499999420237 0 0
81.1 4 2 0.112491 0.612472989366 0.499999669201 0 0
81.2 4 2 0.111129 0.612349929183 0.499999923478 0 0
81.3 4 2 0.133555 0.612227274793 0.500000182872 0 0
81.4 4 2 0.091297 0.612105032592 0.500000447192 0 0
81.5 4 2 0.130015 0.611983208122 0.500000716258 0 0
81.6 4 2 0.129019 0.611861806017 0.500000989899 0 0
81.7 4 2 0.112514 0.611740829947 0.500001267956 0 0
81.8 4 2 0.117167 0.611620282582 0.500001550282 0 0
81.9 4 2 0.150221 0.611500165557 0.500001836747 0 0
82 4 2 0.203669 0.611380479458 0.500002127233 0 0
82.1 4 2 0.150805 0.611261223808 0.500002421636 0 0
82.2 4 2 0.11083 0.611142397069 0.500002719872 0 0
82.3 4 2 0.128024 0.611023996651 0.500003021869 0 0
82.4 4 2 0.127877 0.610906018939 0.500003327573 0 0
82.5 4 2 0.092139 0.610788459321 0.500003636947 0 0
82.6 4 2 0.129599 0.610671312229 0.500003949966 0 0
82.7 4 2 0.111331 0.61055457119 0.500004266625 0 0
82.8 4 2 0.111032 0.610438228886 0.500004586928 0 0
82.9 4 2 0.111635 0.610322277222 0.500004910895 0 0
83 4 2 0.093176 0.610206707398 0.500005238559 0 0
83.1 4 2 0.128851 0.610091509992 0.500005569963 0 0
83.2 4 2 0.091099 0.609976675048 0.500005905157 0 0
83.3 4 2 0.110559 0.609862192163 0.500006244204 0 0
83.4 4 2 0.111968 0.609748050592 0.500006587167 0 0
83.5 4 2 0.112702 0.609634239336 0.50000693412 0 0
83.6 4 2 0.130468 0.60952074725 0.500007285133 0 0
83.7 4 2 0.127769 0.609407563145 0.500007640282 0 0
83.8 4 2 0.130463 0.609294675885 0.50000799964 0 0
83.9 4 2 0.090931 0.609182074493 0.500008363275 0 0
84 4 2 0.112109 0.609069748244 0.500008731252 0 0
84.1 4 2 0.128306 0.60895768677 0.50000910363 0 0
84.2 4 2 0.111904 0.608845880141 0.500009480456 0 0
84.3 4 2 0.111106 0.608734318962 0.50000986177 0 0
84.4 4 2 0.090955 0.608622994449 0.500010247599 0 0
84.5 4 2 0.111238 0.608511898505 0.500010637957 0 0
84.6 4 2 0.11053 0.608401023791 0.500011032841 0 0
84.7 4 2 0.128418 0.608290363781 0.500011432237 0 0
84.8 4 2 0.090888 0.60817991282 0.50001183611 0 0
84.9 4 2 0.111083 0.608069666163 0.500012244411 0 0
85 4 2 0.11064 0.607959620013 0.500012657071 0 0
85.1 4 2 0.090856 0.607849771541 0.500013074004 0 0
85.2 4 2 0.127902 0.607740118903 0.500013495106 0 0
85.3 4 2 0.111654 0.607630661247 0.500013920252 0 0
85.4 4 2 0.0914 0.607521398706 0.500014349303 0 0
85.5 4 2 0.091535 0.607412332384 0.5000147821 0 0
85.6 4 2 0.091458 0.607303464331 0.500015218468 0 0
85.7 4 2 0.110639 0.607194797515 0.500015658215 0 0
85.8 4 2 0.109992 0.607086335773 0.500016101135 0 0
85.9 4 2 0.112747 0.606978083766 0.500016547008 0 0
86 4 2 0.110348 0.606870046917 0.500016995601 0 0
86.1 4 2 0.12848 0.60676223135 0.500017446668 0 0
86.2 4 2 0.112134 0.606654643812 0.500017899957 0 0
86.3 4 2 0.092108 0.606547291601 0.500018355202 0 0
86.4 4 2 0.112629 0.606440182479 0.500018812136 0 0
86.5 4 2 0.112014 0.606333324586 0.500019270483 0 0
86.6 4 2 0.130211 0.606226726352 0.500019729964 0 0
86.7 4 2 0.113896 0.606120396401 0.5000201903 0 0
86.8 4 2 0.131611 0.606014343457 0.500020651209 0 0
86.9 4 2 0.129986 0.605908576251 0.500021112411 0 0
87 4 2 0.111493 0.605803103427 0.500021573631 0 0
87.1 4 2 0.111335 0.605697933445 0.500022034595 0 0
87.2 4 2 0.129272 0.605593074495 0.500022495038 0 0
87.3 4 2 0.113594 0.605488534408 0.5000229547 0 0
87.4 4 2 0.112585 0.60538432057 0.500023413329 0 0
87.5 4 2 0.112629 0.605280439846 0.500023870683 0 0
87.6 4 2 0.0925 0.605176898505 0.500024326532 0 0
87.7 4 2 0.111975 0.605073702155 0.500024780655 0 0
87.8 4 2 0.110875 0.60497085568 0.500025232845 0 0
87.9 4 2 0.110965 0.604868363192 0.500025682905 0 0
88 4 2 0.112082 0.604766227979 0.500026130653 0 0
88.1 4 2 0.132748 0.604664452476 0.50002657592 0 0
88.2 4 2 0.093087 0.604563038233 0.500027018551 0 0
88.3 4 2 0.09239 0.604461985896 0.500027458404 0 0
88.4 4 2 0.093513 0.604361295201 0.500027895351 0 0
88.5 4 2 0.115343 0.604260964968 0.500028329276 0 0
88.6 4 2 0.116162 0.604160993114 0.500028760077 0 0
88.7 4 2 0.092953 0.604061376666 0.500029187665 0 0
88.8 4 2 0.114446 0.603962111789 0.50002961196 0 0
88.9 4 2 0.093638 0.603863193823 0.500030032894 0 0
89 4 2 0.093034 0.60376461732 0.500030450411 0 0
89.1 4 2 0.092393 0.603666376097 0.500030864461 0 0
89.2 4 2 0.110875 0.603568463293 0.500031275002 0 0
89.3 4 2 0.092898 0.603470871433 0.500031682 0 0
89.4 4 2 0.115524 0.603373592495 0.500032085427 0 0
89.5 4 2 0.130545 0.603276617987 0.500032485256 0 0
89.6 4 2 0.128839 0.603179939024 0.500032881465 0 0
89.7 4 2 0.093497 0.603083546411 0.500033274033 0 0
89.8 4 2 0.13135 0.602987430728 0.500033662939 0 0
89.9 4 2 0.112609 0.602891582417 0.50003404816 0 0
90 4 2 0.128654 0.602795991872 0.50003442967 0 0
90.1 4 2 0.128656 0.602700649521 0.500034807441 0 0
90.2 4 2 0.131963 0.60260554592 0.500035181437 0 0
90.3 4 2 0.11503 0.602510671837 0.500035551619 0 0
90.4 4 2 0.112704 0.602416018334 0.500035917936 0 0
90.5 4 2 0.129685 0.602321576847 0.500036280334 0 0
90.6 4 2 0.128273 0.602227339265 0.500036638745 0 0
90.7 4 2 0.131234 0.602133297996 0.500036993094 0 0
90.8 4 2 0.114417 0.602039446041 0.500037343296 0 0
90.9 4 2 0.132755 0.601945777048 0.500037689252 0 0
91 4 2 0.113625 0.601852285364 0.500038030854 0 0
91.1 4 2 0.11469 0.601758966089 0.500038367984 0 0
91.2 4 2 0.130863 0.601665815107 0.500038700511 0 0
91.3 4 2 0.129297 0.601572829119 0.500039028292 0 0
91.4 4 2 0.092166 0.601480005668 0.500039351177 0 0
91.5 4 2 0.090677 0.601387343151 0.500039669002 0 0
91.6 4 2 0.130652 0.601294840827 0.500039981595 0 0
91.7 4 2 0.113073 0.60120249881 0.500040288777 0 0
91.8 4 2 0.113278 0.601110318062 0.500040590359 0 0
91.9 4 2 0.111075 0.601018300374 0.500040886146 0 0
92 4 2 0.090289 0.600926448335 0.500041175936 0 0
92.1 4 2 0.126806 0.600834765299 0.500041459525 0 0
92.2 4 2 0.109605 0.600743255344 0.500041736702 0 0
92.3 4 2 0.113859 0.600651923221 0.500042007258 0 0
92.4 4 2 0.112711 0.600560774298 0.500042270981 0 0
92.5 4 2 0.11281 0.600469814497 0.500042527658 0 0
92.6 4 2 0.112683 0.600379050232 0.50004277708 0 0
92.7 4 2 0.090558 0.600288488333 0.500043019041 0 0
92.8 4 2 0.110974 0.600198135974 0.500043253338 0 0
92.9 4 2 0.128786 0.600108000593 0.500043479775 0 0
93 4 2 0.11155 0.600018089814 0.50004369816 0 0
93.1 4 2 0.111023 0.599928411362 0.500043908312 0 0
93.2 4 2 0.091618 0.599838972984 0.500044110057 0 0
93.3 4 2 0.110859 0.599749782366 0.500044303229 0 0
93.4 4 2 0.110891 0.599660847052 0.500044487675 0 0
93.5 4 2 0.090187 0.599572174363 0.500044663252 0 0
93.6 4 2 0.090991 0.599483771325 0.500044829827 0 0
93.7 4 2 0.110464 0.599395644591 0.50004498728 0 0
93.8 4 2 0.091635 0.599307800373 0.500045135505 0 0
93.9 4 2 0.111707 0.59922024438 0.500045274405 0 0
94 4 2 0.127815 0.599132981756 0.500045403898 0 0
94.1 4 2 0.128695 0.599046017029 0.500045523913 0 0
94.2 4 2 0.090738 0.598959354063 0.500045634393 0 0
94.3 4 2 0.091225 0.598872996016 0.500045735291 0 0
94.4 4 2 0.128204 0.598786945312 0.500045826574 0 0
94.5 4 2 0.110806 0.598701203611 0.500045908218 0 0
94.6 4 2 0.110368 0.598615771795 0.50004598021 0 0
94.7 4 2 0.110516 0.598530649955 0.500046042549 0 0
94.8 4 2 0.110534 0.598445837392 0.500046095242 0 0
94.9 4 2 0.09151 0.598361332618 0.500046138304 0 0
95 4 2 0.128988 0.598277133378 0.500046171759 0 0
95.1 4 2 0.110576 0.598193236663 0.500046195637 0 0
95.2 4 2 0.127241 0.598109638743 0.500046209975 0 0
95.3 4 2 0.110918 0.598026335202 0.500046214812 0 0
95.4 4 2 0.110755 0.597943320981 0.500046210196 0 0
95.5 4 2 0.128745 0.597860590425 0.500046196174 0 0
95.6 4 2 0.112885 0.597778137337 0.500046172796 0 0
95.7 4 2 0.113343 0.597695955043 0.500046140115 0 0
95.8 4 2 0.114115 0.597614036446 0.50004609818 0 0
95.9 4 2 0.094597 0.597532374104 0.500046047045 0 0
96 4 2 0.093154 0.597450960294 0.500045986757 0 0
96.1 4 2 0.113141 0.59736978709 0.500045917363 0 0
96.2 4 2 0.113063 0.597288846436 0.500045838908 0 0
96.3 4 2 0.113289 0.597208130222 0.50004575143 0 0
96.4 4 2 0.09263 0.597127630363 0.500045654964 0 0
96.5 4 2 0.112699 0.597047338873 0.500045549542 0 0
96.6 4 2 0.132408 0.59696724794 0.500045435186 0 0
96.7 4 2 0.113868 0.59688735 0.500045311915 0 0
96.8 4 2 0.114326 0.596807637806 0.500045179743 0 0
96.9 4 2 0.113303 0.596728104496 0.500045038675 0 0
97 4 2 0.111656 0.596648743655 0.500044888712 0 0
97.1 4 2 0.113573 0.596569549372 0.500044729847 0 0
97.2 4 2 0.131645 0.596490516294 0.500044562068 0 0
97.3 4 2 0.113631 0.596411639677 0.500044385357 0 0
97.4 4 2 0.131786 0.596332915418 0.500044199692 0 0
97.5 4 2 0.130503 0.596254340101 0.500044005045 0 0
97.6 4 2 0.130175 0.596175911015 0.500043801384 0 0
97.7 4 2 0.130796 0.596097626181 0.500043588673 0 0
97.8 4 2 0.092515 0.596019484363 0.500043366875 0 0
97.9 4 2 0.094963 0.595941485075 0.500043135949 0 0
98 4 2 0.112862 0.595863628581 0.500042895856 0 0
98.1 4 2 0.112574 0.595785915883 0.500042646553 0 0
98.2 4 2 0.128551 0.595708348708 0.500042388 0 0
98.3 4 2 0.111666 0.595630929487 0.50004212016 0 0
98.4 4 2 0.111566 0.59555366132 0.500041842997 0 0
98.5 4 2 0.113515 0.595476547945 0.500041556478 0 0
98.6 4 2 0.093169 0.595399593695 0.500041260578 0 0
98.7 4 2 0.114371 0.595322803448 0.500040955274 0 0
98.8 4 2 0.113773 0.595246182577 0.500040640552 0 0
98.9 4 2 0.128616 0.59516973689 0.500040316403 0 0
99 4 2 0.114155 0.59509347257 0.500039982828 0 0
99.1 4 2 0.132275 0.59501739611 0.500039639835 0 0
99.2 4 2 0.112996 0.594941514247 0.500039287442 0 0
99.3 4 2 0.090696 0.594865833887 0.500038925676 0 0
99.4 4 2 0.091099 0.594790362041 0.500038554575 0 0
99.5 4 2 0.130798 0.594715105748 0.500038174186 0 0
99.6 4 2 0.12802 0.594640072006 0.500037784567 0 0
99.7 4 2 0.090798 0.594565267701 0.500037385786 0 0
99.8 4 2 0.109224 0.594490699534 0.500036977922 0 0
99.9 4 2 0.110196 0.594416373961 0.500036561062 0 0
100 4 2 0.111031 0.594342297123 0.500036135307 0 0
