# SIAM excitation B=c_0up^dag|gs> (normalized), method=star
# L=100 U=0.4 V=0.1 dt=0.1 tmax=50 cutoff=1e-10 max_bond_dim=1024
# E_gs=-31.0478069133 gs_bond_dim=37 gs_wall_s=44.088245
# nrm=0.70710678152  G00(t) = -i nrm^2 exp(i E_gs t) A(t)
# t  n_active  bond_dim  wall_s  n0up  n0dw  ReA  ImA
0 100 37 0.004879 1 0.916279260443 1 0
0.1 100 19 0.696113 0.999957109824 0.916230127201 -0.998355574249 0.0562669016946
0.2 100 18 0.678074 0.999828485276 0.916081413191 0.993428678105 -0.112333825698
0.3 100 18 0.711128 0.999614317355 0.915833431186 -0.985238430773 0.168001656573
0.4 100 18 0.696889 0.999314934484 0.9154865152 0.973816599366 -0.223073003135
0.5 100 18 0.704045 0.998930796629 0.915041131095 -0.959207438471 0.27735304807
0.6 100 18 0.714015 0.998462494022 0.914497883871 0.941467471816 -0.330650382636
0.7 100 18 0.694234 0.997910747134 0.913857510674 -0.920665214297 0.382777821666
0.8 100 18 0.711176 0.997276401028 0.913120857394 0.896880836698 -0.433553194115
0.9 100 18 0.701764 0.996560425007 0.912288911952 -0.870205773842 0.482800104724
1 100 18 0.686971 0.995763910161 0.911362773043 0.840742281419 -0.530348662952
1.1 100 18 0.710092 0.994888065787 0.910343661753 -0.808602941888 0.576036174682
1.2 100 18 0.693454 0.993934213502 0.909232894268 0.773910125426 -0.619707793939
1.3 100 18 0.690627 0.992903787661 0.90803190042 -0.736795406307 0.661217130301
1.4 100 18 0.707944 0.991798327079 0.906742197396 0.697398941589 -0.700426809727
1.5 100 18 0.70638 0.990619476491 0.905365414545 -0.655868814175 0.737208986373
1.6 100 18 0.70288 0.989368962231 0.903903271188 0.612360347776 -0.771445803938
1.7 100 18 0.709151 0.988048607418 0.90235754338 -0.567035392524 0.803029802564
1.8 100 18 0.715795 0.986660333583 0.900730098098 0.520061586008 -0.831864267973
1.9 100 18 0.711013 0.985206132223 0.899022819707 -0.471611606148 0.857863534974
2 100 18 0.718717 0.983688064932 0.897237723183 0.421862405303 -0.880953224225
2.1 100 18 0.695135 0.982108264966 0.895376858124 -0.370994434783 0.90107042823
2.2 100 18 0.687324 0.980468927541 0.893442295355 0.319190867462 -0.91816384061
2.3 100 18 0.687756 0.978772305354 0.891436143213 -0.266636821311 0.932193828838
2.4 100 18 0.690993 0.97702071259 0.889360556732 0.213518584776 -0.943132451821
2.5 100 18 0.699898 0.975216495751 0.887217712576 -0.160022856249 0.950963427108
2.6 100 18 0.689409 0.973362043537 0.885009795107 0.106335990018 -0.955682044431
2.7 100 18 0.722407 0.971459767493 0.882739001572 -0.0526432624548 0.95729502816
2.8 100 18 0.718124 0.969512092727 0.880407547128 -0.000871843722505 -0.955820354514
2.9 100 18 0.719131 0.967521468637 0.878017641009 0.0540283339703 0.951287024109
3 100 18 0.715041 0.965490344844 0.875571508213 -0.106648368084 -0.943734791622
3.1 100 18 0.729763 0.963421194726 0.873071313896 0.158557900997 0.933213845466
3.2 100 18 0.718261 0.961316445152 0.870519266776 -0.20958729677 -0.919784468618
3.3 100 18 0.713523 0.959178531625 0.867917529713 0.259571901013 0.903516648288
3.4 100 18 0.726253 0.957009879545 0.865268256515 -0.30835258389 -0.884489673659
3.5 100 18 0.725474 0.954812855407 0.862573586775 0.35577625507 0.862791670894
3.6 100 18 0.697914 0.952589817497 0.859835616583 -0.401696331157 -0.83851915159
3.7 100 18 0.692296 0.950343064677 0.857056463039 0.445973170287 0.811776525875
3.8 100 18 0.694754 0.948074891549 0.854238095733 -0.488474471896 -0.782675569936
3.9 100 18 0.698979 0.945787517484 0.851382517638 0.529075633572 0.751334918561
4 100 18 0.695281 0.943483102665 0.848491652543 -0.567660063371 -0.717879530786
4.1 100 18 0.692251 0.941163741371 0.845567444305 0.604119477712 0.682440136997
4.2 100 18 0.69466 0.93883149643 0.842611754309 -0.638354139472 -0.645152668242
4.3 100 18 0.697255 0.936488429679 0.839626271773 0.67027306165 0.606157693264
4.4 100 18 0.67924 0.934136369832 0.836612876978 -0.699794173248 -0.565599909646
4.5 100 18 0.70003 0.931777059477 0.833573366743 0.726844456844 0.523627532052
4.6 100 18 0.724485 0.929412316113 0.830509324093 -0.75136005829 -0.480391709415
4.7 100 18 0.729702 0.927043811261 0.827422375693 0.773286346791 0.436046007139
4.8 100 18 0.733266 0.924673096953 0.824314123705 -0.792577944758 -0.39074585154
4.9 100 18 0.71028 0.922301752716 0.821186020624 0.809198736719 0.344647944257
5 100 18 0.536684 0.919931138836 0.818039566128 -0.823121830201 -0.297909790504
5.1 100 18 0.548654 0.917562597341 0.814876243189 0.834329542191 0.250689158155
5.2 100 18 0.494041 0.915197352931 0.811697411286 -0.842813250452 -0.203143502017
5.3 100 18 0.706306 0.912836546566 0.808504368902 0.848573304907 0.155429517051
5.4 100 18 0.685414 0.9104812666 0.805298482098 -0.851618970866 -0.10770267532
5.5 100 18 0.71011 0.908132457716 0.802080951281 0.8519681345 0.0601166653033
5.6 100 18 0.704015 0.905791002001 0.79885297858 -0.849647222417 -0.0128229988802
5.7 100 18 0.680276 0.903457704488 0.795615739641 0.844690991191 -0.0340294401075
5.8 100 18 0.664123 0.901133269322 0.792370345173 -0.837142265932 0.0802948522108
5.9 100 18 0.679956 0.898818326203 0.789117873704 0.827051737036 -0.12583090804
6 100 18 0.584898 0.8965134078 0.785859330416 -0.814477699363 0.170499149557
6.1 100 18 0.49108 0.894219028296 0.782595795938 0.799485801623 -0.214165380265
6.2 100 18 0.493158 0.891935578093 0.779328164524 -0.782148651781 0.256700027433
6.3 100 18 0.494656 0.889663430454 0.776057452414 0.762545708601 -0.297978468235
6.4 100 18 0.505876 0.887402807946 0.772784536625 -0.740762748195 0.337881358467
6.5 100 18 0.512326 0.885153948403 0.769510256854 0.716891675405 -0.376294950686
6.6 100 18 0.499401 0.882916920503 0.766235527155 -0.69103012656 0.413111379929
6.7 100 18 0.510473 0.880691819074 0.762961170162 0.663281146555 -0.448228934883
6.8 100 18 0.502894 0.878478668773 0.759687953295 -0.633752793716 0.481552299236
6.9 100 18 0.502875 0.876277511801 0.756416631546 0.60255776585 -0.512992809064
7 100 18 0.501724 0.874088262124 0.753147938794 -0.569813056 0.5424686346
7.1 100 18 0.541893 0.871910816525 0.749882600723 0.535639517541 -0.569904996128
7.2 100 18 0.509501 0.86974503472 0.746621290065 -0.500161463171 0.595234326997
7.3 100 18 0.492022 0.867590942438 0.7433645765 0.463506257441 -0.618396470607
7.4 100 18 0.546513 0.865448170198 0.740113259304 -0.425803948078 0.639338717244
7.5 100 18 0.515533 0.863316562974 0.73686793825 0.387186759728 -0.658015998366
7.6 100 18 0.511666 0.861195832047 0.733629253569 -0.347788730248 0.674390924349
7.7 100 19 0.509886 0.859085777279 0.730397845937 0.307745262675 -0.688433922953
7.8 100 19 0.516498 0.856986135201 0.727174252511 -0.267192654317 0.700123177441
7.9 100 19 0.514397 0.854896693363 0.723959042429 0.226267710492 -0.709444738407
8 100 19 0.508408 0.852817166856 0.720752788101 -0.185107266605 0.7163924694
8.1 100 19 0.502932 0.850747287999 0.71755597601 0.143847773823 -0.720967998583
8.2 100 19 0.510572 0.848686827137 0.714369186928 -0.10262486949 0.723180796785
8.3 100 20 0.508876 0.846635517697 0.711192903747 0.0615729203381 -0.723047928818
8.4 100 20 0.507946 0.844593150106 0.708027660637 -0.0208245922699 0.720594093339
8.5 100 20 0.513 0.842559470185 0.704873943947 -0.0194895397492 -0.715851414143
8.6 100 20 0.509513 0.840534287264 0.701732249813 0.0592414654864 0.708859347192
8.7 100 20 0.509909 0.838517389066 0.698603039748 -0.098306105171 -0.699664462995
8.8 100 20 0.514522 0.836508593408 0.69548677492 0.136561733645 0.688320295974
8.9 100 20 0.519414 0.834507765495 0.692383955075 -0.17389036979 -0.67488712785
9 100 20 0.51846 0.832514751145 0.689294996718 0.210178120604 0.659431679472
9.1 100 20 0.518733 0.830529436924 0.686220346003 -0.245315598205 -0.642026911451
9.2 100 20 0.511305 0.828551714264 0.683160421498 0.279198198637 0.622751732154
9.3 100 20 0.517567 0.826581523456 0.680115634922 -0.311726500863 -0.60169067451
9.4 100 20 0.516132 0.824618828708 0.677086416684 0.342806553414 0.57893358719
9.5 100 20 0.516902 0.82266359307 0.67407317794 -0.372350138505 -0.554575290608
9.6 100 20 0.516574 0.820715827424 0.671076342116 0.400275079699 0.528715222488
9.7 100 20 0.521379 0.818775528237 0.668096345408 -0.426505469456 -0.501457055521
9.8 100 20 0.519157 0.816842759697 0.66513352719 0.450971882464 0.47290824146
9.9 100 20 0.518675 0.814917581925 0.662188278279 -0.473611595089 -0.443179716696
10 100 20 0.518479 0.813000093466 0.659260967972 0.494368749947 0.412385398625
10.1 100 20 0.520027 0.811090455839 0.656352022325 -0.513194570885 -0.380641875021
10.2 100 20 0.52459 0.809188801352 0.653461815984 0.530047371971 0.348067812294
10.3 100 20 0.522273 0.807295258839 0.650590681276 -0.544892642313 -0.314783612785
10.4 100 20 0.516899 0.805410015877 0.647739029494 0.557703254472 0.280910989534
10.5 100 20 0.521869 0.803533229573 0.644907130487 -0.56845928847 -0.2465724059
10.6 100 20 0.522001 0.801665155137 0.6420953603 0.577148308635 0.211890841757
10.7 100 20 0.522763 0.799806060121 0.639304148965 -0.583765244167 -0.176989146542
10.8 100 20 0.51985 0.797956149099 0.636533790073 0.588312148072 0.141989668961
10.9 100 20 0.530764 0.79611566019 0.6337846593 -0.59079836781 -0.107013854869
11 100 20 0.524766 0.794284867542 0.631057149293 0.591240406263 0.0721817737249
11.1 100 20 0.520454 0.792463975273 0.628351587767 -0.589661545648 -0.0376116117468
11.2 100 20 0.522506 0.790653282706 0.62566821389 0.586091981543 0.00341951192132
11.3 100 20 0.525531 0.788853072147 0.623007348698 -0.580568582717 0.0302810265424
11.4 100 20 0.524013 0.787063607217 0.620369280466 0.573134595371 -0.0633794621916
11.5 100 20 0.526854 0.785285167098 0.617754304938 -0.563839520852 0.095768560148
11.6 100 20 0.526857 0.783518048353 0.615162756491 0.552738894385 -0.127344807784
11.7 100 21 0.529351 0.781762516734 0.612594897283 -0.53989387587 0.158008681811
11.8 100 21 0.52843 0.780018854032 0.610051031654 0.525371114497 -0.187665008189
11.9 100 21 0.533917 0.778287327468 0.607531399427 -0.509242316185 0.216223200534
12 100 21 0.538925 0.776568240431 0.605036315435 0.491584104764 -0.243597610705
12.1 100 21 0.533273 0.774861855914 0.602566047878 -0.472477539959 0.269707712309
12.2 100 21 0.539032 0.773168430619 0.600120825332 0.452007802548 -0.294478334035
12.3 100 21 0.536199 0.771488214711 0.597700867191 -0.430263840587 0.317839871838
12.4 100 21 0.532978 0.769821447616 0.595306406977 0.407338059246 -0.339728488067
12.5 100 21 0.53433 0.768168361615 0.592937649081 -0.383325918374 0.360086251765
12.6 100 21 0.537498 0.766529221736 0.590594872919 0.358325647608 -0.37886136117
12.7 100 21 0.541404 0.764904195242 0.588278206381 -0.33243762906 0.396008017264
12.8 100 21 0.545218 0.76329350397 0.585987849654 0.305764263142 -0.411486751844
12.9 100 21 0.558457 0.761697297751 0.583723984174 -0.278409460615 0.425264354668
13 100 21 0.566925 0.760115713812 0.581486760192 0.250478325457 -0.437313948189
13.1 100 21 0.560311 0.758548978667 0.579276319691 -0.22207669405 0.447615080633
13.2 100 21 0.552726 0.756997215565 0.577092740573 0.193310806402 -0.456153535281
13.3 100 22 0.561029 0.755460581848 0.574936164328 -0.164286981994 0.462921523307
13.4 100 22 0.56287 0.753939208292 0.572806669247 0.135111161081 -0.467917476467
13.5 100 22 0.560805 0.752433202368 0.570704328935 -0.105888586607 0.47114600555
13.6 100 22 0.557722 0.750942653305 0.568629169513 0.0767234369076 -0.472617801916
13.7 100 22 0.560815 0.749467621046 0.56658128648 -0.0477185538217 0.472349633469
13.8 100 22 0.560583 0.748008086245 0.564560808502 0.0189750114655 -0.470364164087
13.9 100 22 0.563292 0.746564105098 0.562567686424 0.0094081177442 0.466689661743
14 100 22 0.565537 0.745135750899 0.560601928107 -0.0373342605908 -0.461360023994
14.1 100 23 0.562584 0.743723096709 0.558663538161 0.0647094494056 0.454414589289
14.2 100 23 0.561631 0.742326134815 0.556752474527 -0.0914426611732 -0.445897769793
14.3 100 23 0.574361 0.740944818522 0.554868666769 0.117446086081 0.435858930624
14.4 100 23 0.561887 0.739579194505 0.553012124328 -0.142635475126 -0.424352393663
14.5 100 23 0.552814 0.738229255355 0.551182770291 0.166930306785 0.411436875815
14.6 100 23 0.551844 0.736894948477 0.549380496856 -0.190254005989 -0.397175317481
14.7 100 23 0.55283 0.735576395807 0.547605155351 0.212534186682 0.38163486662
14.8 100 23 0.550915 0.734273370499 0.545856902355 -0.233703043931 -0.364886258935
14.9 100 24 0.551224 0.732985882733 0.544135480783 0.253697052714 0.347003797272
15 100 24 0.557055 0.731713857188 0.542440744877 -0.272457548851 -0.32806489061
15.1 100 24 0.557436 0.730457097838 0.540772627854 0.289930717669 0.30814995601
15.2 100 24 0.553591 0.729215603005 0.539130932329 -0.306067849021 -0.287341945583
15.3 100 24 0.576552 0.727989324544 0.537515471258 0.320825364596 0.265726142683
15.4 100 24 0.646758 0.726778141593 0.535926100605 -0.334164927444 -0.243389850098
15.5 100 24 0.584134 0.725581952518 0.534362650584 0.346053538964 0.220422048145
15.6 100 24 0.806383 0.724400640358 0.532824948475 -0.35646360216 -0.196913087196
15.7 100 24 0.628299 0.723234094772 0.531312787322 0.365372951175 0.172954366438
15.8 100 24 0.564894 0.722082195668 0.529825980761 -0.372764916992 -0.148638043441
15.9 100 24 0.564054 0.7209447976 0.528364325246 0.378628305822 0.124056665766
16 100 24 0.558074 0.719821798674 0.52692761741 -0.382957435484 -0.0993029344637
16.1 100 24 0.599981 0.718713039032 0.525515653109 0.385752060882 0.0744693024375
16.2 100 24 0.555812 0.717618406278 0.524128211078 -0.387017395188 -0.0496477237175
16.3 100 24 0.546492 0.716537760468 0.522765075334 0.386764011564 0.0249292916255
16.4 100 24 0.554904 0.715470962268 0.521426004365 -0.385007752754 -0.000403960441498
16.5 100 24 0.547021 0.714417864677 0.520110764232 0.381769674291 -0.0238397626339
16.6 100 24 0.554938 0.713378310209 0.518819090586 -0.377075868707 0.0477151362262
16.7 100 24 0.54015 0.712352202773 0.517550783188 0.370957566573 -0.0711373770838
16.8 100 24 0.54538 0.711339353042 0.516305613659 -0.363450698513 0.0940240439706
16.9 100 24 0.554388 0.710339617323 0.515083333971 0.354595888826 -0.116295299206
17 100 25 0.546298 0.709352711984 0.513883746896 -0.344438210425 0.137874119127
17.1 100 25 0.545386 0.708378616591 0.512706545678 0.333027129627 -0.158686589335
17.2 100 25 0.545558 0.707417207979 0.511551486538 -0.320416217167 0.178662128286
17.3 100 25 0.549246 0.706468309721 0.510418311055 0.306662889368 -0.197733702344
17.4 100 25 0.545526 0.705531768011 0.509306766106 -0.291828277573 0.215838034646
17.5 100 26 0.549503 0.704607456536 0.508216599435 0.275976920448 -0.232915844123
17.6 100 26 0.553431 0.703695232256 0.507147555607 -0.259176526844 0.248912030585
17.7 100 26 0.55693 0.702794939685 0.506099380164 0.241497739846 -0.263775788588
17.8 100 26 0.561784 0.701906439067 0.505071803952 -0.22301384089 0.277460788148
17.9 100 26 0.569299 0.701029582337 0.504064570606 0.203800485103 -0.289925337832
18 100 26 0.556447 0.700164233926 0.503077420898 -0.183935422579 0.301132484382
18.1 100 26 0.553101 0.699310272326 0.502110083808 0.163498184572 -0.311050096309
18.2 100 26 0.557929 0.698467531602 0.501162308405 -0.142569774502 0.319650986036
18.3 100 27 0.554537 0.697635890137 0.500233828285 0.121232404593 -0.326912959721
18.4 100 27 0.565454 0.6968151952 0.499324393492 -0.0995691666211 0.332818869905
18.5 100 27 0.555845 0.696005330035 0.498433725338 0.0776637191897 -0.337356599836
18.6 100 27 0.560223 0.695206194975 0.497561552015 -0.0555999955148 0.340519148494
18.7 100 27 0.559507 0.69441769171 0.496707578608 0.0334619215641 -0.342304530985
18.8 100 27 0.563631 0.693639657202 0.495871555058 -0.0113330287175 0.34271581587
18.9 100 27 0.562355 0.692871974343 0.495053205479 -0.010703762716 -0.341761062552
19 100 27 0.561917 0.692114533921 0.494252249734 0.0325664643427 0.339453256893
19.1 100 27 0.56089 0.691367227136 0.493468433821 -0.0541743090931 -0.335810241433
19.2 100 27 0.562218 0.690629957367 0.492701460961 0.0754480712833 0.330854581777
19.3 100 27 0.58049 0.689902594706 0.491951067367 -0.0963103048391 -0.324613464453
19.4 100 27 0.562024 0.689185044108 0.491216946567 0.116685620704 0.317118541705
19.5 100 27 0.564284 0.68847720012 0.490498824907 -0.136500938932 -0.308405832442
19.6 100 27 0.567546 0.687778961162 0.489796363614 0.155685790646 0.298515417878
19.7 100 27 0.56938 0.687090255029 0.489109365084 -0.174172387166 -0.287491664387
19.8 100 27 0.568639 0.686410983345 0.488437492042 0.191896083635 0.275382459013
19.9 100 27 0.57745 0.685741075353 0.487780505786 -0.208795403249 -0.262239507836
20 100 27 0.585545 0.685080420665 0.487138067143 0.224812326614 0.248117666001
20.1 100 27 0.579218 0.684429041825 0.486509832181 -0.239892468206 -0.233075097727
20.2 100 27 0.582782 0.683786779111 0.485895521715 0.253985147709 0.217172769197
20.3 100 28 0.81364 0.683153544776 0.48529487643 -0.267043652073 -0.200474412573
20.4 100 28 0.827825 0.682529259373 0.484707585378 0.279025309419 0.18304615196
20.5 100 28 0.833625 0.681913829676 0.484133280769 -0.289891498317 -0.164956227376
20.6 100 28 0.830026 0.681307193152 0.483571784187 0.299608184739 0.146274935915
20.7 100 28 0.830849 0.680709269184 0.483022789123 -0.308145525483 -0.127074128839
20.8 100 28 0.724475 0.68011997925 0.482486008443 0.315478083098 0.107427006705
20.9 100 28 0.575066 0.679539254251 0.481961136455 -0.321584968218 -0.0874078899908
21 100 28 0.576939 0.678967044615 0.481447861212 0.32644979337 0.0670919244495
21.1 100 28 0.574743 0.678403257697 0.48094589806 -0.33006068622 -0.0465547979538
21.2 100 28 0.579494 0.677847813623 0.480454965535 0.332410338398 0.0258724900745
21.3 100 28 0.581025 0.677300633187 0.479974769134 -0.3334959744 -0.00512100126335
21.4 100 28 0.578992 0.6767616508 0.479505020721 0.33331931564 -0.0156239518145
21.5 100 28 0.580845 0.676230784353 0.479045427612 -0.331886533126 0.0362871602193
21.6 100 28 0.581412 0.675707951079 0.478595710925 0.329208208726 -0.0567941780455
21.7 100 28 0.645864 0.675193068991 0.47815558212 -0.325299247209 0.0770715837169
21.8 100 28 0.582238 0.674686039618 0.47772475733 0.320178759084 -0.0970472498082
21.9 100 28 0.655425 0.674186780752 0.477302966738 -0.313870046528 0.116650531363
22 100 29 0.728987 0.673695085424 0.476890026051 0.306400444967 -0.135812414483
22.1 100 29 0.589198 0.673210985674 0.476485565473 -0.297801128075 0.154466059615
22.2 100 29 0.59541 0.672734395656 0.476089298497 0.288107070285 -0.172546705002
22.3 100 29 0.662054 0.672265201015 0.475700964761 -0.277356833057 0.189991967769
22.4 100 29 0.833554 0.671803304858 0.475320279953 0.265592440822 -0.206742036656
22.5 100 29 0.818778 0.67134858591 0.474946993084 -0.252859192863 0.222739863176
22.6 100 29 0.658636 0.670900939483 0.474580828288 0.239205503185 -0.237931324078
22.7 100 29 0.836915 0.670460247002 0.474221528955 -0.224682698936 0.252265393328
22.8 100 29 0.624351 0.670026397309 0.473868833722 0.209344842863 -0.265694282966
22.9 100 29 0.603225 0.669599273353 0.473522475515 -0.193248508411 0.27817358401
23 100 30 0.831562 0.669178752352 0.473182200189 0.176452597642 -0.289662396431
23.1 100 30 0.838359 0.668764710689 0.472847739358 -0.159018089676 0.300123436438
23.2 100 30 0.837662 0.668357013503 0.472518856061 0.141007883637 -0.309523147299
23.3 100 30 0.839399 0.667955534844 0.47219528994 -0.122486514043 0.317831784746
23.4 100 30 0.742795 0.667560126451 0.471876802998 0.103519961631 -0.325023486099
23.5 100 30 0.83224 0.667170652325 0.471563149937 -0.0841754135208 0.331076343735
23.6 100 30 0.839563 0.666786986221 0.471254079453 0.0645210260991 -0.33597244683
23.7 100 30 0.850384 0.66640899754 0.470949338914 -0.0446256972831 0.339697921707
23.8 100 30 0.843247 0.666036537626 0.470648701056 0.0245588316221 -0.342242966056
23.9 100 30 0.841013 0.665669470784 0.470351927071 -0.00439010100249 0.343601842225
24 100 30 0.841622 0.665307659816 0.470058779513 -0.0158107861718 -0.343772878351
24.1 100 30 0.838778 0.664950930055 0.469769060304 0.0359743748719 0.342758465735
24.2 100 30 0.861549 0.664599163752 0.469482506839 -0.0560315277978 -0.340564975543
24.3 100 30 0.867674 0.664252223028 0.469198886433 0.0759138362958 0.337202808512
24.4 100 30 0.874342 0.663909978892 0.468917986185 -0.0955537482585 -0.33268629086
24.5 100 30 0.874235 0.66357229336 0.468639583685 0.1148848293 0.327033603011
24.6 100 31 0.871222 0.663239034973 0.468363448485 -0.133841989904 -0.320266703449
24.7 100 32 0.884667 0.662910092309 0.468089336261 0.152361683555 0.312411223078
24.8 100 32 0.794941 0.662585318869 0.467817038711 -0.170382082509 -0.303496400306
24.9 100 32 0.842551 0.662264573027 0.46754635853 0.187843313975 0.293554941406
25 100 32 0.891113 0.661947742521 0.467277074844 -0.204687640153 -0.282622893409
25.1 100 32 0.880377 0.661634706524 0.467008978563 0.22085964907 0.270739512923
25.2 100 32 0.808677 0.661325344038 0.466741859686 -0.236306428235 -0.257947116161
25.3 100 32 0.621538 0.661019525564 0.466475535971 0.250977733109 0.244290936558
25.4 100 32 0.615138 0.660717162981 0.46620979144 -0.26482615045 -0.229818931644
25.5 100 32 0.619586 0.66041814767 0.465944431014 0.277807232692 0.214581631492
25.6 100 32 0.63816 0.660122402432 0.46567923683 -0.28987966529 -0.198631953582
25.7 100 32 0.621526 0.659829801895 0.465414049505 0.301005360395 0.1820249844
25.8 100 33 0.62404 0.659540254165 0.465148688508 -0.311149588571 -0.164817810717
25.9 100 33 0.625486 0.659253651878 0.464882979206 0.320281077919 0.147069306364
26 100 33 0.633277 0.658969918512 0.464616745206 -0.328372108257 -0.128839924151
26.1 100 33 0.626542 0.658688974199 0.464349809079 0.335398584032 0.110191487276
26.2 100 33 0.627795 0.658410711279 0.464082025962 -0.341340110756 -0.091186938798
26.3 100 33 0.685716 0.658135078368 0.463813226779 0.346180028145 0.0718901828628
26.4 100 33 0.629603 0.657861990922 0.463543269745 -0.349905456 -0.0523658302392
26.5 100 33 0.629315 0.657591377639 0.463272002667 0.352507336459 0.0326789155249
26.6 100 33 0.635183 0.657323184888 0.462999273803 -0.353980424239 -0.0128947555841
26.7 100 33 0.637676 0.6570573224 0.462724965105 0.354323286244 -0.00692132801956
26.8 100 33 0.662959 0.656793749452 0.462448942517 -0.353538302294 0.0267041899648
26.9 100 33 0.631653 0.656532393279 0.462171082272 0.35163160723 -0.0463891396243
27 100 33 0.630008 0.65627320335 0.461891262407 -0.348613049386 0.0659121083055
27.1 100 33 0.633348 0.656016153909 0.461609373784 0.344496210511 -0.0852098564496
27.2 100 33 0.631915 0.655761158577 0.461325326616 -0.339298239699 0.104220297367
27.3 100 33 0.631342 0.655508200878 0.461038996734 0.333039816151 -0.122882526057
27.4 100 33 0.631392 0.655257222581 0.46075029508 -0.325745035775 0.141137193051
27.5 100 34 0.799441 0.655008176627 0.460459132194 0.317441327866 -0.15892660325
27.6 100 34 0.638216 0.654761017989 0.460165434873 -0.308159336807 0.176194915699
27.7 100 34 0.639729 0.654515725111 0.459869081753 0.297932765653 -0.192888337017
27.8 100 34 0.728259 0.654272249122 0.459570025027 -0.286798287323 0.208955267285
27.9 100 34 0.644719 0.654030550799 0.459268201831 0.274795374894 -0.224346484288
28 100 34 0.672382 0.653790592722 0.458963552301 -0.26196615035 0.239015284936
28.1 100 34 0.649211 0.653552369927 0.458655992624 0.248355237567 -0.252917622975
28.2 100 34 0.647356 0.65331580905 0.458345563686 -0.234009548237 0.266012247447
28.3 100 34 0.832855 0.653080906282 0.458032096787 0.218978137744 -0.278260807289
28.4 100 34 0.880461 0.652847638536 0.457715568648 -0.203312003238 0.289627972518
28.5 100 34 0.684814 0.652615962557 0.457395963665 0.187063956245 -0.300081530255
28.6 100 34 0.860187 0.652385843056 0.457073249715 -0.170288348408 0.309592468953
28.7 100 34 0.940367 0.652157249883 0.456747391467 0.1530409182 -0.318135034289
28.8 100 34 0.780652 0.651930178211 0.45641834034 -0.135378598718 0.325686809938
28.9 100 34 0.641365 0.65170457431 0.45608608691 0.117359295049 -0.332228746466
29 100 34 0.646933 0.65148041523 0.455750599662 -0.099041705749 0.337745215393
29.1 100 34 0.740984 0.651257679829 0.455411854108 0.0804851126039 -0.342224025505
29.2 100 34 0.668811 0.651036349285 0.455069829627 -0.0617491719287 0.345656442532
29.3 100 35 0.699023 0.650816380093 0.454724533583 0.0428937012669 -0.348037189643
29.4 100 35 0.654325 0.650597765736 0.454375925032 -0.0239785225302 0.349364392056
29.5 100 35 0.654313 0.650380491596 0.454023981505 0.00506323869739 -0.349639609952
29.6 100 35 0.655979 0.65016450494 0.453668713616 0.0137929663712 0.348867775062
29.7 100 35 0.656246 0.649949793541 0.453310105525 -0.032531507607 -0.347057182004
29.8 100 35 0.659198 0.649736345898 0.452948148748 0.0510945989346 0.344219386258
29.9 100 35 0.659774 0.64952412647 0.45258284085 -0.0694254166816 -0.340369161058
30 100 35 0.655372 0.649313107651 0.452214178617 0.0874682843343 0.33552441057
30.1 100 35 0.657686 0.649103274531 0.451842150002 -0.105168839286 -0.329706102027
30.2 100 35 0.652559 0.648894598938 0.451466759813 0.122474207078 0.322938163139
30.3 100 35 0.652935 0.648687026024 0.451088032189 -0.139333154871 -0.315247371703
30.4 100 35 0.652259 0.648480578144 0.450705944634 0.155696235996 0.306663279711
30.5 100 35 0.653393 0.648275250551 0.4503204818 -0.17151595086 -0.297218061467
30.6 100 36 0.652592 0.648071038691 0.4499316323 0.18674686305 0.28694640914
30.7 100 36 0.656219 0.647867908772 0.449539416013 -0.201345765906 -0.275885362209
30.8 100 36 0.65682 0.647665827297 0.449143851526 0.215271767373 0.264074192919
30.9 100 36 0.658594 0.647464780371 0.448744935846 -0.228486424112 -0.25155427672
31 100 36 0.664259 0.647264753798 0.448342684151 0.240953809358 0.238368926702
31.1 100 36 0.66006 0.647065737847 0.447937113055 -0.252640617588 -0.224563264674
31.2 100 36 0.66407 0.646867723877 0.447528214391 0.263516331911 0.21018400006
31.3 100 36 0.663495 0.646670684624 0.447116007587 -0.273553171426 -0.195279324754
31.4 100 36 0.666783 0.646474587672 0.446700532374 0.282726227424 0.179898751347
31.5 100 36 0.656017 0.646279471136 0.446281777718 -0.291013520467 -0.164092939244
31.6 100 37 0.707539 0.646085278206 0.445859788139 0.298396053008 0.147913458438
31.7 100 37 0.883127 0.645891989251 0.445434587796 -0.304857828374 -0.131412686467
31.8 100 37 0.651589 0.645699596432 0.445006202403 0.310385874067 0.114643623981
31.9 100 37 0.652033 0.645508085022 0.444574655662 -0.314970273228 -0.0976597029382
32 100 37 0.653181 0.645317455087 0.444139970297 0.31860417981 0.0805146369256
32.1 100 37 0.658159 0.645127693019 0.443702183235 -0.321283806805 -0.0632622321915
32.2 100 37 0.653609 0.64493877557 0.443261340275 0.323008421792 0.0459562191258
32.3 100 37 0.657489 0.644750690854 0.442817488986 -0.323780334003 -0.0286500838441
32.4 100 37 0.658022 0.644563418209 0.442370689136 0.323604854343 0.0113968876811
32.5 100 37 0.657063 0.644376943525 0.441920982582 -0.322490242449 0.00575092419548
32.6 100 37 0.658151 0.644191263508 0.441468430587 0.320447707736 -0.0227416418892
32.7 100 37 0.657472 0.644006367505 0.441013074175 -0.317491268013 0.0395245323779
32.8 100 37 0.661063 0.643822224643 0.440554945932 0.31363768699 -0.0560498534885
32.9 100 37 0.658864 0.643638838731 0.440094133005 -0.308906566153 0.0722690653976
33 100 37 0.662343 0.643456195352 0.439630705278 0.303320090461 -0.0881350690066
33.1 100 37 0.669444 0.643274310022 0.439164703695 -0.296902975587 0.103602283708
33.2 100 37 0.666449 0.643093141627 0.438696230235 0.289682380816 -0.118626769433
33.3 100 37 0.66728 0.642912688533 0.43822535482 -0.281687807802 0.133166375633
33.4 100 37 0.675209 0.642732934969 0.437752159855 0.272950968114 -0.147180867802
33.5 100 37 0.673581 0.642553897914 0.437276712626 -0.263505687389 0.16063203502
33.6 100 37 0.668708 0.642375562208 0.436799102711 0.253387754416 -0.173483812018
33.7 100 37 0.668645 0.642197890862 0.43631942978 -0.242634770337 0.185702387765
33.8 100 37 0.665773 0.64202091275 0.43583776991 0.231286095189 -0.197256262772
33.9 100 37 0.669051 0.641844626602 0.435354215931 -0.219382608175 0.208116373755
34 100 37 0.666253 0.641669026594 0.434868865107 0.206966602219 -0.218256159601
34.1 100 38 0.677879 0.641494149323 0.434381780984 -0.194081646969 0.227651628412
34.2 100 38 0.688418 0.64131996718 0.4338930912 0.180772375037 -0.236281406396
34.3 100 38 0.675699 0.641146474939 0.43340290316 -0.167084383685 0.244126795891
34.4 100 38 0.674695 0.640973690535 0.432911301572 0.153064045388 -0.251171817238
34.5 100 38 0.667777 0.640801616574 0.432418392967 -0.13875836333 0.257403233275
34.6 100 38 0.671378 0.640630299349 0.431924259697 0.124214796093 -0.262810594031
34.7 100 38 0.660443 0.640459729752 0.431429016886 -0.109481093517 0.267386194845
34.8 100 38 0.664506 0.640289929778 0.430932762588 0.0946051410263 -0.271125122456
34.9 100 38 0.662753 0.640120915144 0.430435600854 -0.0796347867656 0.274025228703
35 100 38 0.663477 0.639952705484 0.429937637733 0.0646176881997 -0.276087117194
35.1 100 38 0.66788 0.639785273619 0.429439010299 -0.0496011351412 0.277314093296
35.2 100 38 0.653318 0.63961869583 0.428939788709 0.0346319448525 -0.277712181927
35.3 100 39 0.650694 0.639453034032 0.428440054801 -0.0197562798341 0.277290043377
35.4 100 39 0.661558 0.639288285413 0.42793993102 0.00501943934714 -0.276058890576
35.5 100 39 0.652104 0.639124482732 0.427439521259 0.00953420720774 0.274032466173
35.6 100 39 0.658977 0.6389616665 0.426938922117 -0.0238613839838 -0.271226962957
35.7 100 39 0.661232 0.638799900275 0.426438216815 0.037920048157 0.267660944779
35.8 100 40 0.66416 0.638639191504 0.425937518489 -0.0516695170777 -0.263355224349
35.9 100 40 0.674084 0.638479569085 0.425436939899 0.0650706023131 0.258332802312
36 100 40 0.66983 0.638321065537 0.424936582684 -0.0780857097023 -0.252618760097
36.1 100 40 0.663445 0.638163722662 0.424436544608 0.090678956124 0.24624015348
36.2 100 40 0.67124 0.638007577932 0.423936922707 -0.102816275282 -0.239225882856
36.3 100 40 0.668885 0.637852662231 0.423437818909 0.114465501026 0.231606597738
36.4 100 40 0.671648 0.637699016264 0.422939330031 -0.125596467521 -0.223414543983
36.5 100 40 0.67088 0.637546681808 0.422441549799 0.136181081256 0.214683463681
36.6 100 40 0.672718 0.637395685627 0.421944582648 -0.146193394917 -0.205448441482
36.7 100 40 0.671966 0.637246066215 0.421448523869 0.155609659403 0.195745788637
36.8 100 40 0.679637 0.637097847598 0.420953465336 -0.164408377493 -0.185612884902
36.9 100 40 0.678206 0.63695108181 0.420459499994 0.172570381061 0.175088087842
37 100 40 0.671386 0.636805786458 0.419966748999 -0.18007885114 -0.164210500179
37.1 100 40 0.677448 0.636662014791 0.419475262004 0.186919295963 0.153019952718
37.2 100 40 0.678028 0.636519791148 0.418985153095 -0.193079619081 -0.141556765885
37.3 100 40 0.680595 0.636379154728 0.418496482005 0.198550137325 0.129861640381
37.4 100 40 0.67761 0.636240126542 0.418009339687 -0.203323572005 -0.117975507782
37.5 100 41 0.676096 0.63610275063 0.417523813968 0.207395055023 0.105939395761
37.6 100 41 0.685732 0.635967049816 0.417039988716 -0.210762109023 -0.0937942948266
37.7 100 41 0.677597 0.635833056066 0.416557950645 0.21342461931 0.081581014063
37.8 100 41 0.679118 0.635700799633 0.416077771985 -0.215384809241 -0.0693400438284
37.9 100 41 0.688931 0.635570298908 0.415599532083 0.21664718924 0.0571114332309
38 100 41 0.699227 0.635441550459 0.415123336312 -0.217218534141 -0.0449346626228
38.1 100 41 0.707696 0.63531457408 0.414649255392 0.217107817172 0.0328484831854
38.2 100 41 0.708139 0.635189389668 0.414177360858 -0.216326175058 -0.0208908209967
38.3 100 41 0.708595 0.635066009783 0.413707734508 0.214886827118 0.00909869235913
38.4 100 42 0.712616 0.634944457922 0.413240450067 -0.212805017835 0.00249193984165
38.5 100 42 0.707627 0.634824719414 0.412775585974 0.210097894574 -0.0138462777458
38.6 100 42 0.711071 0.634706807407 0.41231320605 -0.206784497358 0.0249307816933
38.7 100 42 0.708902 0.634590720137 0.411853388187 0.202885633906 -0.035713272556
38.8 100 42 0.710815 0.634476447542 0.411396209759 -0.19842378803 0.0461630163629
38.9 100 42 0.712065 0.634364000834 0.410941721797 0.193423049865 -0.0562508041317
39 100 42 0.712434 0.634253366404 0.410490004867 -0.187908979261 0.0659490481215
39.1 100 42 0.71443 0.63414454438 0.410041120184 0.181908532427 -0.0752318395142
39.2 100 42 0.713992 0.63403753271 0.40959512632 -0.175449945705 0.0840750311367
39.3 100 42 0.713867 0.633932335724 0.409152075811 0.168562626716 -0.0924562911779
39.4 100 42 0.718967 0.633828928796 0.408712037988 -0.161277052684 0.100355136598
39.5 100 42 0.719978 0.633727275757 0.408275090334 0.153624639043 -0.107753008375
39.6 100 42 0.72755 0.633627347384 0.407841304372 -0.145637634163 0.114633302644
39.7 100 42 0.728188 0.633529140002 0.407410714356 0.137348973378 -0.120981428844
39.8 100 42 0.724136 0.633432668425 0.406983362707 -0.128792233712 0.126784805912
39.9 100 42 0.725496 0.633337918827 0.406559298911 0.120001442912 -0.132032887679
40 100 42 0.917582 0.633244874254 0.406138574208 -0.111010984401 0.136717190616
40.1 100 42 0.72604 0.63315352898 0.405721235273 0.101855478135 -0.14083130365
40.2 100 43 0.733717 0.633063865 0.405307322724 -0.0925696463137 0.144370853108
40.3 100 43 0.788379 0.632975879414 0.404896866825 0.0831882064613 -0.147333526202
40.4 100 43 0.743398 0.632889549181 0.404489922037 -0.0737457460168 0.149719082339
40.5 100 43 0.746233 0.63280486623 0.404086520393 0.0642766174184 -0.151529274743
40.6 100 43 0.7516 0.632721828595 0.403686701138 -0.0548148084105 0.152767904661
40.7 100 43 0.738194 0.632640419706 0.403290496601 0.0453938189099 -0.153440673042
40.8 100 43 0.744105 0.632560620351 0.402897941107 -0.0360465849147 0.153555210428
40.9 100 43 0.738679 0.632482419727 0.402509068789 0.0268053364065 -0.153121059561
41 100 43 0.738524 0.63240586474 0.40212387173 -0.0177015171409 0.152149609233
41.1 100 43 0.926375 0.632330878011 0.40174241399 0.00876564878965 -0.150653919963
41.2 100 43 0.751068 0.632257462617 0.401364728064 -2.72550700175e-05 0.148648860167
41.3 100 43 0.734875 0.632185609888 0.400990836131 -0.00848523043159 -0.146150901428
41.4 100 43 0.749677 0.632115328675 0.40062074782 0.0167445432803 0.143178066276
41.5 100 43 0.756005 0.632046605903 0.400254504713 -0.0247247376672 -0.139749902443
41.6 100 43 0.726589 0.631979433867 0.399892124549 0.0324011850888 0.135887314689
41.7 100 43 0.735187 0.631913806767 0.399533622699 -0.0397506962756 -0.131612534528
41.8 100 43 0.745275 0.631849727241 0.3991790205 0.0467515841042 0.126949010866
41.9 100 43 0.745719 0.631787168893 0.398828354745 -0.0533837225535 -0.121921305154
42 100 44 0.734406 0.631726189403 0.398481613705 0.0596286354358 0.116555080195
42.1 100 44 0.740346 0.631666760216 0.398138815063 -0.0654694540247 -0.110876802811
42.2 100 44 0.742219 0.631608889275 0.397799976677 0.0708910532375 0.104913815199
42.3 100 44 0.735763 0.631552582521 0.397465103085 -0.075880045543 -0.0986941352116
42.4 100 44 0.748443 0.631497855387 0.397134184617 0.0804247943706 0.0922463882318
42.5 100 44 0.753168 0.631444691506 0.3968072543 -0.0845155591541 -0.0855997059301
42.6 100 45 0.751771 0.631393110804 0.396484302902 0.0881443323681 0.078783565843
42.7 100 45 0.807261 0.631343099356 0.396165361269 -0.0913050658618 -0.0718277412446
42.8 100 45 0.767924 0.631294660474 0.395850440271 0.0939934878986 0.0647621382875
42.9 100 45 0.971738 0.631247792002 0.395539552207 -0.0962071619534 -0.0576166990659
43 100 45 0.952522 0.631202511111 0.395232696941 0.0979455219826 0.0504213039344
43.1 100 45 0.773701 0.631158812408 0.394929884344 -0.0992097708551 -0.0432056355568
43.2 100 46 1.090058 0.631116709641 0.394631110964 0.100002925035 0.0359990950082
43.3 100 46 1.153017 0.631076203622 0.394336386694 -0.100329784779 -0.0288306539295
43.4 100 46 1.14152 0.631037298047 0.394045711083 0.100196849514 0.0217287940052
43.5 100 46 0.879889 0.630999993162 0.39375908678 -0.0996123099619 -0.0147213818743
43.6 100 46 0.85303 0.630964290055 0.393476517726 0.0985859974428 0.00783558774351
43.7 100 46 0.794529 0.630930194242 0.393197993077 -0.0971292990796 -0.00109780333895
43.8 100 46 0.779552 0.630897692695 0.392923532179 0.0952551878702 -0.00546654358369
43.9 100 46 0.774846 0.630866784206 0.392653122574 -0.0929780209313 0.0118328974443
44 100 46 0.778109 0.630837464828 0.392386766792 0.0903135904648 -0.0179778329006
44.1 100 46 1.002321 0.630809739139 0.392124443381 -0.0872789734565 0.0238789952979
44.2 100 46 0.951514 0.630783599795 0.391866150462 0.0838925018458 -0.0295152793568
44.3 100 46 0.846821 0.630759041144 0.391611880238 -0.080173692246 0.0348668467958
44.4 100 46 0.795811 0.630736051895 0.391361627227 0.0761431132304 -0.0399151942054
44.5 100 46 0.823111 0.630714637769 0.391115379776 -0.0718224001018 0.0446432632372
44.6 100 46 0.770621 0.630694775154 0.39087312489 0.0672339004468 -0.0490353264216
44.7 100 46 0.784746 0.630676452219 0.39063484963 -0.062400851946 0.0530771882882
44.8 100 46 0.786553 0.630659655184 0.390400535033 0.0573471876374 -0.0567561705409
44.9 100 46 0.983461 0.630644378063 0.390170165458 -0.0520974861663 0.0600611593808
45 100 47 0.793084 0.63063059574 0.389943731585 0.0466768034856 -0.0629826102354
45.1 100 47 0.799169 0.630618284103 0.389721198952 -0.0411104982704 0.0655124496883
45.2 100 47 0.803432 0.630607448477 0.389502548056 0.0354244676944 -0.0676444420261
45.3 100 47 0.822815 0.630598077994 0.389287748479 -0.0296447162063 0.0693738674549
45.4 100 47 0.819246 0.630590159316 0.389076773946 0.0237973555585 -0.0706976226543
45.5 100 47 0.826411 0.63058367779 0.388869596763 -0.0179085197842 0.0716142263472
45.6 100 47 0.820841 0.630578640422 0.388666164405 0.0120042572302 -0.072123782719
45.7 100 47 0.83846 0.63057501436 0.388466463798 -0.00611043870263 0.0722280044687
45.8 100 47 0.850275 0.630572781455 0.388270466489 0.000252662515878 -0.0719301711768
45.9 100 47 0.842267 0.630571915646 0.388078147965 0.00554382482665 0.0712351026089
46 100 47 0.839161 0.63057245344 0.387889393338 -0.0112541600874 -0.0701490989786
46.1 100 47 0.844876 0.630574346629 0.387704229675 0.0168541413771 0.0686799704529
46.2 100 47 1.006419 0.630577641675 0.387522570055 -0.0223201110304 -0.0668369537334
46.3 100 47 0.893692 0.630582244413 0.387344439908 0.0276291448619 0.0646306494959
46.4 100 47 0.916921 0.630588137042 0.387169800682 -0.0327590766165 -0.062072993702
46.5 100 47 0.98667 0.63059532402 0.38699858664 0.0376885888432 0.0591772165327
46.6 100 47 1.065871 0.63060375812 0.386830789424 -0.0423973023498 -0.0559577304979
46.7 100 47 1.003292 0.630613466281 0.38666633248 0.0468658063735 0.0524301625619
46.8 100 47 0.84931 0.630624432624 0.38650516879 -0.0510757390089 -0.0486111953575
46.9 100 47 0.856903 0.630636648424 0.386347248177 0.0550098510865 0.0445185461844
47 100 47 0.846209 0.630650106536 0.386192509085 -0.0586520564526 -0.0401708938027
47.1 100 47 0.823337 0.630664779368 0.386040929909 0.0619874842603 0.0355878110403
47.2 100 47 0.851881 0.630680649864 0.38589246753 -0.0650025189144 -0.030789659889
47.3 100 47 1.106209 0.630697706939 0.385747071972 0.0676848448745 0.0257975399763
47.4 100 47 0.992915 0.6307159271 0.38560471051 -0.0700234852316 -0.0206331928988
47.5 100 47 1.091042 0.630735303658 0.385465325242 0.0720088054015 0.015318915102
47.6 100 47 0.807342 0.630755800638 0.385328895208 -0.0736325917836 -0.00987750504366
47.7 100 47 0.80065 0.630777432398 0.38519534646 0.0748880350058 0.00433217826547
47.8 100 47 0.781 0.630800190958 0.385064625798 -0.0757697480959 0.0012935465527
47.9 100 47 0.793176 0.630824055216 0.384936694916 0.0762738028795 -0.00697592511994
48 100 47 0.800516 0.630849011704 0.384811506638 -0.0763977145171 0.012691065419
48.1 100 47 0.788589 0.630875083096 0.384688980339 0.0761404416966 -0.018415014601
48.2 100 47 0.783449 0.63090221478 0.384569105458 -0.0755024095228 0.0241238561791
48.3 100 47 0.7873 0.630930397509 0.38445182996 0.0744854848719 -0.0297937902168
48.4 100 47 0.798488 0.630959616593 0.38433711049 -0.0730929683302 0.0354011909406
48.5 100 47 0.798965 0.630989878106 0.384224871953 0.0713295970368 -0.0409226773956
48.6 100 47 0.781208 0.631021130707 0.384115107183 -0.0692014684658 0.0463352963312
48.7 100 47 0.778789 0.631053371438 0.384007758384 0.0667160491744 -0.0516165352261
48.8 100 48 0.789006 0.631086604854 0.383902751969 -0.063882088086 0.0567444174535
48.9 100 48 0.785416 0.631120800984 0.383800053258 0.0607098580975 -0.0616974071544
49 100 48 0.843887 0.631155925243 0.383699629864 -0.0572106290719 0.066454856007
49.1 100 48 0.778886 0.631191959477 0.383601431067 0.0533969912727 -0.0709967700062
49.2 100 48 0.780071 0.63122891342 0.383505377511 -0.0492826861433 0.0753039643028
49.3 100 48 0.778253 0.631266736112 0.38341144674 0.0448826083133 -0.0793581452158
49.4 100 48 0.773608 0.631305418264 0.383319580925 -0.0402127032907 0.0831419576697
49.5 100 48 0.7831 0.63134493594 0.383229722736 0.0352899018689 -0.0866390626613
49.6 100 48 0.766759 0.631385285229 0.38314181437 -0.0301321997488 0.0898341272859
49.7 100 48 0.766215 0.631426420635 0.383055816523 0.0247582718684 -0.0927130346595
49.8 100 48 0.77138 0.631468312121 0.382971675327 -0.0191876721389 0.0952627845594
49.9 100 48 0.766577 0.631510936496 0.382889330907 0.0134406982439 -0.0974715869788
50 100 48 0.775494 0.631554271883 0.382808724874 -0.00753829855066 0.0993288963945
