# SIAM excitation B=c_0up^dag|gs> (normalized), method=fbr
# L=100 U=0.1 V=0.1 dt=0.1 tmax=30 max_bond_dim=512 mps_cutoff=1e-08 activity_tol=1e-09
# E_gs=-30.9227535891 gs_n_active=20 gs_bond_dim=23 gs_wall_s=59.41287
# nrm=0.70710678153
# t  n_active  bond_dim  renyi_half  slater_activity  n0up  n0dw  norm  wall_s  ReA  ImA
0 20 23 0.217131974217 2.58361998187e-13 1 0.686975497129 1 0.002336 0 0
0.1 16 8 0.115587189345 3.84426705216e-14 0.99996133768 0.686956203836 0.999999923124 0.080367 0 0
0.2 15 7 0.115335506869 3.8409675435e-14 0.999845557123 0.686898330003 0.999999948124 0.071283 0 0
0.3 14 7 0.115288245309 4.65502081326e-10 0.999652782114 0.686801943278 0.999999958542 0.060834 0 0
0.4 14 7 0.115275346624 2.11619978414e-10 0.999383525962 0.68666716649 0.999999972098 0.058916 0 0
0.5 16 7 0.115276785627 6.27164986611e-13 0.999038425723 0.686494216801 0.99999996396 0.04898 0 0
0.6 16 7 0.115292616614 4.43655154823e-14 0.998618383476 0.686283318382 0.999999957051 0.061758 0 0
0.7 15 7 0.115331708798 9.81381198528e-10 0.998124446376 0.686034778756 0.999999957022 0.052741 0 0
0.8 16 7 0.115350242032 3.85802501057e-13 0.997557837481 0.685748963596 0.999999941796 0.060209 0 0
0.9 15 7 0.115421160635 1.93939437466e-14 0.99692000209 0.685426237655 0.999999965711 0.061213 0 0
1 15 7 0.115524043151 2.38508312573e-14 0.996212425899 0.685067024897 0.999999966711 0.059096 0 0
1.1 15 7 0.115639793561 3.94818685628e-14 0.995436895428 0.684671823135 0.999999973402 0.04942 0 0
1.2 15 7 0.11575660041 2.52375759387e-14 0.994595273355 0.68424116516 0.999999978593 0.049713 0 0
1.3 15 7 0.115892446862 2.46469511467e-14 0.993689604241 0.683775605639 0.999999975805 0.059346 0 0
1.4 15 7 0.116043325515 3.10862446895e-14 0.992722051398 0.683275759315 0.999999977248 0.059679 0 0
1.5 15 7 0.116205317193 3.75255382323e-14 0.991694909008 0.682742261489 0.999999977298 0.069555 0 0
1.6 15 7 0.1163779864 4.49640324973e-14 0.990610583399 0.682175782686 0.999999978282 0.068563 0 0
1.7 15 7 0.116562989132 5.28466159722e-14 0.989471585676 0.681577024555 0.999999982627 0.067715 0 0
1.8 15 7 0.116752873804 6.13953332618e-14 0.988280525541 0.680946710358 0.999999971036 0.05883 0 0
1.9 15 7 0.116951174159 7.00550728538e-14 0.987040086036 0.680285593862 0.999999968924 0.049936 0 0
2 15 7 0.117165099638 7.93809462607e-14 0.985753014562 0.679594444353 0.99999997593 0.068108 0 0
2.1 15 7 0.117386323985 8.92619311799e-14 0.984422139097 0.678874043353 0.999999975164 0.049414 0 0
2.2 15 7 0.11761794594 9.9364960704e-14 0.98305029458 0.678125191153 0.999999977995 0.059244 0 0
2.3 15 7 0.117863797383 1.1002310174e-13 0.981640396198 0.677348699242 0.9999999858 0.068672 0 0
2.4 15 7 0.118117530218 1.21347376592e-13 0.980195367123 0.676545386727 0.999999978384 0.050088 0 0
2.5 15 7 0.118385210541 1.32671651443e-13 0.978718130386 0.67571608127 0.999999986686 0.05957 0 0
2.6 15 7 0.118663397363 1.43884903991e-13 0.977211619721 0.674861604376 0.999999984895 0.050824 0 0
2.7 15 7 0.118950309868 1.55431223448e-13 0.975678747867 0.673982783501 0.999999978639 0.049235 0 0
2.8 15 7 0.119249353838 1.66755498299e-13 0.974122403704 0.673080439935 0.999999977043 0.059638 0 0
2.9 15 7 0.119560570866 1.78856929267e-13 0.972545445104 0.672155390822 0.999999978484 0.059306 0 0
3 15 7 0.119880818138 1.90625293328e-13 0.970950670857 0.671208441347 0.999999965816 0.060509 0 0
3.1 15 7 0.120217138972 2.02060590482e-13 0.96934082754 0.670240393518 0.99999997772 0.059451 0 0
3.2 15 7 0.120566030098 2.13495887635e-13 0.967718600095 0.669252022906 0.999999972744 0.068274 0 0
3.3 14 7 0.12093241077 2.24931184789e-13 0.966086597372 0.668244103531 0.999999988447 0.059409 0 0
3.4 14 7 0.121313104258 2.36477504245e-13 0.964447352897 0.6672173801 0.999999975719 0.066272 0 0
3.5 14 7 0.121707543001 2.47468712189e-13 0.962803290599 0.666172591553 0.999999977626 0.048702 0 0
3.6 14 7 0.122113225533 2.5834889783e-13 0.961156750386 0.66511044874 0.999999979087 0.058418 0 0
3.7 14 7 0.122535141574 2.68896016564e-13 0.95950993381 0.664031647528 0.999999984639 0.067645 0 0
3.8 14 7 0.122967895982 2.78665979181e-13 0.957864956354 0.662936857541 0.999999973471 0.056436 0 0
3.9 14 7 0.12341651546 2.885469641e-13 0.956223809485 0.661826726356 0.999999980431 0.056787 0 0
4 14 7 0.123878390172 2.97872837507e-13 0.954588358876 0.660701872611 0.999999979511 0.047715 0 0
4.1 14 7 0.124348837741 3.07087688611e-13 0.952960349637 0.659562894967 0.999999976072 0.047869 0 0
4.2 14 8 0.222980022427 3.15414361296e-13 0.951341397857 0.65841036587 0.999999973391 0.047912 0 0
4.3 14 8 0.222916979741 3.22852855561e-13 0.949732969695 0.657244829173 0.999999970385 0.058109 0 0
4.4 14 8 0.223031450782 3.29625216011e-13 0.948136371004 0.656066812246 0.999999982786 0.047811 0 0
4.5 14 8 0.223171371441 3.36286554159e-13 0.946552799995 0.654876795996 0.999999976257 0.057915 0 0
4.6 14 8 0.223321926266 3.41948691585e-13 0.944983323418 0.65367525656 0.999999975031 0.067185 0 0
4.7 14 8 0.223479427029 3.47055717498e-13 0.943428878421 0.652462638309 0.999999969925 0.066703 0 0
4.8 14 8 0.223656550019 3.51718654201e-13 0.941890284249 0.651239366364 0.999999966119 0.048298 0 0
4.9 14 8 0.223861739377 3.5527136788e-13 0.94036820656 0.65000582418 0.999999975081 0.058822 0 0
5 14 8 0.224084730008 3.58491014651e-13 0.938863185953 0.648762383988 0.999999970577 0.057504 0 0
5.1 14 8 0.129912060739 3.61155549911e-13 0.937375594371 0.647509395965 0.999999971346 0.066524 0 0
5.2 14 8 0.130487921923 3.62709862145e-13 0.93590575775 0.646247192184 0.999999968311 0.047926 0 0
5.3 14 8 0.224910266355 3.6337599596e-13 0.934453809994 0.644976060662 0.999999960239 0.048604 0 0
5.4 14 8 0.22524967406 3.63042929052e-13 0.933019738274 0.643696292916 0.999999969317 0.057943 0 0
5.5 14 8 0.225595603121 3.6159963912e-13 0.931603513992 0.642408146396 0.99999995522 0.057833 0 0
5.6 14 9 0.226194645208 3.59490215374e-13 0.93020498463 0.641111876874 0.9999999604 0.057997 0 0
5.7 14 9 0.226680960023 3.55937501695e-13 0.928823863491 0.639807690574 0.999999967577 0.058119 0 0
5.8 14 9 0.22721005955 3.51718654201e-13 0.92745982681 0.638495819017 0.999999971806 0.058886 0 0
5.9 14 9 0.227750440723 3.46944695195e-13 0.926112459293 0.637176448797 0.999999961616 0.049046 0 0
6 14 9 0.228318077074 3.41171535467e-13 0.924781280881 0.635849770706 0.999999967462 0.061515 0 0
6.1 14 9 0.228902491603 3.34732241924e-13 0.923465732572 0.634515951124 0.999999959284 0.049962 0 0
6.2 14 9 0.229526901057 3.27071703055e-13 0.922165220455 0.633175157077 0.999999958454 0.048476 0 0
6.3 14 9 0.230169861353 3.1874503037e-13 0.920879081648 0.631827532455 0.999999962454 0.067967 0 0
6.4 14 9 0.230810397445 3.90375193248e-10 0.919606616862 0.630473219595 0.999999955474 0.067885 0 0
6.5 13 9 0.23152892497 4.33058800316e-10 0.918347095722 0.629112357109 0.999999961193 0.049277 0 0
6.6 13 9 0.232256186112 4.47169090525e-10 0.917099750195 0.627745067945 0.999999959615 0.057368 0 0
6.7 13 9 0.232956542162 4.60677375846e-10 0.915863798149 0.626371482997 0.999999968592 0.056901 0 0
6.8 13 9 0.233688826473 4.75092565137e-10 0.91463842061 0.624991701434 0.999999974776 0.057293 0 0
6.9 13 9 0.234461654209 4.91409488593e-10 0.913422823456 0.623605849516 0.999999978784 0.056819 0 0
7 13 9 0.23525642386 5.09328879928e-10 0.912216206298 0.622214036274 0.999999982391 0.05726 0 0
7.1 13 9 0.236065901347 5.28803327957e-10 0.911017765761 0.620816372612 0.999999979182 0.058012 0 0
7.2 13 9 0.236866208332 5.50290674185e-10 0.909826748931 0.619412975324 0.999999978238 0.058638 0 0
7.3 13 9 0.237673577058 5.72274144526e-10 0.908642390708 0.618003953702 0.999999959937 0.056752 0 0
7.4 13 9 0.238516939588 5.94392092341e-10 0.907463986815 0.616589423616 0.999999975773 0.056562 0 0
7.5 13 9 0.239362888254 6.18883392732e-10 0.906290792409 0.615169493024 0.999999976128 0.057344 0 0
7.6 13 9 0.240219801044 6.45541719016e-10 0.905122163978 0.613744273381 0.999999979056 0.057278 0 0
7.7 13 9 0.241091359804 6.74028653086e-10 0.903957476424 0.612313891126 0.999999971445 0.056967 0 0
7.8 13 9 0.24194691571 7.04753976842e-10 0.902796164489 0.610878467041 0.999999976135 0.057228 0 0
7.9 13 9 0.242781525867 7.36658372073e-10 0.901637663497 0.609438121767 0.999999966628 0.056967 0 0
8 13 9 0.243665763785 7.71411536948e-10 0.900481501008 0.607992976078 0.999999977443 0.057158 0 0
8.1 13 9 0.244507458354 8.08282333452e-10 0.89932723883 0.606543172395 0.999999971854 0.05749 0 0
8.2 13 9 0.245390034794 8.47226833598e-10 0.898174511639 0.605088845522 0.99999997367 0.05817 0 0
8.3 13 9 0.24624092697 8.89455223584e-10 0.897022984971 0.603630129291 0.999999976886 0.058689 0 0
8.4 14 9 0.247123557869 2.22226459456e-10 0.895872374217 0.602167164809 0.999999972146 0.057113 0 0
8.5 14 9 0.248007309802 2.39725350681e-10 0.894722468062 0.600700096277 0.999999963035 0.067998 0 0
8.6 14 9 0.248889560999 2.57576959761e-10 0.893573108099 0.599229080002 0.99999996913 0.059312 0 0
8.7 14 9 0.249760454237 2.75691025564e-10 0.892424178015 0.597754263842 0.999999970333 0.060411 0 0
8.8 14 9 0.250627133895 2.93976065713e-10 0.891275610979 0.596275806746 0.999999959892 0.059669 0 0
8.9 14 9 0.251506307751 3.13487791281e-10 0.890127432351 0.594793858976 0.999999965514 0.060169 0 0
9 14 9 0.252367998176 3.33758576332e-10 0.88897966171 0.593308592623 0.999999963034 0.059722 0 0
9.1 14 9 0.253225669499 3.54022589022e-10 0.887832382081 0.591820161141 0.999999960294 0.060057 0 0
9.2 14 9 0.25406556175 3.74994924002e-10 0.886685723747 0.59032873772 0.999999962435 0.068724 0 0
9.3 14 9 0.254895688835 3.96336963249e-10 0.88553985649 0.588834482715 0.999999953503 0.060974 0 0
9.4 14 9 0.255724813493 4.17679668629e-10 0.884394991689 0.587337564293 0.999999958053 0.069931 0 0
9.5 14 9 0.256533580966 4.39249747686e-10 0.883251348367 0.585838145531 0.999999952323 0.06886 0 0
9.6 14 9 0.257333723931 4.6003523213e-10 0.882109204652 0.584336397596 0.999999960759 0.059668 0 0
9.7 14 9 0.258116199375 4.81455320056e-10 0.880968832407 0.582832471299 0.99999996601 0.06046 0 0
9.8 14 9 0.258890384293 5.02640262745e-10 0.879830553055 0.581326540273 0.999999950067 0.060019 0 0
9.9 14 9 0.25966115894 5.23082799297e-10 0.878694716029 0.579818773878 0.999999950036 0.059917 0 0
10 14 9 0.260423254977 5.43931788499e-10 0.877561664703 0.578309326077 0.999999956978 0.068483 0 0
10.1 14 9 0.26118878464 5.65510638317e-10 0.87643174274 0.576798347166 0.999999954196 0.069115 0 0
10.2 14 9 0.261942027202 5.85785087104e-10 0.875305330221 0.575286007441 0.999999953654 0.069766 0 0
10.3 14 9 0.262685102011 6.04136962679e-10 0.874182786771 0.573772446595 0.999999959797 0.070016 0 0
10.4 14 9 0.263413565775 6.24030049856e-10 0.873064495979 0.572257821437 0.999999949722 0.071213 0 0
10.5 14 9 0.264140740098 6.42765618508e-10 0.871950820822 0.570742278323 0.999999964265 0.068579 0 0
10.6 14 9 0.264864681315 6.60842713884e-10 0.870842083401 0.56922596034 0.999999960825 0.060652 0 0
10.7 14 9 0.265581252274 6.7918692892e-10 0.86973866349 0.567709009745 0.99999996095 0.069719 0 0
10.8 14 9 0.266285932819 6.96887214602e-10 0.868640878454 0.566191555537 0.999999962339 0.069678 0 0
10.9 14 9 0.266992451858 7.13676562292e-10 0.867549023481 0.564673721457 0.999999955095 0.060222 0 0
11 14 9 0.26772098568 7.30362881285e-10 0.866463414613 0.563155636896 0.9999999713 0.069927 0 0
11.1 14 9 0.268443565423 7.45137285207e-10 0.865384297443 0.561637414836 0.999999973313 0.069559 0 0
11.2 14 9 0.269167624053 7.57910179061e-10 0.864311933159 0.560119179044 0.999999973743 0.060889 0 0
11.3 14 9 0.269911639257 7.71359420781e-10 0.863246554172 0.55860103313 0.99999996896 0.061403 0 0
11.4 14 9 0.270658693347 7.84719955682e-10 0.862188366399 0.557083084975 0.999999969649 0.072733 0 0
11.5 14 9 0.271411954992 7.97127364116e-10 0.861137533121 0.555565432988 0.999999961295 0.069074 0 0
11.6 14 9 0.272169586223 8.0568929306e-10 0.860094200735 0.554048168636 0.999999970034 0.069359 0 0
11.7 14 9 0.272938285066 8.14903144963e-10 0.859058459868 0.55253138371 0.999999968015 0.060898 0 0
11.8 14 9 0.273719344625 8.24856627446e-10 0.858030411625 0.55101516738 0.999999965112 0.060586 0 0
11.9 14 9 0.27451443166 8.31881785679e-10 0.857010096448 0.549499591665 0.999999961507 0.061233 0 0
12 14 9 0.275322431845 8.4020779223e-10 0.855997547901 0.547984748073 0.999999966058 0.070008 0 0
12.1 14 9 0.276148184479 8.4564977243e-10 0.854992744806 0.54647069605 0.999999961678 0.060978 0 0
12.2 14 9 0.276992512213 8.49597503461e-10 0.853995657153 0.544957514727 0.999999953919 0.060988 0 0
12.3 14 9 0.27785716621 8.53483728136e-10 0.853006235811 0.543445269236 0.999999964735 0.060802 0 0
12.4 14 9 0.278743259916 9.67387947526e-10 0.852024346663 0.541933989213 0.999999963597 0.063927 0 0
12.5 16 9 0.279652070302 3.20166337886e-10 0.851049911336 0.540423763685 0.999999962128 0.061683 0 0
12.6 16 9 0.28058380645 4.22668566813e-11 0.850082794517 0.538914645326 0.999999940862 0.065487 0 0
12.7 16 9 0.281543593194 4.64495109043e-11 0.849122852692 0.537406687179 0.999999966386 0.064621 0 0
12.8 16 9 0.282526212782 5.06770181374e-11 0.848169871782 0.535899938724 0.99999994635 0.065585 0 0
12.9 16 9 0.283526507129 5.49352785484e-11 0.847223714646 0.534394440911 0.999999945109 0.064954 0 0
13 16 9 0.284560537467 5.92115245723e-11 0.846284135973 0.53289024777 0.999999941482 0.055536 0 0
13.1 16 9 0.285618064595 6.34896579754e-11 0.845350926088 0.531387396521 0.999999935564 0.055253 0 0
13.2 16 9 0.28669834239 6.77544687022e-11 0.844423866921 0.529885939473 0.999999925844 0.06476 0 0
13.3 14 9 0.287812353103 8.64891713803e-10 0.843502696961 0.528385909464 0.99999995205 0.055829 0 0
13.4 14 9 0.288939791626 8.6155238499e-10 0.842587167484 0.526887351802 0.999999942569 0.074158 0 0
13.5 14 9 0.290106856565 8.57821924605e-10 0.841677077905 0.525390294706 0.999999953515 0.063747 0 0
13.6 14 9 0.291302346032 8.53494164232e-10 0.840772132842 0.523894786421 0.99999996098 0.072411 0 0
13.7 14 9 0.292520256751 8.485916414e-10 0.839872116351 0.522400853813 0.999999961526 0.062066 0 0
13.8 14 9 0.293755769117 8.43140668394e-10 0.838976780254 0.520908535134 0.999999946927 0.062283 0 0
13.9 14 9 0.295015066072 8.37181657332e-10 0.838085907013 0.519417865999 0.999999957225 0.06215 0 0
14 14 9 0.2962962046 8.30740143343e-10 0.837199247113 0.51792888781 0.999999959947 0.061714 0 0
14.1 14 9 0.297609923354 8.23859203081e-10 0.836316590166 0.516441635777 0.99999995657 0.06194 0 0
14.2 14 9 0.298922182822 8.16570810969e-10 0.835437747095 0.514956150278 0.999999957769 0.06217 0 0
14.3 14 9 0.300254019513 8.08913935835e-10 0.834562527439 0.513472468696 0.999999960803 0.062277 0 0
14.4 14 9 0.301599977388 8.00916444277e-10 0.833690746698 0.511990629162 0.999999949782 0.062306 0 0
14.5 14 9 0.302950207147 7.92625520774e-10 0.832822252368 0.510510677263 0.999999950277 0.063066 0 0
14.6 14 9 0.304318935823 7.84065590231e-10 0.831956902265 0.509032657856 0.999999951602 0.071789 0 0
14.7 14 9 0.305691493777 7.75281727705e-10 0.831094571507 0.507556614133 0.99999995073 0.06198 0 0
14.8 14 9 0.30707301359 7.66301244681e-10 0.830235156099 0.50608259061 0.999999954161 0.071149 0 0
14.9 14 9 0.3084638138 7.57155893538e-10 0.829378554262 0.504610633471 0.999999962175 0.071448 0 0
15 14 9 0.309863687244 7.47895079201e-10 0.828524697086 0.503140788099 0.999999959616 0.072274 0 0
15.1 14 9 0.311267102777 7.38548333601e-10 0.827673541114 0.501673112184 0.999999967535 0.073667 0 0
15.2 14 9 0.312653162995 7.29148519341e-10 0.826825051832 0.500207657509 0.999999956446 0.062132 0 0
15.3 14 9 0.314053048641 7.1972794391e-10 0.825979243581 0.498744486773 0.999999962758 0.071761 0 0
15.4 14 10 0.315592724131 7.10308478702e-10 0.825136113595 0.497283643872 0.999999963122 0.071239 0 0
15.5 14 9 0.316862047196 7.00931868103e-10 0.824295697375 0.495825189588 0.999999967032 0.071403 0 0
15.6 14 9 0.318257621302 6.91620316573e-10 0.823458031117 0.494369184387 0.999999967845 0.062818 0 0
15.7 14 9 0.319645590497 6.82407130803e-10 0.822623190558 0.492915689084 0.999999963137 0.061842 0 0
15.8 14 9 0.321041593898 6.73318845124e-10 0.8217912723 0.49146476287 0.999999972192 0.070699 0 0
15.9 14 9 0.322423229638 6.64377219906e-10 0.820962351689 0.49001646816 0.999999963987 0.061874 0 0
16 14 9 0.323802732416 6.55621001933e-10 0.820136561415 0.488570871028 0.999999964896 0.070713 0 0
16.1 14 9 0.325178158351 6.52887438843e-10 0.819314016316 0.487128031874 0.999999961145 0.061657 0 0
16.2 14 9 0.326545404216 6.79362269835e-10 0.818494843762 0.48568801286 0.999999963834 0.062492 0 0
16.3 14 9 0.327904629189 7.05336264144e-10 0.817679203999 0.484250881177 0.999999967206 0.061486 0 0
16.4 14 9 0.329252080837 7.30470295394e-10 0.816867227409 0.482816702917 0.999999967914 0.052725 0 0
16.5 14 9 0.330591517021 7.5473626429e-10 0.816059090599 0.481385541504 0.999999969298 0.053572 0 0
16.6 14 9 0.331918243237 7.78155497296e-10 0.815254943343 0.479957463558 0.999999959976 0.052163 0 0
16.7 14 10 0.333415754436 8.00771996729e-10 0.814454965041 0.478532532569 0.999999964421 0.062192 0 0
16.8 14 10 0.334754236758 8.22649037748e-10 0.81365928114 0.477110811566 0.999999967235 0.061532 0 0
16.9 14 10 0.33606801971 8.43871833791e-10 0.812868052099 0.47569236426 0.999999967528 0.062342 0 0
17 14 10 0.337382791149 8.6453372906e-10 0.812081452316 0.474277254892 0.999999974786 0.061622 0 0
17.1 14 10 0.33866961765 8.84742269169e-10 0.811299631583 0.472865541447 0.999999966997 0.052265 0 0
17.2 14 10 0.339955349443 9.04615442556e-10 0.810522749951 0.471457286093 0.999999969013 0.052275 0 0
17.3 14 10 0.341238769122 9.24279760631e-10 0.809750931304 0.470052547462 0.999999972895 0.06223 0 0
17.4 14 10 0.342508494297 9.43865592185e-10 0.808984323951 0.468651381142 0.999999965042 0.052314 0 0
17.5 14 10 0.343768804857 9.63505668594e-10 0.808223054819 0.467253845121 0.999999971096 0.061694 0 0
17.6 14 10 0.34501760057 9.83335155062e-10 0.807467237659 0.465859991264 0.999999960996 0.052073 0 0
17.7 15 10 0.346262670457 5.54772450201e-10 0.806716985815 0.464469872862 0.999999966413 0.061612 0 0
17.8 15 10 0.347498373431 5.51854117958e-10 0.805972388062 0.463083539311 0.999999966273 0.063779 0 0
17.9 15 10 0.348742123205 5.4922000281e-10 0.805233526778 0.461701045905 0.999999966028 0.073226 0 0
18 15 10 0.349968084297 5.46771516952e-10 0.804500477181 0.460322431663 0.999999968986 0.072473 0 0
18.1 15 10 0.351190732633 5.44719158668e-10 0.803773300442 0.458947739302 0.999999953122 0.064002 0 0
18.2 15 10 0.352409006204 5.42431322081e-10 0.80305203902 0.457577010758 0.999999962339 0.072797 0 0
18.3 15 10 0.353617960894 5.4068816091e-10 0.802336716587 0.456210291631 0.999999963659 0.063653 0 0
18.4 15 10 0.354828531487 5.39410294209e-10 0.801627341258 0.454847616804 0.999999964151 0.072295 0 0
18.5 15 10 0.356036224394 5.38568634134e-10 0.800923918117 0.453489021562 0.99999995979 0.07258 0 0
18.6 15 10 0.35724754103 5.37644373466e-10 0.800226436008 0.452134538545 0.999999948889 0.072481 0 0
18.7 15 10 0.358432191375 5.35065214358e-10 0.799534878547 0.450784195738 0.999999947739 0.063586 0 0
18.8 15 10 0.359643381972 5.35096966736e-10 0.798849189249 0.449438028117 0.99999996194 0.07279 0 0
18.9 15 10 0.360852024199 5.35559707693e-10 0.79816931454 0.448096063169 0.999999956917 0.072611 0 0
19 15 10 0.362065847912 5.35263167123e-10 0.79749519936 0.446758324182 0.999999953051 0.071975 0 0
19.1 15 10 0.363278232652 5.34240429673e-10 0.796826772511 0.445424831505 0.999999952852 0.06325 0 0
19.2 15 10 0.364496141938 5.32864641301e-10 0.79616393594 0.44409561095 0.999999940641 0.073074 0 0
19.3 15 10 0.365723537178 5.34687849552e-10 0.795506597902 0.442770687719 0.99999994826 0.073292 0 0
19.4 15 10 0.366954770826 5.33916355572e-10 0.794854662977 0.441450070142 0.999999944597 0.064148 0 0
19.5 15 10 0.368187869636 5.33532551472e-10 0.794208027675 0.440133774895 0.999999944024 0.063224 0 0
19.6 15 10 0.369413927546 5.33279531645e-10 0.793566566325 0.438821821475 0.999999933628 0.063641 0 0
19.7 15 10 0.37064774389 5.34209010361e-10 0.792930159503 0.437514219967 0.999999950501 0.073155 0 0
19.8 15 10 0.371892273242 5.35115618483e-10 0.792298676079 0.436210988664 0.999999958267 0.072505 0 0
19.9 15 10 0.373135557766 5.36003907925e-10 0.791672002872 0.434912131034 0.999999928564 0.063346 0 0
20 15 10 0.374388684574 5.351550314e-10 0.791050018591 0.433617664581 0.999999928463 0.072647 0 0
20.1 15 10 0.375648280258 5.34275623743e-10 0.790432586247 0.432327596908 0.99999994786 0.072612 0 0
20.2 15 10 0.376904926529 5.34326027868e-10 0.789819568335 0.431041937965 0.999999945535 0.06355 0 0
20.3 15 10 0.378170218752 5.34555066878e-10 0.789210853097 0.429760695878 0.999999943635 0.072946 0 0
20.4 15 10 0.37943845679 5.3448090398e-10 0.788606319964 0.428483875092 0.999999951166 0.063318 0 0
20.5 15 10 0.380718609094 5.34692845555e-10 0.7880058543 0.42721148272 0.999999942965 0.064195 0 0
20.6 15 10 0.381999766338 5.33662225521e-10 0.787409337145 0.425943538462 0.999999940575 0.064176 0 0
20.7 15 10 0.38327767751 5.32949351317e-10 0.786816670856 0.424680033117 0.999999935692 0.063812 0 0
20.8 15 10 0.384566713118 5.31858668218e-10 0.786227750588 0.423420979833 0.999999932962 0.064084 0 0
20.9 15 10 0.385859474423 5.30633759155e-10 0.785642484603 0.422166380201 0.99999994607 0.063904 0 0
21 15 10 0.387158384014 5.302501771e-10 0.785060774783 0.42091624455 0.99999993955 0.073714 0 0
21.1 15 10 0.388438695457 5.29267518701e-10 0.784482557239 0.419670585992 0.999999937562 0.072801 0 0
21.2 15 10 0.389734467198 5.28157850788e-10 0.78390775488 0.418429403594 0.999999936034 0.073262 0 0
21.3 15 10 0.391037445068 5.26417354152e-10 0.783336327445 0.417192705073 0.999999944085 0.063795 0 0
21.4 15 10 0.392341650007 5.24506549304e-10 0.782768230045 0.415960494655 0.999999945867 0.063258 0 0
21.5 15 10 0.393656254427 5.24075782771e-10 0.782203429796 0.414732780421 0.999999926678 0.063754 0 0
21.6 15 10 0.394900375913 5.20696374906e-10 0.781641897391 0.41350958576 0.999999933022 0.064331 0 0
21.7 15 10 0.396194355392 5.19135290311e-10 0.781083627064 0.412290892521 0.999999947835 0.065771 0 0
21.8 15 10 0.397506473636 5.18846299258e-10 0.780528617201 0.411076728313 0.999999939751 0.074308 0 0
21.9 15 10 0.39882614179 5.16112708127e-10 0.779976882492 0.409867097368 0.99999994715 0.075183 0 0
22 15 10 0.400153750563 5.15260167866e-10 0.77942843596 0.408662003885 0.999999954092 0.064345 0 0
22.1 15 10 0.401396766354 5.12877185166e-10 0.778883288395 0.407461467413 0.999999949748 0.073366 0 0
22.2 15 10 0.402752340044 5.10450459679e-10 0.778341483359 0.406265493597 0.999999941954 0.073807 0 0
22.3 15 10 0.40422874794 5.07814679196e-10 0.777803068755 0.405074083521 0.999999942384 0.063566 0 0
22.4 15 10 0.405578188953 5.04406960644e-10 0.777268081574 0.403887260876 0.999999952888 0.073034 0 0
22.5 16 10 0.406922150144 4.48922565788e-10 0.776736572193 0.402705030197 0.999999945243 0.064917 0 0
22.6 16 10 0.408288540246 4.45611214595e-10 0.776208600634 0.401527413294 0.999999942507 0.066193 0 0
22.7 16 10 0.409574032777 4.41587988398e-10 0.775684216294 0.400354394358 0.999999935612 0.056593 0 0
22.8 16 10 0.41096207126 4.36532698878e-10 0.775163504832 0.399186015096 0.999999949296 0.065631 0 0
22.9 16 10 0.412342342176 4.30467772539e-10 0.774646527171 0.398022286944 0.999999938757 0.065848 0 0
23 16 10 0.413734167505 4.23420964957e-10 0.774133352711 0.396863200181 0.999999934258 0.055784 0 0
23.1 16 10 0.415113985727 4.15423584421e-10 0.773624070212 0.395708776214 0.999999949851 0.065345 0 0
23.2 16 10 0.416493880637 4.06512823403e-10 0.773118735565 0.394559039197 0.999999945069 0.06657 0 0
23.3 16 10 0.417863148515 3.96730537311e-10 0.772617428603 0.393413981853 0.999999941052 0.056321 0 0
23.4 16 10 0.419235935667 3.86123244489e-10 0.77212022394 0.392273622009 0.999999934199 0.065283 0 0
23.5 16 10 0.420599928946 3.7474023884e-10 0.771627202008 0.391137980057 0.999999933883 0.065535 0 0
23.6 16 10 0.421966054537 3.6263536618e-10 0.771138430576 0.390007054286 0.999999916753 0.05612 0 0
23.7 15 10 0.423323093541 8.13988876303e-10 0.770653971336 0.388880853186 0.999999937251 0.055878 0 0
23.8 15 10 0.42467418045 4.43855396881e-10 0.770173889241 0.387759404659 0.999999933063 0.073307 0 0
23.9 15 10 0.426025407185 4.42533565348e-10 0.769698256682 0.386642700962 0.999999931616 0.063951 0 0
24 15 10 0.427376164671 4.40648628697e-10 0.769227099597 0.385530763326 0.999999931572 0.07275 0 0
24.1 15 10 0.428718451994 4.40184555472e-10 0.7687604926 0.384423587121 0.999999935213 0.064255 0 0
24.2 15 10 0.430065367855 4.39920988526e-10 0.768298460191 0.383321193535 0.999999938963 0.073407 0 0
24.3 15 10 0.431402469782 4.40028014026e-10 0.767841041599 0.382223588201 0.999999945123 0.073274 0 0
24.4 15 10 0.432736286843 4.40506742194e-10 0.767388264514 0.381130777877 0.999999933268 0.073911 0 0
24.5 15 10 0.434071655547 4.409458354e-10 0.766940155746 0.380042763317 0.999999924365 0.073087 0 0
24.6 15 10 0.435409517196 4.40859793116e-10 0.766496728359 0.37895955565 0.999999927133 0.064615 0 0
24.7 15 10 0.436738266915 4.41485958902e-10 0.766057988884 0.377881160931 0.999999940576 0.063581 0 0
24.8 15 10 0.43807002644 4.43350578472e-10 0.765623934244 0.376807576705 0.999999924726 0.063756 0 0
24.9 15 10 0.439396437889 4.4514614217e-10 0.765194561237 0.375738810422 0.999999934402 0.063992 0 0
25 15 10 0.440702955655 4.47507364498e-10 0.764769844521 0.374674865189 0.999999940126 0.064125 0 0
25.1 15 10 0.442014027526 4.50758652626e-10 0.764349762825 0.373615743864 0.999999926223 0.073827 0 0
25.2 15 10 0.44333980172 4.53741488826e-10 0.763934299246 0.372561446254 0.999999930608 0.063896 0 0
25.3 15 10 0.444654582902 4.56957915951e-10 0.76352340414 0.371511972781 0.999999932725 0.063628 0 0
25.4 15 10 0.445964589152 4.6118087127e-10 0.763117042197 0.370467320093 0.999999933328 0.064101 0 0
25.5 15 10 0.447287360505 4.65759542045e-10 0.762715148871 0.369427488078 0.999999931607 0.072799 0 0
25.6 15 10 0.448608766384 4.70731564839e-10 0.762317688343 0.3683924721 0.999999929997 0.063725 0 0
25.7 15 10 0.449926348516 4.75883554785e-10 0.761924595766 0.367362270625 0.99999993548 0.064136 0 0
25.8 15 10 0.451233267539 4.819165067e-10 0.761535811679 0.366336884034 0.999999927555 0.064076 0 0
25.9 15 10 0.452548048504 4.86839124569e-10 0.761151250801 0.365316315457 0.999999944187 0.073389 0 0
26 15 10 0.453870700572 4.93575180727e-10 0.760770857917 0.364300543142 0.99999992268 0.073278 0 0
26.1 15 10 0.455192247575 4.99356889172e-10 0.760394566145 0.363289572162 0.999999928889 0.063881 0 0
26.2 15 10 0.456506965324 5.05234076797e-10 0.760022290994 0.362283395216 0.999999931805 0.063309 0 0
26.3 15 10 0.457823188472 5.12474840342e-10 0.759653951384 0.361281998992 0.999999941109 0.073167 0 0
26.4 15 10 0.459139704778 5.20569587437e-10 0.759289480489 0.360285380372 0.999999935428 0.073462 0 0
26.5 15 10 0.46046537684 5.28850629955e-10 0.758928797775 0.359293530912 0.999999941315 0.073552 0 0
26.6 15 10 0.461779134867 5.40184785791e-10 0.758571829182 0.358306440525 0.999999930334 0.064623 0 0
26.7 15 10 0.463102314951 5.51972023644e-10 0.758218492028 0.357324106246 0.999999940007 0.073912 0 0
26.8 15 10 0.464423062871 5.62085045175e-10 0.757868710395 0.356346518421 0.999999934528 0.072961 0 0
26.9 15 10 0.465751581542 5.70524183452e-10 0.757522422418 0.355373663405 0.999999932737 0.073174 0 0
27 15 10 0.467076339255 5.77311420891e-10 0.757179562663 0.354405533698 0.999999935565 0.064939 0 0
27.1 15 10 0.468401051047 5.83401105203e-10 0.756840055329 0.353442132637 0.99999993459 0.064353 0 0
27.2 15 10 0.469710429558 5.92654592069e-10 0.756503840992 0.352483441299 0.999999923337 0.064315 0 0
27.3 15 10 0.471034492971 6.02464078625e-10 0.756170859619 0.351529446711 0.999999944324 0.073096 0 0
27.4 15 10 0.472360765194 6.13352479917e-10 0.755841053609 0.350580141422 0.999999931231 0.073394 0 0
27.5 15 10 0.473685136718 6.24166607288e-10 0.755514389819 0.349635513129 0.99999994179 0.064109 0 0
27.6 15 10 0.475007415455 6.35513974778e-10 0.755190817196 0.34869555909 0.999999940013 0.063414 0 0
27.7 15 10 0.476327625204 6.46962483586e-10 0.754870295536 0.34776026733 0.999999935044 0.063468 0 0
27.8 15 10 0.4776417003 6.58509247131e-10 0.754552791783 0.34682962673 0.999999933304 0.064196 0 0
27.9 15 10 0.478961028766 6.69473920745e-10 0.754238268 0.34590364096 0.999999929495 0.073101 0 0
28 15 10 0.480276210371 6.80741352177e-10 0.753926724898 0.344982288633 0.99999994071 0.063563 0 0
28.1 15 10 0.481592112898 6.93144430741e-10 0.753618123097 0.344065562463 0.999999932074 0.073466 0 0
28.2 15 10 0.482908290689 7.05780767163e-10 0.753312461692 0.343153452353 0.999999934672 0.072735 0 0
28.3 15 10 0.484220669607 7.18588966109e-10 0.753009746587 0.342245952744 0.999999935013 0.063677 0 0
28.4 15 10 0.485530281615 7.3157002678e-10 0.752709964104 0.341343057526 0.999999926931 0.064199 0 0
28.5 15 10 0.486836544225 7.44971861977e-10 0.75241311892 0.340444757336 0.999999919257 0.063992 0 0
28.6 15 10 0.488139616468 7.57378160188e-10 0.752119215456 0.339551047893 0.999999918861 0.063415 0 0
28.7 15 10 0.48943949749 7.70477237566e-10 0.751828273874 0.338661920453 0.999999921861 0.064177 0 0
28.8 15 10 0.490733714337 7.8415185456e-10 0.751540308383 0.337777365926 0.999999927273 0.063982 0 0
28.9 15 10 0.492029074375 7.97818255904e-10 0.751255329304 0.336897379809 0.999999925059 0.072856 0 0
29 15 10 0.493310551665 8.11589462302e-10 0.750973368289 0.336021959639 0.999999922462 0.073801 0 0
29.1 15 10 0.494600585408 8.25985724262e-10 0.750694478189 0.335151088506 0.999999933147 0.063948 0 0
29.2 15 10 0.495889104649 8.40583380679e-10 0.750418644423 0.3342847695 0.999999923815 0.074426 0 0
29.3 15 10 0.497174496619 8.55402637612e-10 0.750145917987 0.333422987667 0.999999924609 0.073413 0 0
29.4 15 10 0.498454352384 8.70088889826e-10 0.749876343161 0.332565743774 0.999999924789 0.064381 0 0
29.5 15 10 0.499731368704 8.8469220838e-10 0.749609934889 0.331713027029 0.999999917566 0.073475 0 0
29.6 15 10 0.50101219848 8.99939456289e-10 0.749346737596 0.330864831601 0.99999992284 0.063158 0 0
29.7 15 10 0.502288891382 9.15236331167e-10 0.749086768478 0.330021159573 0.999999934296 0.064504 0 0
29.8 15 10 0.503561701247 9.30820975853e-10 0.748830062302 0.329182007735 0.999999957823 0.06431 0 0
29.9 15 10 0.504835474883 9.46329792306e-10 0.748576651563 0.328347369274 0.999999939842 0.073364 0 0
30 15 10 0.506091834043 9.62370627633e-10 0.748326596083 0.327517219354 0.999999935779 0.063741 0 0
