# SIAM excitation B=c_0up^dag|gs> (normalized), method=fbr
# L=100 U=0.1 V=0.1 dt=0.1 tmax=30 max_bond_dim=512 mps_cutoff=1e-07 activity_tol=1e-09
# E_gs=-30.9227535891 gs_n_active=20 gs_bond_dim=23 gs_wall_s=63.557562
# nrm=0.707106782122
# t  n_active  bond_dim  renyi_half  slater_activity  n0up  n0dw  norm  wall_s  ReA  ImA
0 20 23 0.21713211039 2.95023452647e-13 1 0.686975495996 1 0.002548 0 0
0.1 16 7 0.114750515945 1.84080241541e-14 0.999961428699 0.68695635998 0.999999216112 0.069735 0 0
0.2 13 6 0.113870372793 1.80304644302e-14 0.999846208842 0.686898681354 0.999999753189 0.065713 0 0
0.3 13 6 0.113755124116 1.18546561111e-14 0.999654129928 0.686802124716 0.999999771365 0.053024 0 0
0.4 13 6 0.113495382957 1.1684336172e-14 0.999385789613 0.686667119515 0.999999758894 0.062126 0 0
0.5 13 6 0.727454899256 1.28403370464e-14 0.999041763244 0.686493975422 0.999999746096 0.052829 0 0
0.6 12 6 0.191503593755 4.15212340238e-10 0.9986227327 0.686282913765 0.999999911977 0.053172 0 0
0.7 12 6 0.198148175592 4.12338022226e-10 0.998129654433 0.686034048628 0.999999972305 0.051704 0 0
0.8 12 6 0.203977966872 4.09287862621e-10 0.997563899507 0.685747841167 0.999999878987 0.042728 0 0
0.9 12 6 0.209010839463 4.04894727347e-10 0.996926859005 0.685424722791 0.999999888292 0.051606 0 0
1 12 6 0.213186891104 4.00909077302e-10 0.996220330216 0.685065097288 0.999999833071 0.042392 0 0
1.1 12 6 0.216678205643 3.95489366807e-10 0.995445808036 0.684669472868 0.999999939973 0.052449 0 0
1.2 12 6 0.219349568364 3.90564322991e-10 0.994605182011 0.684238390144 0.999999902669 0.043271 0 0
1.3 12 6 0.221429564458 3.84759976277e-10 0.993700491435 0.68377241298 0.999999926324 0.052002 0 0
1.4 12 6 0.222926358211 3.78998669204e-10 0.992733942811 0.683272153544 0.999999912451 0.041839 0 0
1.5 12 6 0.2239655932 3.72758852634e-10 0.991707827583 0.682738257445 0.999999894328 0.05148 0 0
1.6 12 6 0.22457075821 3.66247869646e-10 0.990624541783 0.682171382448 0.99999978241 0.051491 0 0
1.7 12 6 0.225006427569 3.59219669009e-10 0.989486750138 0.681572255929 0.999999849358 0.052259 0 0
1.8 12 6 0.225214359089 3.52622550037e-10 0.988296905582 0.680941594071 0.999999851708 0.042545 0 0
1.9 12 6 0.225258703499 3.45881885438e-10 0.987057739494 0.680280144706 0.999999926002 0.042169 0 0
2 12 6 0.225133745592 3.39086137744e-10 0.985771852633 0.679588698156 0.999999832482 0.042289 0 0
2.1 12 6 0.224742313284 3.32140395387e-10 0.984442296954 0.67886805569 0.999999824055 0.042484 0 0
2.2 12 6 0.224279668808 3.24966793576e-10 0.983071823101 0.678118985859 0.999999851393 0.051925 0 0
2.3 12 6 0.223778539562 3.17983234004e-10 0.981663345825 0.677342320862 0.999999841427 0.051895 0 0
2.4 12 6 0.223406676358 3.11125075877e-10 0.980219808881 0.67653890056 0.999999835886 0.051107 0 0
2.5 12 6 0.223124248238 3.04544712918e-10 0.978744273775 0.675709506085 0.999999863743 0.051783 0 0
2.6 12 6 0.222829603645 2.98205658851e-10 0.977239485282 0.674855002856 0.999999978708 0.043449 0 0
2.7 12 6 0.222527921088 2.92029037407e-10 0.975708306022 0.673976204068 0.999999892567 0.041875 0 0
2.8 12 6 0.222230280529 2.86051924418e-10 0.974153929732 0.673073930673 0.999999979723 0.041776 0 0
2.9 12 6 0.221791823782 2.80323421345e-10 0.972578876573 0.672149014737 0.999999916007 0.042164 0 0
3 12 5 0.116033867183 2.74809319723e-10 0.970986187371 0.671202272891 0.999999928212 0.050816 0 0
3.1 12 5 0.116246528908 2.69672998837e-10 0.969378530435 0.670234488297 0.999999974818 0.04198 0 0
3.2 12 5 0.11646566969 2.64963212668e-10 0.967758642163 0.669246429719 0.999999933638 0.041646 0 0
3.3 12 5 0.116692214122 2.60702049357e-10 0.966129225096 0.668238875525 0.999999975613 0.050773 0 0
3.4 12 5 0.116926536981 2.56949022198e-10 0.964492650838 0.667212584656 0.999999974433 0.041514 0 0
3.5 12 5 0.11716276554 2.53752878141e-10 0.962851434122 0.666168314254 0.99999994394 0.04113 0 0
3.6 11 5 0.11741303917 2.51191024404e-10 0.961207943759 0.665106742911 0.999999956376 0.049985 0 0
3.7 11 5 0.117674975709 2.49314213505e-10 0.959564349778 0.664028548185 0.999999964969 0.039392 0 0
3.8 11 5 0.117947894523 2.48193945778e-10 0.957922847222 0.662934411085 0.999999950288 0.049363 0 0
3.9 11 5 0.118230804595 2.47905889936e-10 0.956285440361 0.66182497918 0.999999921088 0.039872 0 0
4 11 5 0.118525406528 2.48511589732e-10 0.954654009413 0.660700879697 0.999999953361 0.049411 0 0
4.1 11 5 0.118830664685 2.50089426058e-10 0.953030204082 0.659562707367 0.999999946017 0.04041 0 0
4.2 11 5 0.119147687013 2.52703645094e-10 0.951415689647 0.658411034959 0.999999921031 0.050432 0 0
4.3 11 5 0.119476046987 2.56446999169e-10 0.949812031744 0.657246396634 0.999999975504 0.03877 0 0
4.4 11 5 0.119815521912 2.61370712691e-10 0.948220386197 0.656069325688 0.999999917306 0.039176 0 0
4.5 11 5 0.12016588917 2.67581409338e-10 0.946642209685 0.654880298655 0.999999969032 0.039905 0 0
4.6 11 5 0.120527055608 2.75120309283e-10 0.945078320054 0.653679798284 0.999999911101 0.048904 0 0
4.7 11 5 0.120898494222 2.841090472e-10 0.943529866641 0.652468248629 0.999999846464 0.049556 0 0
4.8 11 5 0.121280377845 2.94553123637e-10 0.941997668347 0.651246063151 0.999999885468 0.048924 0 0
4.9 11 5 0.121672084605 3.06570417932e-10 0.940482191887 0.650013646752 0.999999922538 0.048812 0 0
5 11 5 0.122072982514 3.20200183079e-10 0.938983992332 0.648771364858 0.999999932438 0.039634 0 0
5.1 11 5 0.122483193923 3.35488771963e-10 0.937503494833 0.64751955887 0.999999851001 0.039584 0 0
5.2 11 5 0.122902715276 3.52635887086e-10 0.936041197841 0.646258537936 0.999999977596 0.049034 0 0
5.3 11 5 0.123330163162 3.71600578273e-10 0.934596856901 0.64498862841 0.999999887041 0.039781 0 0
5.4 11 5 0.123765709346 3.92424002364e-10 0.93317090781 0.643710078079 0.999999978139 0.039553 0 0
5.5 11 5 0.124209085564 4.15092527934e-10 0.931763020265 0.642423174615 0.99999990777 0.039638 0 0
5.6 11 5 0.124660301919 4.39859893134e-10 0.930373302737 0.641128136538 0.999999966105 0.050659 0 0
5.7 11 5 0.125118337107 4.66603494738e-10 0.929001253619 0.639825202107 0.999999899504 0.041151 0 0
5.8 11 5 0.125581365484 4.95408152432e-10 0.927646672774 0.638514561177 0.999999915132 0.039106 0 0
5.9 11 5 0.126053061472 5.25645845173e-10 0.926309166485 0.637196418839 0.999999966432 0.038811 0 0
6 11 5 0.126530640698 5.58496076687e-10 0.92498807859 0.635870962413 0.999999908548 0.039267 0 0
6.1 11 5 0.127012663554 5.93427895438e-10 0.923682703201 0.634538277779 0.999999830736 0.048651 0 0
6.2 11 6 0.219060135298 6.29839861897e-10 0.922392268156 0.633198647876 0.999999909479 0.049663 0 0
6.3 11 6 0.219616826525 6.6867301988e-10 0.921115775821 0.631852172033 0.999999794197 0.039851 0 0
6.4 11 7 0.220689459726 7.08865870991e-10 0.919852760144 0.630498997895 0.999999804092 0.049984 0 0
6.5 11 6 0.220800592558 7.50484512609e-10 0.918601974265 0.629139175952 0.999999763642 0.040286 0 0
6.6 11 6 0.221487832581 7.94336981351e-10 0.917362889745 0.627772849671 0.999999926928 0.049496 0 0
6.7 11 6 0.222129050184 8.39405748864e-10 0.916134385883 0.626400183346 0.999999864934 0.040105 0 0
6.8 11 6 0.222839836631 8.85284219652e-10 0.9149159831 0.625021310035 0.999999891955 0.040277 0 0
6.9 11 6 0.223577659267 9.32780381683e-10 0.913706679139 0.623636277268 0.999999880146 0.040272 0 0
7 11 6 0.224335494385 9.79053003596e-10 0.912505737212 0.622245211242 0.999999833999 0.039994 0 0
7.1 12 6 0.225108278177 2.27465128807e-10 0.911312413436 0.620848225401 0.999999803143 0.041433 0 0
7.2 12 7 0.226328878878 1.19083682988e-10 0.910125883859 0.619445443989 0.999999725619 0.061702 0 0
7.3 12 6 0.226688370605 1.20024762074e-10 0.908945401993 0.61803689563 0.999999738952 0.051228 0 0
7.4 12 6 0.134250266818 1.20928541871e-10 0.907770097664 0.616622761562 0.999999595877 0.042018 0 0
7.5 12 6 0.134841208183 1.21823059188e-10 0.906599378064 0.615203054857 0.999999751164 0.050729 0 0
7.6 12 6 0.229161855332 1.22732031135e-10 0.905432491467 0.613778031318 0.999999655203 0.041992 0 0
7.7 12 6 0.230037238401 1.23674296423e-10 0.904268589092 0.612347715023 0.999999706223 0.052039 0 0
7.8 12 6 0.230898835868 1.2466345744e-10 0.903107512424 0.610912259698 0.99999963714 0.042126 0 0
7.9 12 6 0.231828961953 1.25707741487e-10 0.901948473571 0.60947171796 0.999999739069 0.051605 0 0
8 12 6 0.137375697653 1.26810141838e-10 0.900791042 0.608026249989 0.999999729114 0.051322 0 0
8.1 12 7 0.234188321023 1.27968733391e-10 0.899634847782 0.606575869763 0.999999660697 0.051406 0 0
8.2 12 6 0.234524251146 1.29177134754e-10 0.898479585865 0.605120904341 0.999999665344 0.051221 0 0
8.3 12 7 0.236077475352 1.30425105996e-10 0.897324792338 0.603661449988 0.999999703782 0.042015 0 0
8.4 12 7 0.237185255145 1.31699203234e-10 0.896170197034 0.602197679889 0.999999712601 0.053731 0 0
8.5 12 7 0.238292912962 1.32983447157e-10 0.895015579475 0.600729632964 0.999999722262 0.053986 0 0
8.6 12 7 0.239278022617 1.34260020652e-10 0.893860795537 0.599257457145 0.999999663627 0.052989 0 0
8.7 12 7 0.2403151873 1.35509869776e-10 0.892705962422 0.597781383101 0.999999561935 0.052654 0 0
8.8 12 7 0.241328401413 1.3671329214e-10 0.891551047469 0.596301554278 0.99999970879 0.060493 0 0
8.9 12 7 0.242355803131 1.3785044611e-10 0.890395876981 0.594818060865 0.999999728553 0.042168 0 0
9 12 7 0.243501806506 1.3890176301e-10 0.889240421524 0.593331141228 0.999999706148 0.042451 0 0
9.1 12 7 0.244554051419 1.39848304137e-10 0.888084846356 0.591840903592 0.99999971815 0.042254 0 0
9.2 12 7 0.24557565889 1.40672055498e-10 0.886929399239 0.590347544345 0.999999655608 0.042173 0 0
9.3 12 7 0.246573272815 1.41356119452e-10 0.885774454101 0.588851269585 0.999999603479 0.051553 0 0
9.4 12 8 0.248026397992 1.41884904185e-10 0.884620222723 0.587351947612 0.999999735604 0.061019 0 0
9.5 12 7 0.248455641866 1.42244219698e-10 0.883466864759 0.585850131563 0.99999972747 0.051975 0 0
9.6 12 7 0.249391671913 1.42421357842e-10 0.882314870142 0.584345797409 0.999999711815 0.051837 0 0
9.7 12 7 0.250307649104 1.42405146171e-10 0.881164414374 0.582839207329 0.999999703187 0.042304 0 0
9.8 12 7 0.251185312339 1.42185963817e-10 0.880016044615 0.581330459661 0.999999459538 0.043084 0 0
9.9 12 7 0.252084220143 1.41755741537e-10 0.878870232731 0.579819670153 0.99999975733 0.061484 0 0
10 12 7 0.252891270127 1.4110796542e-10 0.877726943178 0.578307100152 0.999999663677 0.051837 0 0
10.1 12 7 0.253685025072 1.40237644179e-10 0.8765870697 0.576792938446 0.999999674981 0.041845 0 0
10.2 12 8 0.255092616991 1.39141299528e-10 0.875450800399 0.575277261064 0.999999685193 0.042156 0 0
10.3 12 8 0.25601327423 1.37816919887e-10 0.874318834829 0.573760239049 0.999999639866 0.042263 0 0
10.4 12 8 0.256840115355 1.36263934896e-10 0.873191157736 0.572241880446 0.999999696433 0.052173 0 0
10.5 12 8 0.257715245417 1.3448318458e-10 0.872068358364 0.570722627099 0.999999613417 0.042341 0 0
10.6 12 8 0.25861652525 1.32476858382e-10 0.87095064461 0.569202375643 0.99999974373 0.062115 0 0
10.7 12 8 0.259641381035 1.30248478398e-10 0.869838674851 0.567681461319 0.999999660197 0.043658 0 0
10.8 12 8 0.260476662068 1.27802841087e-10 0.868732523849 0.566159843867 0.999999782287 0.061045 0 0
10.9 12 8 0.261293148863 1.25145956014e-10 0.867632639035 0.564637806513 0.999999728611 0.042099 0 0
11 12 8 0.262176909738 1.22285020316e-10 0.866539596715 0.563115510169 0.999999755583 0.042909 0 0
11.1 12 8 0.263026346523 1.2570268743e-10 0.865453747209 0.561592973503 0.999999730906 0.042425 0 0
11.2 12 8 0.263781547759 1.29152957307e-10 0.864375088975 0.560070367356 0.999999568576 0.042283 0 0
11.3 12 8 0.264616141177 1.32435811639e-10 0.863304036049 0.558547691874 0.999999702686 0.052069 0 0
11.4 12 8 0.265503438334 1.35548494319e-10 0.862240839044 0.557025255592 0.999999765064 0.043101 0 0
11.5 12 8 0.266311566829 1.38487933696e-10 0.861185459632 0.555502986976 0.999999673372 0.051961 0 0
11.6 12 8 0.267172300025 1.41250700966e-10 0.860138648615 0.553981064785 0.999999850383 0.042192 0 0
11.7 12 8 0.267943485925 1.43833054454e-10 0.859099979169 0.552459556909 0.999999657235 0.051516 0 0
11.8 12 8 0.268659659174 1.46230973089e-10 0.858069868976 0.550938605748 0.999999620685 0.051675 0 0
11.9 12 8 0.269380007894 1.48440242064e-10 0.857048154521 0.549418254814 0.99999977907 0.051789 0 0
12 12 8 0.270089702073 1.50456548975e-10 0.856034730492 0.547898581673 0.999999828125 0.042057 0 0
12.1 12 8 0.270777425596 1.52275539505e-10 0.8550296624 0.546379705918 0.999999659856 0.051404 0 0
12.2 12 8 0.271502713911 1.53892938096e-10 0.854033134589 0.544861666505 0.999999802827 0.052066 0 0
12.3 12 8 0.27221440338 1.55304607295e-10 0.853044692388 0.543344461034 0.999999822193 0.052012 0 0
12.4 12 8 0.27298706804 1.56506624094e-10 0.852064512498 0.5418282448 0.999999713866 0.04206 0 0
12.5 12 8 0.273718246494 1.57495347487e-10 0.851092511097 0.540313127894 0.999999721223 0.052324 0 0
12.6 12 8 0.274443193215 1.58267463797e-10 0.85012835722 0.538799109634 0.999999623888 0.053076 0 0
12.7 12 8 0.275165907774 1.58820027311e-10 0.84917214163 0.537286231726 0.999999696015 0.051683 0 0
12.8 12 8 0.275913419782 1.59150477887e-10 0.848223467717 0.535774595808 0.999999792235 0.042116 0 0
12.9 12 8 0.276648488164 1.59256677561e-10 0.847281959945 0.53426416802 0.999999785159 0.060303 0 0
13 12 8 0.277371587323 1.5913688638e-10 0.846347637865 0.53275505902 0.999999676412 0.042049 0 0
13.1 12 8 0.278106387421 1.58789784374e-10 0.84542012627 0.531247360428 0.999999858676 0.042573 0 0
13.2 12 8 0.278732599382 1.58214446886e-10 0.844498952264 0.52974104617 0.99999970775 0.051877 0 0
13.3 12 8 0.279473142006 1.57410346986e-10 0.843584033677 0.528236227403 0.999999816348 0.052391 0 0
13.4 12 8 0.280225697494 1.56377334586e-10 0.842674887771 0.526732871277 0.999999778534 0.042307 0 0
13.5 12 8 0.280923206546 1.5511562298e-10 0.841771238805 0.525231034734 0.999999762425 0.051757 0 0
13.6 12 8 0.2816381827 1.53625809606e-10 0.840872909413 0.523730771507 0.99999971646 0.061223 0 0
13.7 12 8 0.282395688327 1.5190884339e-10 0.839979685228 0.5222321678 0.999999783698 0.042521 0 0
13.8 12 8 0.283190441541 1.49966079828e-10 0.839091192801 0.520735243591 0.999999803085 0.041622 0 0
13.9 12 8 0.283959481757 1.47799260804e-10 0.838207111446 0.519239997003 0.999999720949 0.060076 0 0
14 12 8 0.284736199366 1.45410588464e-10 0.837327207133 0.517746479063 0.999999787977 0.051578 0 0
14.1 12 8 0.285521579406 1.42802753372e-10 0.836451205754 0.516254771163 0.999999718674 0.042592 0 0
14.2 12 8 0.286326653907 1.39978985042e-10 0.835578862363 0.514764930342 0.999999841516 0.05225 0 0
14.3 12 8 0.287130690391 1.36943156077e-10 0.834709741002 0.513276943401 0.999999768948 0.041876 0 0
14.4 12 8 0.287937357472 1.36692637253e-10 0.833843808259 0.511790904899 0.999999692752 0.05175 0 0
14.5 12 8 0.288782108366 1.39119369783e-10 0.832980845996 0.510306817792 0.999999739195 0.060616 0 0
14.6 12 8 0.289621499155 1.41487731774e-10 0.832120481544 0.508824702215 0.999999775976 0.061026 0 0
14.7 12 8 0.290472819628 1.43791442199e-10 0.831262756468 0.507344631848 0.999999746553 0.051912 0 0
14.8 12 8 0.291328150183 1.46023297893e-10 0.830407417238 0.505866699903 0.99999966327 0.042108 0 0
14.9 12 8 0.292217579327 1.48175117471e-10 0.829554471903 0.504390855392 0.999999811218 0.041843 0 0
15 12 8 0.293122978634 1.50237704464e-10 0.828703535677 0.50291725231 0.999999814087 0.060336 0 0
15.1 12 8 0.294040022291 1.52200838781e-10 0.827854636427 0.501445890646 0.999999828139 0.051457 0 0
15.2 12 8 0.294832380454 1.54053286657e-10 0.827007763483 0.499976855837 0.999999731175 0.041971 0 0
15.3 12 8 0.295907149407 1.55782889545e-10 0.826163106113 0.498510196739 0.999999788023 0.041916 0 0
15.4 12 8 0.296847559206 1.57376564733e-10 0.8253202578 0.497045898114 0.999999740484 0.051623 0 0
15.5 12 8 0.297801651953 1.58820465746e-10 0.82447944563 0.495584059457 0.999999682882 0.042308 0 0
15.6 12 8 0.298778118573 1.60100063867e-10 0.823640553637 0.494124758702 0.999999780302 0.042393 0 0
15.7 12 8 0.299765346 1.61200303457e-10 0.822803711571 0.492668017961 0.999999783228 0.041882 0 0
15.8 12 8 0.300778185335 1.62105744366e-10 0.821969067845 0.491213871272 0.999999779083 0.051701 0 0
15.9 12 8 0.301807496048 1.62800770649e-10 0.821136711137 0.489762413204 0.999999789646 0.041866 0 0
16 12 8 0.302831565819 1.63269753828e-10 0.820306657199 0.488313681093 0.999999642609 0.051194 0 0
16.1 12 8 0.303868617346 1.63497309388e-10 0.819479106094 0.486867683235 0.999999733715 0.060483 0 0
16.2 12 8 0.304942372823 1.63468500287e-10 0.818654192236 0.485424496742 0.999999680751 0.061292 0 0
16.3 12 8 0.306003823968 1.63169094538e-10 0.817832086051 0.483984224893 0.999999799666 0.061109 0 0
16.4 12 8 0.307078811562 1.62585853784e-10 0.817012903416 0.482546903947 0.999999781752 0.042319 0 0
16.5 12 8 0.308157647783 1.6170676193e-10 0.816196891425 0.481112563297 0.999999707314 0.041965 0 0
16.6 12 8 0.309247302054 1.60521348706e-10 0.815384326235 0.479681232681 0.999999750866 0.051622 0 0
16.7 12 8 0.310338897641 1.5902095933e-10 0.814575302375 0.478253044677 0.999999783977 0.052209 0 0
16.8 12 8 0.311442212113 1.57199003929e-10 0.81377003018 0.476828007943 0.999999728046 0.051782 0 0
16.9 12 8 0.312537185847 1.550512939e-10 0.812968729085 0.475406115342 0.999999691496 0.051656 0 0
17 12 8 0.313629006518 1.52576215893e-10 0.812171693014 0.473987503499 0.999999657165 0.0516 0 0
17.1 12 8 0.314727404779 1.49775032603e-10 0.811379110353 0.47257212038 0.999999656659 0.041958 0 0
17.2 12 8 0.315831558278 1.46652021784e-10 0.81059118017 0.471160068164 0.999999781641 0.041882 0 0
17.3 12 8 0.317102401173 1.43214668661e-10 0.809808015783 0.469751400434 0.999999682585 0.051518 0 0
17.4 12 8 0.318034419763 1.39473728607e-10 0.809028966787 0.468346130201 0.999999769724 0.051617 0 0
17.5 12 8 0.319116665783 1.35443309845e-10 0.808254779743 0.466944370726 0.999999723444 0.051929 0 0
17.6 12 8 0.320220535667 1.35665818025e-10 0.807485805973 0.465546104652 0.999999799315 0.042254 0 0
17.7 12 8 0.321331123457 1.38531220898e-10 0.806722019589 0.464151331557 0.999999806587 0.060361 0 0
17.8 12 8 0.322431463669 1.4121519166e-10 0.80596365699 0.462760113244 0.999999724016 0.051768 0 0
17.9 12 8 0.323541995813 1.43682799293e-10 0.80521105676 0.461372548559 0.999999780564 0.04257 0 0
18 12 8 0.324645428654 1.45898428361e-10 0.804464049122 0.459988593398 0.999999708455 0.042481 0 0
18.1 12 8 0.325773757131 1.47825535347e-10 0.803723002838 0.458608336379 0.999999749515 0.042478 0 0
18.2 12 8 0.326882443618 1.49427511081e-10 0.802987706189 0.457231748764 0.999999688425 0.042043 0 0
18.3 12 8 0.327998629014 1.50669661314e-10 0.802258523378 0.455858887577 0.999999765468 0.052297 0 0
18.4 12 8 0.329114077498 1.51518683287e-10 0.801535330365 0.454489751511 0.999999737327 0.060974 0 0
18.5 12 8 0.330225063847 1.51945665015e-10 0.800818335012 0.453124373319 0.999999721268 0.05219 0 0
18.6 12 8 0.331341857459 1.51926662211e-10 0.800107550251 0.45176279019 0.999999762168 0.052378 0 0
18.7 12 8 0.332462130985 1.51444536989e-10 0.799402903396 0.450405098515 0.99999982679 0.060714 0 0
18.8 12 8 0.333578718183 1.50491328613e-10 0.798704493887 0.449051279598 0.999999771715 0.042336 0 0
18.9 12 8 0.334704169873 1.49069327899e-10 0.798012367806 0.447701186514 0.999999816086 0.052201 0 0
19 12 8 0.335809232756 1.47193417259e-10 0.797326398826 0.446355086768 0.999999756119 0.042429 0 0
19.1 12 8 0.336944675807 1.44892568604e-10 0.79664671723 0.445012983977 0.999999762611 0.041996 0 0
19.2 12 8 0.338087849728 1.42210124192e-10 0.795973115227 0.443674761373 0.999999773686 0.052206 0 0
19.3 12 8 0.339208758458 1.39205077756e-10 0.795305579332 0.442340529782 0.999999702706 0.052495 0 0
19.4 12 8 0.340320221174 1.35949871582e-10 0.794644241547 0.44101029796 0.999999729273 0.05233 0 0
19.5 12 8 0.341448121895 1.3252937892e-10 0.793988877519 0.43968410029 0.99999968357 0.054021 0 0
19.6 12 8 0.342583458225 1.29035726289e-10 0.793339407554 0.438361864138 0.99999971449 0.052614 0 0
19.7 12 8 0.343746722598 1.25564953313e-10 0.792695798966 0.437043736574 0.999999668618 0.053638 0 0
19.8 12 8 0.344906691332 1.22208417964e-10 0.792057985272 0.435729640351 0.999999755189 0.052714 0 0
19.9 12 8 0.346086300339 1.19048508258e-10 0.791425718322 0.434419675857 0.99999979346 0.052272 0 0
20 12 8 0.347271185113 1.16150605392e-10 0.79079895108 0.433113818072 0.999999759593 0.042351 0 0
20.1 12 8 0.348450061017 1.13558294186e-10 0.79017762255 0.431812098293 0.999999680695 0.052668 0 0
20.2 12 8 0.349673457694 1.11290831388e-10 0.789561549723 0.430514576187 0.99999977409 0.052344 0 0
20.3 12 8 0.350892905541 1.09342033727e-10 0.788950663784 0.429221198835 0.99999977795 0.051628 0 0
20.4 12 8 0.352147315931 1.07681265109e-10 0.788344850543 0.427932023558 0.999999712404 0.052488 0 0
20.5 12 8 0.353320724908 1.12549065413e-10 0.787743976316 0.426647089782 0.999999719293 0.052342 0 0
20.6 12 8 0.354626741305 1.2646250503e-10 0.787147855232 0.425366407235 0.999999788056 0.061262 0 0
20.7 12 8 0.35598088582 1.3686301911e-10 0.786556450027 0.424089920779 0.999999792615 0.042184 0 0
20.8 12 8 0.357295610872 1.41510911117e-10 0.785969689867 0.42281776904 0.999999814036 0.052184 0 0
20.9 12 8 0.358650233534 1.39421043659e-10 0.785387383042 0.421549906424 0.999999660874 0.060593 0 0
21 12 8 0.360069539746 1.32037125091e-10 0.784809618683 0.420286321807 0.999999679174 0.060604 0 0
21.1 12 8 0.361454122517 1.21665808725e-10 0.784236168047 0.419027056311 0.999999682183 0.052295 0 0
21.2 12 8 0.362833887551 1.1071565055e-10 0.783666987224 0.417772215988 0.999999679542 0.042037 0 0
21.3 12 8 0.364233727607 1.00592951088e-10 0.783101916408 0.4165217086 0.999999742884 0.052155 0 0
21.4 12 8 0.365663543259 1.09614115066e-10 0.782540968212 0.415275657284 0.99999968301 0.042689 0 0
21.5 12 8 0.367171743784 1.18998298405e-10 0.781984046088 0.414034036328 0.99999971826 0.052254 0 0
21.6 12 8 0.368535700572 1.26933758667e-10 0.781431097379 0.412796977779 0.999999690972 0.041937 0 0
21.7 12 8 0.37003949766 1.33635798654e-10 0.780881952787 0.411564321676 0.999999780271 0.051833 0 0
21.8 12 8 0.371407974624 1.39313234188e-10 0.78033658703 0.410336234461 0.99999966399 0.041642 0 0
21.9 12 8 0.372825591048 1.44119181507e-10 0.779794844642 0.409112680576 0.999999677465 0.052219 0 0
22 12 8 0.374292196438 1.48212657986e-10 0.779256969213 0.407893695865 0.999999754704 0.051622 0 0
22.1 12 8 0.37573243073 1.51707866554e-10 0.778722821622 0.406679300278 0.999999750668 0.051973 0 0
22.2 12 8 0.377172207327 1.54663741143e-10 0.778192329801 0.405469507552 0.999999634877 0.051957 0 0
22.3 12 8 0.378475722286 1.57147789943e-10 0.777665558681 0.40426433032 0.999999654008 0.051706 0 0
22.4 12 8 0.379807648988 1.59184934945e-10 0.777142557242 0.403063814239 0.999999725301 0.051675 0 0
22.5 12 8 0.381148646816 1.60788371141e-10 0.776623250869 0.401868017781 0.99999972415 0.042581 0 0
22.6 12 8 0.382507709498 1.61971632024e-10 0.776107686309 0.400676891158 0.999999675958 0.042046 0 0
22.7 12 8 0.383833762877 1.62713769597e-10 0.775595932198 0.39949047426 0.999999691492 0.060761 0 0
22.8 12 8 0.385074293834 1.63012814374e-10 0.77508799113 0.398308773941 0.999999649886 0.052258 0 0
22.9 12 8 0.386392197456 1.62854894331e-10 0.774584008309 0.397131872007 0.999999732159 0.042085 0 0
23 12 8 0.387793602795 1.62205798306e-10 0.774083886806 0.395959643449 0.999999848685 0.042805 0 0
23.1 12 8 0.389098453861 1.61056199427e-10 0.773587711316 0.394792353017 0.999999761624 0.052354 0 0
23.2 12 8 0.390459625131 1.59387220535e-10 0.773095578636 0.393629733981 0.999999717307 0.042288 0 0
23.3 12 8 0.391734106066 1.57160113311e-10 0.772607596296 0.39247192902 0.999999679999 0.061304 0 0
23.4 12 8 0.392962229339 1.54404740942e-10 0.772123790321 0.391319049673 0.999999756845 0.060795 0 0
23.5 12 8 0.394280216092 1.51030554917e-10 0.771644191447 0.390171099306 0.999999781399 0.042226 0 0
23.6 12 8 0.395514571664 1.47127344745e-10 0.771168821585 0.389027966819 0.999999689711 0.051825 0 0
23.7 12 8 0.396763401924 1.42603778295e-10 0.770697710221 0.387889681962 0.999999734008 0.051925 0 0
23.8 12 8 0.398010245089 1.37522768882e-10 0.770230518467 0.386756268448 0.999999846586 0.060784 0 0
23.9 12 8 0.399240710121 1.31871492769e-10 0.769767692394 0.385627769351 0.999999845747 0.04285 0 0
24 12 8 0.400559888124 1.25761985205e-10 0.769309818258 0.384504046496 0.999999783443 0.051499 0 0
24.1 12 8 0.401821759829 1.3128814782e-10 0.768856731434 0.383385160206 0.999999864253 0.051671 0 0
24.2 12 8 0.402961318976 1.37337534026e-10 0.76840800628 0.382271192347 0.999999846203 0.060351 0 0
24.3 12 8 0.404222309303 1.43213812856e-10 0.767964040141 0.381162121038 0.999999844279 0.051989 0 0
24.4 12 8 0.405480920135 1.49818643205e-10 0.767524841978 0.380057979779 0.9999998849 0.051499 0 0
24.5 12 8 0.406638193066 1.55918202306e-10 0.767090058985 0.378958719572 0.999999820585 0.05211 0 0
24.6 12 8 0.40784567542 1.6287159861e-10 0.766659972236 0.377864364692 0.99999985777 0.04187 0 0
24.7 12 8 0.409090948753 1.69258350281e-10 0.766234714231 0.376774930818 0.999999924791 0.061023 0 0
24.8 12 8 0.410255810117 1.76247352567e-10 0.76581390191 0.375690396388 0.999999915414 0.051231 0 0
24.9 12 8 0.411427685699 1.82706062738e-10 0.765397687913 0.374610781758 0.999999897543 0.061156 0 0
25 12 8 0.412628605026 1.89508299811e-10 0.764986142488 0.373536002936 0.999999868572 0.060267 0 0
25.1 12 8 0.413783170949 1.95624335629e-10 0.764579119624 0.372466135408 0.999999916422 0.060988 0 0
25.2 12 8 0.414950805065 2.01949196557e-10 0.764176539398 0.371401158629 0.999999805837 0.041834 0 0
25.3 12 8 0.416112573876 2.07015076983e-10 0.763778462501 0.37034107708 0.999999752859 0.05116 0 0
25.4 12 8 0.417206223022 2.12517801908e-10 0.763384850732 0.36928585135 0.99999982132 0.060664 0 0
25.5 12 8 0.41825079625 2.15997513556e-10 0.762995548101 0.368235455392 0.999999800966 0.051951 0 0
25.6 12 8 0.419406394552 2.1966351959e-10 0.762610594468 0.367189985554 0.999999799313 0.060679 0 0
25.7 12 8 0.42050496673 2.21573783418e-10 0.762229946805 0.366149351552 0.999999725224 0.052295 0 0
25.8 12 8 0.421606993334 2.23029709435e-10 0.761853323357 0.36511352038 0.999999799545 0.052744 0 0
25.9 12 8 0.422748481394 2.23148003342e-10 0.761480850838 0.3640825614 0.999999823125 0.042577 0 0
26 12 8 0.423854848607 2.23096499929e-10 0.761112436036 0.363056496172 0.999999847075 0.051752 0 0
26.1 12 8 0.424968177917 2.22667116855e-10 0.76074786145 0.362035296246 0.999999830863 0.060344 0 0
26.2 12 8 0.426029648424 2.22355138825e-10 0.760387047237 0.361018910179 0.999999861517 0.041896 0 0
26.3 12 8 0.427118895747 2.22734581947e-10 0.760029935793 0.360007367943 0.999999762188 0.061451 0 0
26.4 12 8 0.428156498002 2.24065958086e-10 0.759676487212 0.359000637952 0.999999641349 0.052639 0 0
26.5 12 8 0.429235524285 2.25559105022e-10 0.759326770124 0.357998683416 0.999999830035 0.042406 0 0
26.6 12 8 0.430277337451 2.28358767061e-10 0.758980554101 0.357001777252 0.999999789609 0.052204 0 0
26.7 12 8 0.431331940765 2.30367102738e-10 0.758637768208 0.356009430426 0.999999769741 0.052018 0 0
26.8 12 8 0.43233479589 2.32634893942e-10 0.758298401247 0.355021873284 0.999999798328 0.051816 0 0
26.9 12 8 0.433397352008 2.33658878279e-10 0.757962362281 0.354039153243 0.999999750415 0.060806 0 0
27 12 8 0.434383525356 2.33815050111e-10 0.757629559157 0.353061193309 0.999999727851 0.052709 0 0
27.1 12 8 0.43537413979 2.32765237684e-10 0.757300023912 0.35208804864 0.999999651908 0.05172 0 0
27.2 12 8 0.436354073162 2.30297490939e-10 0.756973684897 0.351119583263 0.99999965832 0.051124 0 0
27.3 12 8 0.437340189988 2.26782946542e-10 0.756650457417 0.350155965125 0.999999768432 0.05209 0 0
27.4 12 8 0.438303496189 2.22268237996e-10 0.756330388324 0.349197247656 0.999999632439 0.04209 0 0
27.5 12 8 0.439313545265 2.16480379501e-10 0.756013262093 0.348243296204 0.99999976416 0.042179 0 0
27.6 12 8 0.440330033763 2.10242693228e-10 0.75569915119 0.347294226704 0.999999787171 0.060539 0 0
27.7 12 8 0.441308896366 2.02988693178e-10 0.755388109246 0.346350007872 0.999999774992 0.051963 0 0
27.8 12 8 0.442372018289 1.95441491276e-10 0.755080178626 0.345410573508 0.999999750701 0.042116 0 0
27.9 12 8 0.443348971608 1.86987391236e-10 0.754775201187 0.344476051086 0.999999658227 0.042025 0 0
28 12 8 0.444403722662 1.78791748229e-10 0.754473205472 0.343546189997 0.999999919565 0.041909 0 0
28.1 12 8 0.445405559114 1.69676303875e-10 0.754174057268 0.342621335341 0.999999741393 0.060822 0 0
28.2 12 8 0.446504466042 1.60863543671e-10 0.753877991368 0.341701203099 0.999999817603 0.042232 0 0
28.3 12 8 0.447603062266 1.51639072744e-10 0.753584808779 0.340785954791 0.999999936887 0.05164 0 0
28.4 12 8 0.448693171149 1.42760219527e-10 0.753294460758 0.339875596788 0.999999836071 0.060938 0 0
28.5 12 8 0.449830721663 1.33555779002e-10 0.753007294101 0.338970042734 0.999999793829 0.051322 0 0
28.6 12 8 0.45098605317 1.24758415606e-10 0.7527231184 0.338069169996 0.999999922604 0.041945 0 0
28.7 12 8 0.45210544493 1.16400577089e-10 0.752441906973 0.337173315484 0.999999692302 0.052242 0 0
28.8 12 8 0.453274448162 1.07707852294e-10 0.752163935341 0.33628219915 0.999999874141 0.04182 0 0
28.9 12 8 0.454485113289 1.00174542576e-10 0.751888991979 0.335395991604 0.999999899361 0.0519 0 0
29 12 8 0.455713115007 9.297844196e-11 0.751617208494 0.334514682501 0.999999890263 0.061211 0 0
29.1 12 8 0.456953178976 8.9685617454e-11 0.751348607025 0.333638195676 0.999999790284 0.042256 0 0
29.2 12 8 0.458210909486 9.4966793815e-11 0.751083431054 0.332766426772 0.999999831303 0.052181 0 0
29.3 12 8 0.459494095354 1.02042194834e-10 0.75082173228 0.331899596803 0.999999850625 0.043049 0 0
29.4 12 8 0.460816091219 9.34269061435e-11 0.750563486476 0.331037667858 0.999999921863 0.052536 0 0
29.5 12 8 0.462143670496 1.03115155723e-10 0.750308553105 0.330180606271 0.999999844064 0.06164 0 0
29.6 12 8 0.46348080161 9.50080672064e-11 0.750057097305 0.329328273983 0.999999736805 0.04259 0 0
29.7 12 8 0.46483091341 9.36435273223e-11 0.749809337282 0.32848065553 0.999999915669 0.042432 0 0
29.8 12 8 0.46626675013 9.50527385572e-11 0.749565239938 0.327638040031 0.9999997276 0.060885 0 0
29.9 12 8 0.467681067057 8.917464159e-11 0.749324930828 0.326800118655 0.999999734374 0.041787 0 0
30 12 8 0.46905576303 9.12288161361e-11 0.74908827816 0.325966919833 0.999999784437 0.042463 0 0
