# SIAM excitation B=c_0up^dag|gs> (normalized), method=fbr
# L=100 U=0.1 V=0.1 dt=0.1 tmax=30 max_bond_dim=512 mps_cutoff=1e-07 activity_tol=1e-07
# E_gs=-30.9227535891 gs_n_active=20 gs_bond_dim=23 gs_wall_s=54.726584
# nrm=0.707106782689
# t  n_active  bond_dim  renyi_half  slater_activity  n0up  n0dw  norm  wall_s  ReA  ImA
0 20 23 0.177225632521 2.76304376399e-13 1 0.686975498158 1 0.00201 0 0
0.1 12 7 0.114770465764 6.9683702586e-08 0.999961428696 0.686956364336 0.999999282009 0.060457 0 0
0.2 12 7 0.114241667036 3.81308178365e-08 0.99984649423 0.686898584868 0.999999768106 0.045966 0 0
0.3 12 6 0.727386046053 1.56443058508e-08 0.999654610231 0.686802192578 0.999999726441 0.053324 0 0
0.4 11 6 0.177729685729 3.06560696828e-08 0.999386450968 0.686667501581 0.999999865547 0.04528 0 0
0.5 11 6 0.184854414866 1.56909836235e-08 0.999042507506 0.686494404797 0.999999925791 0.044455 0 0
0.6 11 6 0.191824290112 3.02976308486e-08 0.998623609556 0.686283331283 0.999999900854 0.044525 0 0
0.7 11 6 0.198152760382 1.5688949917e-08 0.998130682469 0.686034593696 0.999999813627 0.044939 0 0
0.8 11 6 0.203927822807 1.56671792206e-08 0.997564983927 0.685748518613 0.999999862369 0.044585 0 0
0.9 11 6 0.20875437756 1.56194841505e-08 0.996928071638 0.685425521738 0.999999808726 0.04467 0 0
1 11 6 0.212944399889 1.55470756269e-08 0.996221388612 0.685066034874 0.999999928968 0.044786 0 0
1.1 11 6 0.216306324447 1.54513605244e-08 0.995446728636 0.684670560552 0.999999890621 0.044486 0 0
1.2 11 6 0.218956984361 1.53339105857e-08 0.994606055714 0.684239615806 0.999999932343 0.044744 0 0
1.3 11 6 0.220603358785 5.65657831686e-08 0.993701279901 0.683773777632 0.999999824592 0.044579 0 0
1.4 11 6 0.221837641162 2.92504955812e-08 0.992734622252 0.68327364529 0.999999856364 0.044572 0 0
1.5 11 6 0.222788854011 2.44868041399e-08 0.991708428934 0.682739868315 0.99999992894 0.044583 0 0
1.6 11 6 0.223430336577 2.1653360549e-08 0.990625042022 0.682173123309 0.999999881461 0.044581 0 0
1.7 11 6 0.223834559363 2.00474806755e-08 0.989487137483 0.681574105861 0.999999958137 0.044807 0 0
1.8 11 6 0.22397517727 1.94036406942e-08 0.988297061427 0.680943554894 0.999999897888 0.044713 0 0
1.9 11 5 0.114024985178 1.95117806356e-08 0.987057749586 0.680282214566 0.999999838499 0.044685 0 0
2 10 5 0.114191463203 2.83527378242e-08 0.98577186714 0.679590861614 0.999999969181 0.04433 0 0
2.1 10 5 0.114363619433 2.85383944254e-08 0.984442141006 0.678870291446 0.999999970531 0.043437 0 0
2.2 10 5 0.114541349316 2.88009713856e-08 0.983071533602 0.678121301628 0.999999970997 0.043273 0 0
2.3 10 5 0.11472426611 2.91473338798e-08 0.981662951713 0.677344706416 0.999999971338 0.042859 0 0
2.4 10 5 0.11491228498 2.95317782451e-08 0.980219325326 0.676541327604 0.999999971445 0.042919 0 0
2.5 10 5 0.115105253643 2.99222466804e-08 0.978743595355 0.675711991659 0.999999971305 0.043065 0 0
2.6 10 5 0.115303123734 3.02934158869e-08 0.977238701745 0.674857526769 0.99999997181 0.043356 0 0
2.7 10 5 0.11550594841 3.06507758063e-08 0.975707571039 0.673978760216 0.999999970206 0.043307 0 0
2.8 10 5 0.115713776255 3.09318043401e-08 0.974153107026 0.673076515355 0.999999947231 0.043166 0 0
2.9 10 5 0.11591612625 8.31495934328e-08 0.972578174511 0.672151610966 0.99999990904 0.042914 0 0
3 10 5 0.116125609639 4.66801410859e-08 0.970985611204 0.671204859743 0.999999910255 0.042754 0 0
3.1 10 5 0.116351136453 1.69726778542e-08 0.969378130804 0.67023705725 0.999999964227 0.042879 0 0
3.2 10 5 0.11658304402 1.74339061728e-08 0.967758444824 0.669248967642 0.99999996395 0.034674 0 0
3.3 10 5 0.116821856 1.78733946531e-08 0.966129170333 0.668241374918 0.999999966306 0.0346 0 0
3.4 10 5 0.117068147174 1.8342715936e-08 0.964492842345 0.667215032007 0.999999966078 0.034414 0 0
3.5 10 5 0.117322496871 1.87987886979e-08 0.962851901454 0.66617067231 0.999999965246 0.034761 0 0
3.6 10 5 0.117585460419 1.92328216581e-08 0.96120868723 0.665109008916 0.999999964046 0.034525 0 0
3.7 10 5 0.117857551806 1.96400559108e-08 0.959565431277 0.664030733381 0.999999962617 0.034552 0 0
3.8 10 5 0.118139189767 2.00180740288e-08 0.957924251077 0.662936514588 0.999999961008 0.034681 0 0
3.9 10 5 0.118429009602 2.69483316773e-08 0.956287140201 0.66182702992 0.999999922006 0.034153 0 0
4 10 5 0.118728186518 1.52842779544e-08 0.954656026597 0.660702853782 0.999999847637 0.042914 0 0
4.1 10 5 0.119038806704 1.57027169045e-08 0.953032595778 0.659564688079 0.999999960301 0.042418 0 0
4.2 10 5 0.119361592754 1.68372128462e-08 0.951418448596 0.658412886627 0.999999941542 0.033773 0 0
4.3 10 5 0.119694844869 1.54692627596e-08 0.949815162403 0.657248118603 0.999999978775 0.033922 0 0
4.4 10 5 0.120038260605 1.09220954503e-08 0.948223928138 0.656070905903 0.999999975064 0.033869 0 0
4.5 10 5 0.120391671415 1.08395642462e-08 0.946646018797 0.654881737522 0.999999963128 0.033722 0 0
4.6 10 5 0.120754904643 1.07371364022e-08 0.945082506996 0.653681079387 0.999999960077 0.033727 0 0
4.7 10 5 0.121127760317 1.06151798462e-08 0.943534325564 0.652469373643 0.999999968943 0.033768 0 0
4.8 10 5 0.121510231115 1.04741048057e-08 0.942002246341 0.651247036094 0.999999940747 0.03376 0 0
4.9 10 5 0.121901518896 1.03143640295e-08 0.940486978725 0.650014455284 0.999999964259 0.033918 0 0
5 10 5 0.122301481929 1.01364523442e-08 0.938988999814 0.64877200195 0.999999939835 0.033843 0 0
5.1 10 5 0.122710066184 1.01867214664e-08 0.937508783706 0.647520019582 0.999999944461 0.033828 0 0
5.2 10 5 0.123126427957 1.02689248216e-08 0.936046588043 0.646258828236 0.999999940347 0.034123 0 0
5.3 10 5 0.123550569665 1.0355086788e-08 0.934602574921 0.644988720892 0.999999955483 0.034433 0 0
5.4 10 5 0.123982564965 1.04442614557e-08 0.93317682641 0.643709989523 0.999999940605 0.034594 0 0
5.5 10 5 0.124421670194 1.05353148427e-08 0.931769323222 0.642422889258 0.999999898716 0.034061 0 0
5.6 10 5 0.124867574713 1.06269523181e-08 0.930379880741 0.641127667077 0.999999954398 0.033935 0 0
5.7 10 5 0.125320270081 1.07177482445e-08 0.929008273435 0.639824527688 0.999999943534 0.033788 0 0
5.8 10 5 0.125778194038 1.08061840587e-08 0.927654159608 0.638513695894 0.999999921928 0.033841 0 0
5.9 10 5 0.126239475001 1.08906846874e-08 0.926317145736 0.637195353395 0.999999899623 0.033833 0 0
6 11 5 0.126709210482 1.09696559614e-08 0.92499646162 0.635869613144 0.999999809339 0.033805 0 0
6.1 11 5 0.127183736768 1.10415224741e-08 0.923691395594 0.634536803879 0.99999984413 0.043443 0 0
6.2 11 5 0.12765961396 1.11047561147e-08 0.922401229043 0.633196981442 0.999999833628 0.04379 0 0
6.3 11 6 0.216985379472 1.11579079309e-08 0.92112527303 0.6318503183 0.999999789548 0.035566 0 0
6.4 11 6 0.217376452872 1.11996304453e-08 0.919862561508 0.630496859218 0.999999816174 0.043948 0 0
6.5 11 5 0.129132333246 1.12286933085e-08 0.918612339886 0.629136823025 0.999999895073 0.043811 0 0
6.6 11 5 0.129613357302 1.12439975108e-08 0.917373659749 0.627770291242 0.999999793042 0.035665 0 0
6.7 11 5 0.1301038444 1.12445837086e-08 0.916146002147 0.626397418205 0.999999799555 0.035351 0 0
6.8 11 5 0.130596909295 1.12296359989e-08 0.91492842842 0.625018245017 0.999999790832 0.044162 0 0
6.9 11 5 0.131088328315 1.11984811424e-08 0.91372022014 0.623633001386 0.999999672473 0.035917 0 0
7 11 5 0.131596578016 1.11505871203e-08 0.912520584968 0.622241770375 0.999999776904 0.035612 0 0
7.1 11 5 0.132098714098 1.10855616908e-08 0.91132847523 0.620844517461 0.999999781123 0.043947 0 0
7.2 11 5 0.132622717328 1.10031422862e-08 0.910143271752 0.61944147206 0.999999877808 0.035351 0 0
7.3 11 5 0.133145658925 1.09031935702e-08 0.908964180165 0.618032735308 0.999999775247 0.035466 0 0
7.4 11 5 0.133671316745 1.07857001108e-08 0.907790620212 0.616618451101 0.999999819295 0.035411 0 0
7.5 11 5 0.134190861448 1.08298802148e-08 0.906621725949 0.61519862443 0.999999838816 0.035634 0 0
7.6 11 5 0.134717380275 1.09574632701e-08 0.905456770116 0.613773380241 0.999999825612 0.03583 0 0
7.7 11 7 0.226682464403 1.10721785074e-08 0.90429532216 0.612342885549 0.999999692483 0.03577 0 0
7.8 11 5 0.135763163929 1.11739916209e-08 0.903137264574 0.610907199491 0.99999978378 0.044216 0 0
7.9 11 6 0.22790649687 1.126283522e-08 0.901981295434 0.60946650902 0.999999681185 0.035956 0 0
8 11 5 0.13679805242 1.13386130485e-08 0.900827682717 0.608020851721 0.999999777921 0.044088 0 0
8.1 11 5 0.137341661999 1.14012080887e-08 0.899675239908 0.606570456061 0.999999807018 0.035824 0 0
8.2 11 6 0.230400025451 1.1450491666e-08 0.898524066175 0.605115394777 0.999999815957 0.044305 0 0
8.3 11 5 0.138408782408 1.14863311085e-08 0.897373820194 0.603655856892 0.999999739444 0.04419 0 0
8.4 11 6 0.232136788074 1.15085981856e-08 0.896224387543 0.602191860738 0.999999746089 0.044415 0 0
8.5 11 6 0.233074255184 1.15171789883e-08 0.895075293638 0.600723597207 0.999999696079 0.035832 0 0
8.6 11 6 0.233815252251 1.15119778155e-08 0.893926617869 0.599251354182 0.999999828771 0.044327 0 0
8.7 11 6 0.234719440517 1.14929277206e-08 0.892778098733 0.597775123833 0.999999847003 0.044511 0 0
8.8 11 6 0.235584170917 1.14599957302e-08 0.891629826306 0.596295107657 0.999999822923 0.044462 0 0
8.9 11 6 0.236448352314 1.1413191392e-08 0.890481940204 0.594811461271 0.999999828509 0.044217 0 0
9 11 6 0.237278006141 1.13525704393e-08 0.889334487833 0.593324331586 0.999999780697 0.044458 0 0
9.1 11 6 0.238097812709 1.12782410078e-08 0.888187414082 0.591833903039 0.999999644311 0.044388 0 0
9.2 11 6 0.239009416235 1.11903684097e-08 0.887041153504 0.590340357879 0.999999800536 0.044234 0 0
9.3 11 6 0.239751677221 1.10891806848e-08 0.885895551882 0.588843808098 0.999999774477 0.035909 0 0
9.4 11 6 0.240567054386 1.09749709321e-08 0.88475099462 0.58734443888 0.999999883073 0.035915 0 0
9.5 11 6 0.241360687791 1.08481003069e-08 0.883607686893 0.585842357283 0.999999751056 0.044225 0 0
9.6 11 6 0.242449438919 1.07089986878e-08 0.882466295741 0.58433787594 0.999999763826 0.035936 0 0
9.7 11 6 0.243409499298 1.05581664522e-08 0.881326736749 0.582831073163 0.999999720068 0.035819 0 0
9.8 11 6 0.244316384889 1.03961720344e-08 0.880189414869 0.581322113246 0.99999979095 0.036035 0 0
9.9 11 6 0.245232659967 1.02236500377e-08 0.879054470901 0.579811171285 0.99999979696 0.035676 0 0
10 11 6 0.246109309729 1.00412954618e-08 0.877922423264 0.578298396662 0.999999739936 0.035724 0 0
10.1 11 6 0.247030297167 9.84985715213e-09 0.876793796094 0.576783977026 0.999999764374 0.035648 0 0
10.2 11 6 0.248000705799 9.65013013943e-09 0.875668883937 0.575267988067 0.999999669214 0.044551 0 0
10.3 11 6 0.249004342286 9.44294376026e-09 0.874548069847 0.573750736768 0.999999731261 0.035919 0 0
10.4 11 6 0.249819892292 9.26975596283e-09 0.873432140476 0.57223224271 0.99999976213 0.035696 0 0
10.5 11 6 0.250721262374 9.27858678779e-09 0.872321212448 0.570712723739 0.999999691713 0.035836 0 0
10.6 11 6 0.251486590452 9.26987953065e-09 0.871215579651 0.569192347125 0.999999740827 0.035939 0 0
10.7 11 6 0.252323852742 9.24418708248e-09 0.870115774645 0.567671174524 0.999999799221 0.035976 0 0
10.8 11 6 0.253176926462 9.2025240761e-09 0.869021887792 0.566149351829 0.9999998558 0.044291 0 0
10.9 11 6 0.253960593806 9.14638487171e-09 0.867934547976 0.5646270369 0.999999673552 0.044279 0 0
11 11 6 0.254700683727 9.07781338988e-09 0.866854169935 0.56310444353 0.999999666194 0.035759 0 0
11.1 11 6 0.255370848612 8.99947105726e-09 0.865780872566 0.561581623536 0.999999598888 0.035779 0 0
11.2 11 6 0.256109868534 8.91463902697e-09 0.864715091437 0.560058641946 0.999999739606 0.035967 0 0
11.3 11 6 0.256714397015 8.82721995499e-09 0.863656876791 0.55853570852 0.999999665723 0.036006 0 0
11.4 11 6 0.257464070655 8.74168737397e-09 0.862606836202 0.557012916082 0.999999682365 0.035957 0 0
11.5 11 6 0.25805216253 8.66295113422e-09 0.861564836172 0.555490357914 0.999999742541 0.035851 0 0
11.6 11 6 0.258676089245 8.59616455795e-09 0.860531148954 0.55396809083 0.999999655889 0.044295 0 0
11.7 11 6 0.259236118431 8.54643167347e-09 0.859505989571 0.552446226298 0.999999671558 0.035718 0 0
11.8 11 6 0.259920154046 8.51843517946e-09 0.858489550855 0.550924912888 0.999999765843 0.035776 0 0
11.9 11 6 0.260479235042 8.51599635254e-09 0.857480970347 0.549404122813 0.999999751112 0.044429 0 0
12 11 6 0.261022938044 8.54163340058e-09 0.856480970373 0.547884001695 0.999999609483 0.044193 0 0
12.1 11 6 0.261618366502 8.59613957793e-09 0.855489523151 0.546364737803 0.999999839874 0.035863 0 0
12.2 11 6 0.26219130594 8.80131167946e-09 0.854506317662 0.544846205107 0.999999775863 0.044061 0 0
12.3 11 6 0.262739756729 9.73720404307e-09 0.853531338755 0.543328583662 0.999999612962 0.04434 0 0
12.4 11 6 0.26328423783 1.02307361471e-08 0.85256494003 0.541811957693 0.999999616619 0.035853 0 0
12.5 11 6 0.263806269761 9.87215120762e-09 0.851606370803 0.540296384931 0.999999733128 0.035946 0 0
12.6 11 6 0.264273172331 9.18820286522e-09 0.850655656353 0.538781896496 0.999999642196 0.035705 0 0
12.7 11 6 0.264875982566 9.32408927845e-09 0.84971290058 0.537268556503 0.999999669293 0.035912 0 0
12.8 11 6 0.265309640293 9.4464365219e-09 0.848777403929 0.535756376616 0.999999662648 0.036004 0 0
12.9 11 6 0.265881121104 9.54741374848e-09 0.847849120471 0.534245490876 0.99999981146 0.035897 0 0
13 11 6 0.266320104565 9.62035895391e-09 0.846927366555 0.532735816303 0.999999626098 0.03566 0 0
13.1 11 6 0.266879446281 1.01550774456e-08 0.846012527104 0.531227526628 0.999999675357 0.035716 0 0
13.2 11 6 0.267297523739 1.05949413687e-08 0.845103756784 0.52972059035 0.999999615846 0.035845 0 0
13.3 11 6 0.267880124979 1.08518647401e-08 0.844200906417 0.528215162341 0.999999782872 0.035632 0 0
13.4 11 6 0.268393005991 1.09978923746e-08 0.843303494388 0.526711108606 0.999999752056 0.044407 0 0
13.5 11 6 0.269033971559 1.10781069873e-08 0.842411628281 0.525208580283 0.99999981989 0.035727 0 0
13.6 11 6 0.269654919379 1.11215017196e-08 0.841524197688 0.52370760088 0.999999852317 0.044229 0 0
13.7 11 6 0.270188241998 1.11441013084e-08 0.840641176408 0.522208200817 0.999999778121 0.044002 0 0
13.8 11 6 0.270790973778 1.11549954829e-08 0.839762593686 0.520710378393 0.999999791368 0.044095 0 0
13.9 11 6 0.271374796989 1.11586104801e-08 0.838887863416 0.519214331186 0.999999759085 0.044505 0 0
14 11 6 0.27198044063 1.11554185889e-08 0.838016842914 0.517720009678 0.999999767021 0.03554 0 0
14.1 11 6 0.272668029646 1.11446348816e-08 0.837149138119 0.51622747033 0.999999745325 0.044132 0 0
14.2 11 6 0.27333106715 1.11235266553e-08 0.836284447259 0.514736703446 0.999999789759 0.036221 0 0
14.3 11 6 0.273989973753 1.10887751203e-08 0.835422373762 0.513247776239 0.99999979304 0.035653 0 0
14.4 11 6 0.274683552946 1.10365313555e-08 0.834562808788 0.51176075362 0.999999739229 0.03589 0 0
14.5 11 6 0.275363763042 1.09626370204e-08 0.833705414117 0.510275676129 0.999999734275 0.044291 0 0
14.6 11 6 0.276134642183 1.08628932516e-08 0.832850028258 0.508792576136 0.999999675625 0.035648 0 0
14.7 11 6 0.2768937818 1.07337926325e-08 0.831996437103 0.507311507997 0.999999787231 0.044004 0 0
14.8 11 6 0.277754150015 1.05712513188e-08 0.831144481113 0.505832535644 0.999999776054 0.044088 0 0
14.9 11 6 0.278487143863 1.03728887701e-08 0.830293543917 0.504355670954 0.999999740649 0.035363 0 0
15 11 6 0.279339504624 1.013640194e-08 0.829443792951 0.502880982286 0.9999997834 0.0355 0 0
15.1 11 6 0.280218398194 9.86036918782e-09 0.828594998477 0.501408524263 0.999999811856 0.035522 0 0
15.2 11 6 0.280942925141 9.54500911643e-09 0.827746942275 0.499938353607 0.99999980565 0.04408 0 0
15.3 11 6 0.28192499206 9.19171860847e-09 0.826900559347 0.498470517042 0.999999779676 0.044469 0 0
15.4 11 6 0.283025454078 8.80221073807e-09 0.8260547099 0.497005057148 0.999999745428 0.044253 0 0
15.5 11 6 0.283821427964 8.38220759469e-09 0.825209582756 0.49554205567 0.999999800912 0.035918 0 0
15.6 11 6 0.284823816183 8.63835869502e-09 0.824365066236 0.49408152618 0.999999828889 0.044409 0 0
15.7 11 7 0.286337861103 9.03344066217e-09 0.823521235312 0.492623546694 0.999999700554 0.044263 0 0
15.8 11 6 0.287010452181 9.39985178583e-09 0.822678133473 0.491168175922 0.999999688197 0.035493 0 0
15.9 11 6 0.288108440812 9.73333169618e-09 0.821835923645 0.489715454823 0.999999715051 0.035704 0 0
16 11 6 0.289222026511 1.00032272465e-08 0.820994598263 0.488265490855 0.999999788688 0.035641 0 0
16.1 11 6 0.290357565728 1.02172477146e-08 0.820154329236 0.48681826798 0.999999795895 0.035637 0 0
16.2 11 6 0.2915893396 1.03460502388e-08 0.819315206866 0.485373875101 0.999999832663 0.035755 0 0
16.3 11 6 0.292923074675 1.03714051791e-08 0.818477308731 0.483932343149 0.999999781937 0.035608 0 0
16.4 11 6 0.29412120844 1.03057703482e-08 0.817640818147 0.482493771161 0.999999725699 0.035731 0 0
16.5 11 6 0.29530652825 1.01086689019e-08 0.816805791226 0.481058190508 0.999999764273 0.035491 0 0
16.6 11 6 0.296565049975 9.77287373249e-09 0.81597230787 0.479625642512 0.999999694447 0.04424 0 0
16.7 11 6 0.297826800904 9.32470589632e-09 0.815140597694 0.478196196811 0.999999734885 0.035425 0 0
16.8 11 6 0.299147672123 8.69739347209e-09 0.814310890697 0.476769913531 0.999999699141 0.035834 0 0
16.9 11 6 0.300398283597 7.94440424556e-09 0.81348320799 0.47534681511 0.999999722345 0.035548 0 0
17 11 6 0.301720483763 8.99465790738e-09 0.812657766391 0.473926978898 0.999999783881 0.035566 0 0
17.1 11 6 0.303009960984 9.92879389816e-09 0.811834664667 0.472510413965 0.999999740749 0.035575 0 0
17.2 11 6 0.304327180901 1.11220888055e-08 0.81101432368 0.471097205205 0.999999686062 0.035508 0 0
17.3 11 6 0.305677272033 1.21743634063e-08 0.810196905161 0.46968736111 0.999999738859 0.044162 0 0
17.4 11 6 0.307010000802 1.31377781987e-08 0.80938251848 0.468281019046 0.999999669794 0.035759 0 0
17.5 11 6 0.308350865625 1.37376681142e-08 0.808571461035 0.466878169701 0.999999637057 0.035576 0 0
17.6 11 7 0.310185945664 1.38951096185e-08 0.807763849219 0.465478785409 0.999999828799 0.035874 0 0
17.7 11 7 0.311496190714 1.36294207032e-08 0.806959764461 0.464082976807 0.999999742172 0.044242 0 0
17.8 11 7 0.31297101747 1.29329620346e-08 0.806159554009 0.46269080007 0.999999801389 0.044091 0 0
17.9 11 6 0.313792728537 1.1974001568e-08 0.805363285673 0.46130224325 0.999999756714 0.04455 0 0
18 11 6 0.315137840251 1.11152125282e-08 0.804571232916 0.45991737841 0.999999764575 0.035912 0 0
18.1 11 7 0.31697166306 9.99257920853e-09 0.803783621426 0.458536240484 0.999999775859 0.035734 0 0
18.2 11 7 0.318293752908 9.22784204604e-09 0.803000755352 0.457158861796 0.999999722974 0.044314 0 0
18.3 11 7 0.319565596004 8.6084077644e-09 0.802222659585 0.455785250767 0.999999699589 0.044512 0 0
18.4 11 6 0.320391317682 8.11484845986e-09 0.801448389104 0.454415474978 0.999999698553 0.035754 0 0
18.5 11 6 0.321777425181 8.4548614776e-09 0.800679459347 0.453049507365 0.999999811116 0.035649 0 0
18.6 11 6 0.323120932096 8.82497064314e-09 0.799915841917 0.451687441608 0.999999817664 0.036117 0 0
18.7 11 6 0.324466323317 9.08187214321e-09 0.799157826733 0.450329299888 0.999999741694 0.035605 0 0
18.8 11 6 0.325768205159 9.25790644146e-09 0.798405381979 0.44897511463 0.99999987055 0.044198 0 0
18.9 11 6 0.327076867455 9.37793620537e-09 0.797658534855 0.447624874949 0.999999890008 0.035921 0 0
19 11 6 0.328397838871 9.4206095147e-09 0.796917608427 0.446278668157 0.999999884572 0.044545 0 0
19.1 11 6 0.329699885319 9.39335342842e-09 0.796182807614 0.444936465167 0.999999710534 0.044367 0 0
19.2 11 6 0.331003028222 9.28058696559e-09 0.795454178234 0.443598287825 0.999999880296 0.035675 0 0
19.3 11 6 0.332318468555 9.07073804957e-09 0.794731580674 0.442264196069 0.999999816319 0.035757 0 0
19.4 11 6 0.333614284476 8.69220329047e-09 0.794015270626 0.440934180402 0.999999925258 0.035594 0 0
19.5 11 6 0.334881570662 8.1127857765e-09 0.79330521519 0.439608288928 0.999999881199 0.035775 0 0
19.6 11 6 0.336153000925 7.18867587679e-09 0.792601397182 0.438286543272 0.999999882537 0.044427 0 0
19.7 11 6 0.337402311269 6.484395354e-09 0.79190392603 0.436968956476 0.999999836081 0.035719 0 0
19.8 11 6 0.338627096378 8.31744184637e-09 0.79121281307 0.435655541333 0.999999903023 0.035848 0 0
19.9 11 6 0.33987246499 1.05095306902e-08 0.790527848785 0.434346334817 0.999999812489 0.044249 0 0
20 11 6 0.341094753977 1.15818686863e-08 0.789849157326 0.43304136461 0.999999806459 0.044463 0 0
20.1 11 6 0.342305078845 1.0524130567e-08 0.789176619053 0.431740628064 0.999999797427 0.035737 0 0
20.2 11 6 0.343509105818 8.27710178175e-09 0.788510251705 0.430444169301 0.999999878274 0.044275 0 0
20.3 11 6 0.344698123129 6.36669628129e-09 0.787849956269 0.429151996101 0.999999808099 0.044307 0 0
20.4 11 6 0.34589043224 7.84620368677e-09 0.787195634665 0.427864142232 0.999999795156 0.035727 0 0
20.5 11 6 0.347011101798 8.76066141853e-09 0.786547340231 0.426580629757 0.999999828831 0.044423 0 0
20.6 11 6 0.348220531611 9.23563980848e-09 0.785905097851 0.425301474028 0.999999851372 0.04448 0 0
20.7 11 6 0.349394853343 9.40778888125e-09 0.785268560205 0.424026718297 0.99999991644 0.035713 0 0
20.8 11 6 0.350530556169 9.33784449764e-09 0.784637767065 0.422756363806 0.999999885743 0.03569 0 0
20.9 11 6 0.351668230098 9.11566910844e-09 0.784012639059 0.421490435948 0.999999910791 0.044084 0 0
21 11 6 0.352807975977 8.77632122531e-09 0.78339302987 0.420228965425 0.999999916803 0.044498 0 0
21.1 11 6 0.353916525023 9.03729602264e-09 0.782778843772 0.418971971741 0.999999912219 0.03568 0 0
21.2 11 6 0.355037576793 8.62169491356e-09 0.782170040715 0.417719476392 0.999999937972 0.044516 0 0
21.3 11 6 0.356144154761 9.62473056809e-09 0.781566524057 0.416471502011 0.999999927837 0.035777 0 0
21.4 11 6 0.357240732622 9.40798217108e-09 0.780968200387 0.415228079234 0.99999993906 0.035791 0 0
21.5 11 6 0.358331036626 1.00323401808e-08 0.780375005068 0.413989226596 0.999999931646 0.035796 0 0
21.6 11 6 0.35941259629 9.88070636421e-09 0.779786857559 0.412754969429 0.999999902458 0.035704 0 0
21.7 11 6 0.360496230063 1.0513303228e-08 0.779203787945 0.411525327458 0.99999992927 0.044164 0 0
21.8 11 6 0.361546685712 9.9745784965e-09 0.778625568822 0.410300328265 0.999999892085 0.035766 0 0
21.9 11 6 0.362612798964 1.06734130423e-08 0.778052255208 0.40907997984 0.999999883988 0.035894 0 0
22 11 6 0.363669163934 9.88466375418e-09 0.777483748483 0.407864325521 0.99999986691 0.044309 0 0
22.1 11 6 0.364703829682 1.0506712389e-08 0.776919814562 0.406653383395 0.999999818693 0.035664 0 0
22.2 11 6 0.365770291541 9.99415272762e-09 0.776360705287 0.405447165729 0.999999926892 0.044257 0 0
22.3 11 6 0.366823253198 1.03284281128e-08 0.775806114241 0.404245701521 0.999999932746 0.03567 0 0
22.4 11 6 0.36786559979 9.44124667335e-09 0.775256100441 0.403049007025 0.999999938427 0.035685 0 0
22.5 11 6 0.368910566782 9.5965972946e-09 0.774710619035 0.401857100709 0.999999919566 0.036001 0 0
22.6 11 6 0.369966644107 9.30454913117e-09 0.774169642479 0.40067000009 0.999999941221 0.044313 0 0
22.7 11 6 0.371000531748 8.89262719017e-09 0.773633102761 0.399487729245 0.999999887709 0.035785 0 0
22.8 11 6 0.372045960577 9.83033954238e-09 0.773101030977 0.398310294856 0.999999888436 0.044266 0 0
22.9 11 6 0.373088346605 8.29085888832e-09 0.77257333685 0.397137717454 0.999999917842 0.044322 0 0
23 11 6 0.374137754341 9.24954202119e-09 0.772049976337 0.395970020514 0.999999934088 0.044302 0 0
23.1 11 6 0.37521903903 8.82540918123e-09 0.771530939986 0.394807216539 0.999999891352 0.036101 0 0
23.2 11 6 0.376246965512 8.33510227505e-09 0.771016185017 0.393649320562 0.999999930106 0.035752 0 0
23.3 11 6 0.37730185844 8.68306204715e-09 0.770505734186 0.39249633473 0.999999913045 0.035805 0 0
23.4 11 6 0.37839308984 8.31198943008e-09 0.769999559819 0.391348269858 0.999999885452 0.044331 0 0
23.5 11 6 0.379457518955 8.18368112761e-09 0.769497608523 0.390205152665 0.999999917251 0.035831 0 0
23.6 11 6 0.380498540186 8.33651800502e-09 0.768999857683 0.389066977884 0.999999868164 0.035585 0 0
23.7 11 6 0.381574400903 8.49050506751e-09 0.768506334313 0.387933735461 0.999999832729 0.04393 0 0
23.8 11 6 0.382712690139 8.64588027017e-09 0.768017007629 0.386805455453 0.999999893866 0.04418 0 0
23.9 11 6 0.38373133454 8.802383636e-09 0.767531584448 0.385682161585 0.99999986126 0.035432 0 0
24 11 6 0.384823693514 8.95982623904e-09 0.767050251819 0.384563847297 0.999999871398 0.044185 0 0
24.1 11 6 0.385979497752 9.11860747778e-09 0.766573394507 0.383450500731 0.999999891464 0.044389 0 0
24.2 11 6 0.387039572662 9.27759712085e-09 0.766100518208 0.382342125132 0.999999810129 0.044429 0 0
24.3 11 7 0.388652894173 9.43701833528e-09 0.765631853388 0.381238705155 0.999999925093 0.035473 0 0
24.4 11 7 0.389868514791 9.59676850116e-09 0.76516849387 0.380140303862 0.99999992814 0.035715 0 0
24.5 11 7 0.390973480289 9.75699701236e-09 0.764710230895 0.379046867167 0.999999845248 0.035717 0 0
24.6 11 7 0.392130043852 9.91711418385e-09 0.764257422296 0.377958392611 0.999999835869 0.035736 0 0
24.7 11 7 0.393367140471 1.00771418754e-08 0.763810171988 0.376874908637 0.999999927025 0.035781 0 0
24.8 11 7 0.394550741282 1.02367473068e-08 0.763368247624 0.375796410503 0.9999999017 0.035643 0 0
24.9 11 7 0.395755695906 1.03957335066e-08 0.762931894712 0.374722891147 0.999999847772 0.035652 0 0
25 11 7 0.39698374772 1.05540523584e-08 0.762501298428 0.373654321928 0.99999993094 0.035731 0 0
25.1 11 7 0.398232662938 1.07113256087e-08 0.762076240414 0.372590739273 0.99999993887 0.044575 0 0
25.2 11 7 0.399454021082 1.08677912759e-08 0.761656840948 0.371532139213 0.999999847055 0.035745 0 0
25.3 11 7 0.40071958 1.10231162026e-08 0.761243265467 0.370478463478 0.999999876997 0.044075 0 0
25.4 11 7 0.40198851506 1.11769737124e-08 0.760835348569 0.369429756686 0.999999910191 0.044192 0 0
25.5 11 7 0.40330897033 1.13297770749e-08 0.760433133012 0.368386013259 0.999999914797 0.044284 0 0
25.6 11 7 0.404578383389 1.14835591842e-08 0.760036591795 0.367347225864 0.999999837273 0.03566 0 0
25.7 11 7 0.405901643982 1.25275483726e-08 0.759645835658 0.36631338514 0.999999855992 0.044433 0 0
25.8 11 7 0.407352532195 1.18504719102e-08 0.759260736415 0.36528440499 0.999999724538 0.044621 0 0
25.9 11 7 0.408653413011 1.20800670222e-08 0.758881137084 0.36426041363 0.999999729114 0.04428 0 0
26 11 7 0.409979282904 1.65731641071e-08 0.758507388867 0.363241326156 0.999999769192 0.035561 0 0
26.1 11 7 0.411331149744 1.43880840874e-08 0.758139141015 0.362227183851 0.999999854542 0.035652 0 0
26.2 11 7 0.412679947342 1.39692194852e-08 0.757776236745 0.361217991291 0.999999817674 0.035614 0 0
26.3 11 7 0.414028861192 1.39249222648e-08 0.757418894701 0.360213734688 0.99999992613 0.035698 0 0
26.4 11 7 0.415503652409 1.24979550222e-08 0.757066927406 0.359214374323 0.999999854769 0.044305 0 0
26.5 11 7 0.416829439289 1.32392711828e-08 0.756720169772 0.358219917002 0.999999804307 0.03589 0 0
26.6 11 7 0.418254123704 1.38839104155e-08 0.756378637033 0.357230287629 0.999999861275 0.044317 0 0
26.7 11 7 0.419658738352 1.25250274598e-08 0.75604223395 0.356245628118 0.999999889593 0.035539 0 0
26.8 11 7 0.421121209936 1.32720009685e-08 0.755710723153 0.3552658679 0.999999769766 0.044523 0 0
26.9 11 7 0.422564628257 1.88180787252e-08 0.755384043498 0.354290875018 0.999999853545 0.035762 0 0
27 11 7 0.424036780966 1.57472356573e-08 0.755062099159 0.35332080663 0.999999851076 0.035445 0 0
27.1 11 7 0.425523037666 1.98519586525e-08 0.754744801883 0.352355618853 0.999999767673 0.035947 0 0
27.2 11 7 0.426968768951 1.64616243435e-08 0.754432022304 0.351395318431 0.999999783599 0.035707 0 0
27.3 11 7 0.428356369607 2.05887099434e-08 0.75412353188 0.350439872598 0.999999713827 0.044272 0 0
27.4 11 7 0.429919912246 1.58407893814e-08 0.753819492987 0.349489265784 0.999999798378 0.044708 0 0
27.5 11 7 0.4313232749 1.52944046558e-08 0.753519416348 0.348543632939 0.999999730736 0.044545 0 0
27.6 11 7 0.432798229548 1.58683512116e-08 0.75322352784 0.347602828754 0.999999875856 0.035792 0 0
27.7 11 7 0.434250035298 1.5239176591e-08 0.752931659105 0.346666993531 0.999999879275 0.03576 0 0
27.8 11 7 0.435763527902 1.60493059236e-08 0.752643680169 0.345735991609 0.999999698435 0.044374 0 0
27.9 11 7 0.437193579357 1.98626817805e-08 0.752359672102 0.344809837957 0.999999863807 0.035813 0 0
28 11 7 0.438670505212 1.66346390735e-08 0.752079563645 0.343888647351 0.999999807489 0.044215 0 0
28.1 11 7 0.440223078348 1.6026475188e-08 0.751803264595 0.342972328333 0.999999776203 0.044294 0 0
28.2 11 7 0.441617791195 1.57393814623e-08 0.751530358218 0.342060846978 0.999999846174 0.044402 0 0
28.3 11 7 0.443133458136 1.53297939613e-08 0.751261214755 0.341154340036 0.999999818159 0.044429 0 0
28.4 11 7 0.444668594829 1.46824545185e-08 0.75099566344 0.340252602482 0.99999991772 0.035963 0 0
28.5 11 7 0.446119134448 1.46355935319e-08 0.750733432038 0.339355850105 0.999999840788 0.035605 0 0
28.6 11 7 0.447532394799 1.44221986687e-08 0.750474733259 0.338463923223 0.999999853156 0.035655 0 0
28.7 11 7 0.448989206916 1.46778218675e-08 0.750219660772 0.33757693873 0.999999765152 0.035616 0 0
28.8 11 7 0.450382226367 1.47660028966e-08 0.749968141211 0.336694830225 0.999999834839 0.035559 0 0
28.9 11 7 0.451851693783 1.47967101971e-08 0.749719872863 0.335817602497 0.999999834155 0.044169 0 0
29 11 7 0.453217631297 1.45467470272e-08 0.749474977402 0.334945241436 0.999999870218 0.035739 0 0
29.1 11 7 0.454709089946 1.46900090636e-08 0.749233588157 0.334077788312 0.999999745177 0.044725 0 0
29.2 11 7 0.456001327998 1.45839536603e-08 0.748995440238 0.33321513509 0.99999975695 0.035743 0 0
29.3 11 7 0.457694480146 1.49103372191e-08 0.748760673974 0.332357375245 0.999999802216 0.044214 0 0
29.4 11 7 0.459118397772 1.47440005935e-08 0.748528973046 0.331504452102 0.999999848359 0.036112 0 0
29.5 11 7 0.4604586712 1.48142171811e-08 0.748300618602 0.3306563894 0.999999873919 0.035939 0 0
29.6 11 7 0.461909639463 1.48415422845e-08 0.748075979672 0.329813241301 0.999999874354 0.03587 0 0
29.7 11 7 0.463387277052 1.47951327534e-08 0.747854438539 0.328974932314 0.999999902303 0.044587 0 0
29.8 11 7 0.464669654041 1.46843740705e-08 0.747636182158 0.328141440816 0.9999999001 0.044592 0 0
29.9 11 7 0.466061758254 1.4908298105e-08 0.747421694513 0.327312783303 0.999999892533 0.035951 0 0
30 11 7 0.46744897736 1.48898226005e-08 0.74721085558 0.326488939849 0.999999777817 0.036064 0 0
