# SIAM impurity greater Green function, spin-symmetric FBR
# L=100 U=0.1 V=0.1 dt=0.1 tmax=50 E_gs=-30.9227535891
# t  n_active  bond_dim  wall_s  ReG00  ImG00  n0  ReC0n  ImC0n  E_psi0  E_B
0 20 24 0.020297 0 -0.500000000084 0.500000000321 -0.230239581305 0 -1000 -1000
0.1 24 20 0.322085 -0.00323719762656 -0.499968734789 0.500000000334 -0.230239689927 2.93086357294e-10 -0.12644460707 -0.0616991411804
0.2 28 20 0.35533 -0.00647194271517 -0.499875007985 0.50000000038 -0.230239951042 1.17350249396e-09 -0.126444679142 -0.0617411066818
0.3 32 19 0.477811 -0.00970179166478 -0.499719026901 0.500000000418 -0.230240360936 1.28203362981e-09 -0.126444809616 -0.0618248846426
0.4 36 19 0.527993 -0.0129243194275 -0.499501135809 0.500000000468 -0.230240919782 1.63459716352e-09 -0.126444998187 -0.0619501841756
0.5 40 19 0.594225 -0.016137128329 -0.49922181424 0.500000000538 -0.230241622871 2.68638250111e-09 -0.126445243663 -0.0621165701427
0.6 44 19 0.644649 -0.019337856972 -0.498881674852 0.500000000635 -0.230242465124 4.58829381802e-09 -0.126445544275 -0.0623234662433
0.7 48 19 0.725925 -0.0225241894466 -0.498481460148 0.500000000743 -0.230243438837 5.20052462964e-09 -0.126445897058 -0.062570157986
0.8 52 19 0.76788 -0.0256938631993 -0.498022039163 0.50000000086 -0.230244539831 5.19340038617e-09 -0.126446300571 -0.062855794254
0.9 56 19 0.8646 -0.0288446776119 -0.497504403039 0.500000000965 -0.230245758811 3.7986652142e-09 -0.126446751332 -0.063179395494
1 60 20 0.848096 -0.0319745015357 -0.496929660216 0.500000001038 -0.230247089991 8.1794277601e-10 -0.126447247264 -0.0635398539094
1.1 64 19 1.03907 -0.0350812809057 -0.496299031218 0.500000001018 -0.230248523679 -4.29767882024e-09 -0.126447784704 -0.0639359439891
1.2 68 19 1.146188 -0.0381630451906 -0.495613842941 0.500000000888 -0.230250051528 -1.0506665195e-08 -0.12644836052 -0.064366323912
1.3 72 19 1.190548 -0.0412179149355 -0.494875521996 0.500000000609 -0.230251663166 -1.82068188722e-08 -0.126448970933 -0.0648295451824
1.4 76 19 1.288 -0.044244106994 -0.494085588069 0.500000000168 -0.230253348132 -2.68312070791e-08 -0.126449611857 -0.0653240614616
1.5 80 19 1.419965 -0.0472399405009 -0.49324564676 0.499999999544 -0.230255096115 -3.60892836628e-08 -0.126450279366 -0.0658482318294
1.6 84 20 1.722048 -0.0502038409273 -0.492357382176 0.499999998761 -0.230256895507 -4.43024007694e-08 -0.126450969045 -0.0664003313889
1.7 88 20 1.635189 -0.0531343457055 -0.491422548785 0.499999997795 -0.230258734446 -5.2713335266e-08 -0.126451676317 -0.0669785602558
1.8 92 20 1.732863 -0.056030106742 -0.490442963839 0.499999996669 -0.230260603517 -6.01231777913e-08 -0.126452397643 -0.067581050808
1.9 94 20 2.088218 -0.0588898945695 -0.489420498493 0.499999995403 -0.230262489464 -6.66417887558e-08 -0.126453127801 -0.0682058779884
2 98 19 2.156638 -0.0617125994151 -0.488357069827 0.499999994028 -0.230264380952 -7.06888311072e-08 -0.126453862478 -0.0688510691188
2.1 100 20 1.969217 -0.0644972348369 -0.487254631924 0.499999992586 -0.230266266127 -7.41335109722e-08 -0.126454596959 -0.0695146116492
2.2 100 21 2.308232 -0.0672429378506 -0.486115167352 0.499999991095 -0.230268134239 -7.5295202095e-08 -0.12645532711 -0.0701944642244
2.3 100 21 1.980276 -0.0699489689146 -0.484940679081 0.499999989603 -0.230269974237 -7.33739896976e-08 -0.126456048548 -0.0708885658815
2.4 100 21 2.232727 -0.0726147132834 -0.483733180579 0.499999988168 -0.230271775391 -6.97430343454e-08 -0.126456757022 -0.0715948455743
2.5 100 22 2.013446 -0.0752396793117 -0.482494688959 0.499999986819 -0.23027352686 -6.27314575534e-08 -0.1264574483 -0.072311232132
2.6 100 21 2.035294 -0.0778234973853 -0.481227214867 0.499999985642 -0.230275218959 -5.36262494203e-08 -0.126458118465 -0.0730356633815
2.7 100 23 2.452043 -0.0803659177778 -0.479932755901 0.499999984686 -0.230276842666 -4.06019485146e-08 -0.126458763971 -0.0737660965877
2.8 100 23 2.038671 -0.0828668080672 -0.478613287442 0.499999984015 -0.230278389087 -2.4574679534e-08 -0.126459381187 -0.0745005164049
2.9 100 23 2.041548 -0.0853261506142 -0.477270755677 0.499999983681 -0.230279851345 -6.29642262612e-09 -0.126459967327 -0.0752369442261
3 100 22 2.015587 -0.0877440386656 -0.47590706985 0.499999983773 -0.230281221926 1.5911327761e-08 -0.12646051928 -0.0759734465966
3.1 100 23 2.201634 -0.0901206718764 -0.47452409591 0.49999998433 -0.23028249327 4.17788907181e-08 -0.126461034036 -0.0767081447278
3.2 100 22 2.121593 -0.0924563516202 -0.473123648971 0.499999985417 -0.230283660466 7.03809427992e-08 -0.126461509459 -0.0774392202187
3.3 100 23 2.391945 -0.0947514769181 -0.471707487571 0.499999987117 -0.230284719217 1.01310149821e-07 -0.126461943688 -0.0781649232783
3.4 100 23 2.107286 -0.0970065380518 -0.470277308002 0.499999989476 -0.230285664999 1.35604664433e-07 -0.126462334769 -0.078883581836
3.5 100 23 2.243007 -0.0992221111634 -0.468834738573 0.499999992533 -0.230286495148 1.72057811148e-07 -0.126462681521 -0.0795936043516
3.6 100 24 2.064352 -0.101398851682 -0.46738133601 0.499999996343 -0.230287206491 2.11721875159e-07 -0.126462982492 -0.0802934877094
3.7 100 25 2.289308 -0.103537488819 -0.465918579717 0.50000000095 -0.230287799206 2.52295004037e-07 -0.126463237548 -0.0809818222884
3.8 100 24 2.103583 -0.105638818275 -0.464447868913 0.500000006364 -0.230288272444 2.94321185953e-07 -0.126463446157 -0.0816572967524
3.9 100 24 2.152582 -0.107703695515 -0.462970519508 0.500000012636 -0.2302886263 3.37338988012e-07 -0.126463608136 -0.0823187012825
4 100 24 2.104065 -0.109733028862 -0.461487761242 0.500000019779 -0.230288862348 3.81411081831e-07 -0.126463723987 -0.0829649325655
4.1 100 24 2.03579 -0.11172777278 -0.460000735437 0.500000027827 -0.230288983481 4.2537224371e-07 -0.126463794539 -0.0835949939229
4.2 100 25 2.107475 -0.113688920203 -0.458510494094 0.50000003676 -0.230288991336 4.69364698353e-07 -0.126463820326 -0.0842080015749
4.3 100 24 1.995617 -0.115617495998 -0.457017998856 0.500000046553 -0.230288889545 5.12074641297e-07 -0.12646380252 -0.0848031819779
4.4 100 24 2.179034 -0.117514549606 -0.455524120226 0.500000057207 -0.23028868394 5.54329375999e-07 -0.12646374321 -0.0853798752621
4.5 100 25 2.328067 -0.11938114805 -0.454029637661 0.500000068663 -0.230288380219 5.94618224275e-07 -0.126463644427 -0.0859375342659
4.6 100 25 2.173057 -0.121218369167 -0.452535240904 0.500000080894 -0.230287981393 6.32235931494e-07 -0.126463507399 -0.0864757239541
4.7 100 26 2.05984 -0.123027294806 -0.451041530953 0.50000009386 -0.230287494075 6.66951961486e-07 -0.126463334347 -0.0869941213453
4.8 98 24 2.089076 -0.124809004896 -0.449549021838 0.500000107509 -0.230286925951 6.98325678835e-07 -0.126463128177 -0.0874925130534
4.9 100 25 2.013681 -0.126564570347 -0.448058142397 0.500000121759 -0.230286283977 7.25679616e-07 -0.126462891538 -0.0879707925056
5 76 25 2.589747 -0.128295047318 -0.44656923886 0.500000136505 -0.230285575344 7.48569558475e-07 -0.12646262707 -0.0884289586512
5.1 78 27 1.47393 -0.13000147292 -0.445082579618 0.500000151687 -0.230284806939 7.65884470261e-07 -0.126462337411 -0.0888671105795
5.2 80 26 1.471971 -0.131684857456 -0.443598355408 0.500000167154 -0.230283988364 7.78268292711e-07 -0.126462026162 -0.0892854453573
5.3 82 25 1.488372 -0.133346181409 -0.442116685814 0.500000182779 -0.230283127013 7.83414021694e-07 -0.126461696226 -0.0896842524323
5.4 84 26 1.708433 -0.134986390021 -0.440637622622 0.500000198477 -0.230282231914 7.83798097257e-07 -0.126461351113 -0.0900639092589
5.5 86 25 1.67066 -0.136606389206 -0.439161153484 0.500000214119 -0.230281309886 7.77810703071e-07 -0.126460993401 -0.0904248761763
5.6 88 25 1.94017 -0.138207041876 -0.437687207521 0.500000229558 -0.230280370309 7.63856329349e-07 -0.1264606268 -0.0907676904298
5.7 90 27 2.064157 -0.139789165063 -0.436215659435 0.500000244665 -0.23027942057 7.44098421466e-07 -0.126460254097 -0.0910929611028
5.8 92 25 1.806633 -0.141353525825 -0.434746334321 0.500000259289 -0.230278467565 7.16042800948e-07 -0.126459878164 -0.0914013615279
5.9 94 26 1.976758 -0.142900840346 -0.433279014321 0.50000027328 -0.230277519723 6.79425583018e-07 -0.126459502311 -0.091693623668
6 94 26 2.474985 -0.144431770686 -0.431813442177 0.500000286452 -0.230276584622 6.3473907598e-07 -0.126459129364 -0.0919705319099
6.1 96 27 1.828608 -0.145946924182 -0.430349327 0.500000298679 -0.230275667719 5.83130711967e-07 -0.126458761897 -0.0922329150729
6.2 98 29 1.911401 -0.147446852098 -0.428886349831 0.500000309787 -0.230274778203 5.23948898662e-07 -0.126458403294 -0.0924816421154
6.3 92 27 2.303627 -0.148932048502 -0.427424168615 0.500000319637 -0.230273920988 4.56660177037e-07 -0.12645805565 -0.0927176115116
6.4 94 27 2.110874 -0.150402951038 -0.425962423774 0.500000328065 -0.230273102172 3.82701103268e-07 -0.126457721551 -0.0929417473276
6.5 96 27 2.531096 -0.151859940505 -0.424500743088 0.500000334922 -0.230272326 3.00810962337e-07 -0.126457402717 -0.0931549914304
6.6 98 28 2.616597 -0.15330334141 -0.423038745718 0.500000340045 -0.230271597595 2.11457403483e-07 -0.126457101438 -0.0933582963212
6.7 100 28 2.323729 -0.154733423311 -0.421576048731 0.500000343265 -0.230270921956 1.12184832649e-07 -0.126456819658 -0.0935526192233
6.8 100 27 2.318515 -0.156150402607 -0.420112270923 0.50000034452 -0.230270300466 9.35635112442e-09 -0.126456558191 -0.093738914587
6.9 100 30 2.026459 -0.157554443935 -0.418647037071 0.500000343611 -0.230269737744 -1.01138042562e-07 -0.126456318877 -0.0939181296621
7 100 29 2.458553 -0.158945661657 -0.417179982692 0.500000340449 -0.230269235146 -2.17726391355e-07 -0.126456102486 -0.0940911957321
7.1 100 27 2.244761 -0.160324123542 -0.415710757167 0.500000334916 -0.230268794847 -3.38086111469e-07 -0.126455910129 -0.0942590259368
7.2 100 28 2.224382 -0.161689852284 -0.414239027738 0.500000326907 -0.230268417415 -4.64705374598e-07 -0.126455742111 -0.0944225062721
7.3 100 27 2.121919 -0.163042829095 -0.412764482797 0.50000031631 -0.230268103329 -5.96477556489e-07 -0.126455598775 -0.0945824938405
7.4 100 29 2.193091 -0.164382997202 -0.411286835306 0.500000303031 -0.230267853234 -7.32665949264e-07 -0.126455480484 -0.0947398092808
7.5 100 28 2.128394 -0.165710263618 -0.40980582445 0.500000287038 -0.23026766643 -8.70781719372e-07 -0.126455387266 -0.0948952340528
7.6 100 29 2.280789 -0.167024504537 -0.408321219258 0.500000268244 -0.230267539806 -1.0125629165e-06 -0.126455318008 -0.0950495064179
7.7 100 29 2.391105 -0.168325567337 -0.40683281928 0.500000246582 -0.230267473886 -1.15574618935e-06 -0.126455273144 -0.0952033179942
7.8 100 31 2.622692 -0.169613275492 -0.405340456948 0.500000222052 -0.230267464338 -1.29919704773e-06 -0.126455251069 -0.0953573104167
7.9 100 30 2.393596 -0.17088743109 -0.403843998593 0.500000194648 -0.230267511291 -1.44278083341e-06 -0.126455251876 -0.0955120724054
8 100 28 2.142805 -0.17214781977 -0.402343345205 0.500000164383 -0.230267608528 -1.58561647855e-06 -0.12645527332 -0.0956681378061
8.1 100 27 2.128388 -0.173394213798 -0.400838433896 0.500000131248 -0.230267754031 -1.72906007413e-06 -0.126455314704 -0.0958259848553
8.2 100 29 2.339985 -0.17462637544 -0.399329237357 0.500000095262 -0.230267944486 -1.87004631935e-06 -0.1264553749 -0.09598603461
8.3 100 29 2.046411 -0.175844062539 -0.397815763172 0.500000056478 -0.230268173833 -2.00815810454e-06 -0.126455451601 -0.0961486489325
8.4 100 30 2.321144 -0.177047029155 -0.396298054537 0.500000014994 -0.230268440375 -2.14218312532e-06 -0.126455544227 -0.0963141333994
8.5 100 32 2.792411 -0.178235030257 -0.394776189584 0.49999997088 -0.230268736884 -2.26984351e-06 -0.126455650181 -0.0964827327998
8.6 100 31 2.73989 -0.179407827187 -0.393250278902 0.499999924262 -0.230269057538 -2.39230048069e-06 -0.126455767091 -0.0966546345863
8.7 100 31 2.077856 -0.180565188426 -0.391720463785 0.499999875304 -0.230269401906 -2.50731926483e-06 -0.126455894608 -0.096829971697
8.8 100 31 2.508849 -0.181706889054 -0.390186920751 0.499999824022 -0.230269764022 -2.61975079344e-06 -0.126456030358 -0.0970088184942
8.9 100 30 2.332386 -0.182832723433 -0.388649848904 0.499999770741 -0.230270138152 -2.71559526856e-06 -0.12645617323 -0.0971911978866
9 100 31 2.218312 -0.183942497868 -0.387109478821 0.499999715512 -0.230270521366 -2.80840382898e-06 -0.126456320613 -0.0973770815392
9.1 100 33 3.338765 -0.185036038582 -0.385566063896 0.499999658526 -0.2302709065 -2.89191584745e-06 -0.126456470398 -0.0975663899043
9.2 62 32 2.14406 -0.186113187785 -0.384019878398 0.499999600025 -0.230271293176 -2.96477127261e-06 -0.126456621342 -0.0977589985136
9.3 64 32 1.168244 -0.187173816286 -0.382471219078 0.49999954018 -0.230271667017 -3.02418134317e-06 -0.126456771662 -0.0979547411299
9.4 64 31 1.194448 -0.188217812599 -0.38092039924 0.499999479127 -0.23027203293 -3.07941689427e-06 -0.126456918192 -0.0981534077105
9.5 66 30 1.216699 -0.18924509216 -0.37936774557 0.49999941702 -0.230272385828 -3.12656269698e-06 -0.126457060608 -0.0983547549342
9.6 68 31 1.256527 -0.190255595795 -0.377813596718 0.499999354103 -0.230272722237 -3.16123751861e-06 -0.126457198008 -0.0985585041088
9.7 70 33 1.314808 -0.191249290747 -0.376258300605 0.499999290604 -0.230273032486 -3.18390624864e-06 -0.12645732684 -0.0987643490121
9.8 72 32 1.394526 -0.192226169965 -0.37470221144 0.499999226791 -0.230273323043 -3.19389876908e-06 -0.12645744795 -0.0989719559402
9.9 74 30 1.306539 -0.193186254911 -0.373145687054 0.499999162883 -0.230273584297 -3.19166086537e-06 -0.126457559272 -0.099180973461
10 76 31 1.452174 -0.19412959142 -0.371589086659 0.499999099212 -0.230273817035 -3.17334103066e-06 -0.12645765972 -0.0993910279669
10.1 78 32 1.409591 -0.195056254178 -0.370032766632 0.499999036027 -0.230274018537 -3.14179549682e-06 -0.126457749092 -0.0996017355415
10.2 80 33 1.662382 -0.195966342974 -0.368477081314 0.49999897357 -0.23027418626 -3.09833760478e-06 -0.126457825906 -0.0998127021481
10.3 82 32 1.544414 -0.196859980913 -0.366922374559 0.499998912147 -0.230274317084 -3.0399075349e-06 -0.126457888497 -0.100023526106
10.4 84 33 1.972784 -0.197737317326 -0.365368982796 0.49999885205 -0.230274413731 -2.96576910433e-06 -0.126457938314 -0.100233808176
10.5 86 33 2.095569 -0.198598522083 -0.363817232588 0.499998793592 -0.230274474063 -2.87712418264e-06 -0.126457974089 -0.100443147033
10.6 88 35 1.794705 -0.199443787877 -0.362267435464 0.499998737013 -0.230274495343 -2.77577764285e-06 -0.126457995626 -0.100651150785
10.7 86 34 2.088646 -0.200273326733 -0.360719888321 0.49999868258 -0.230274482392 -2.66229832011e-06 -0.126458003827 -0.100857434627
10.8 88 33 1.913496 -0.201087369435 -0.35917486932 0.499998630602 -0.230274432267 -2.53267285762e-06 -0.126457998256 -0.101061625873
10.9 90 33 1.9379 -0.201886161647 -0.357632644957 0.499998581397 -0.230274348227 -2.38778475211e-06 -0.126457978811 -0.10126336795
11 92 33 2.413153 -0.202669962628 -0.356093454981 0.499998535171 -0.230274227722 -2.23242092706e-06 -0.126457945749 -0.101462322502
11.1 94 36 2.177665 -0.203439045148 -0.35455752157 0.499998492168 -0.230274075014 -2.06599457441e-06 -0.126457900791 -0.101658172904
11.2 96 34 2.431715 -0.20419369223 -0.353025045148 0.49999845259 -0.230273891207 -1.88875901758e-06 -0.126457844007 -0.101850624433
11.3 98 33 2.199499 -0.204934195147 -0.351496203635 0.499998416656 -0.230273674352 -1.70102641444e-06 -0.126457774995 -0.10203940835
11.4 100 34 2.332102 -0.205660849188 -0.349971153282 0.49999838458 -0.230273430102 -1.50462116993e-06 -0.12645769517 -0.102224286786
11.5 100 37 2.179555 -0.206373954248 -0.348450027621 0.499998356494 -0.230273160172 -1.30096155905e-06 -0.126457605537 -0.102405043201
11.6 94 36 2.328466 -0.207073811786 -0.34693293679 0.499998332556 -0.230272867969 -1.0895769291e-06 -0.12645750729 -0.102581498372
11.7 96 40 2.470707 -0.207760721848 -0.345419969971 0.499998312936 -0.230272554969 -8.71218037986e-07 -0.126457401127 -0.102753499543
11.8 98 36 2.286384 -0.208434983044 -0.343911192497 0.499998297732 -0.230272224351 -6.47785285555e-07 -0.126457288248 -0.102920925526
11.9 100 37 2.417317 -0.209096887377 -0.342406649605 0.499998287055 -0.230271878944 -4.19090553087e-07 -0.12645716972 -0.103083689033
12 100 37 2.191473 -0.209746721586 -0.340906366059 0.499998280915 -0.230271520325 -1.90132317675e-07 -0.126457046036 -0.103241732902
12.1 100 38 3.17191 -0.210384764388 -0.339410345691 0.499998279429 -0.230271156362 4.35194542278e-08 -0.126456919888 -0.103395032764
12.2 100 38 3.211383 -0.211011283589 -0.337918575732 0.499998282646 -0.230270786383 2.80873087517e-07 -0.126456791205 -0.103543594073
12.3 100 36 2.255769 -0.211626534874 -0.336431024103 0.499998290616 -0.230270414101 5.17774446332e-07 -0.126456661554 -0.103687455783
12.4 100 38 3.19769 -0.212230762536 -0.334947644026 0.499998303341 -0.230270044064 7.54276247433e-07 -0.126456532618 -0.103826682783
12.5 100 37 2.633358 -0.212824194879 -0.333468374159 0.499998320785 -0.230269677613 9.91713970448e-07 -0.126456404849 -0.10396136955
12.6 100 37 2.537126 -0.213407046206 -0.331993139388 0.499998342963 -0.230269320807 1.22568008478e-06 -0.126456280265 -0.10409163825
12.7 100 38 2.832968 -0.213979513849 -0.33052185391 0.499998369791 -0.230268973646 1.456847406e-06 -0.126456159176 -0.104217634858
12.8 100 38 2.447009 -0.214541779023 -0.329054424858 0.499998401188 -0.23026864183 1.68416616535e-06 -0.126456043298 -0.104339528471
12.9 100 37 2.856408 -0.215094004867 -0.327590746537 0.499998437113 -0.230268326703 1.90797244625e-06 -0.126455933449 -0.104457509637
13 100 37 3.159463 -0.215636337675 -0.326130713729 0.499998477466 -0.230268028959 2.12719056285e-06 -0.12645582933 -0.104571791561
13.1 100 37 2.423663 -0.216168903775 -0.32467421178 0.499998522177 -0.230267754752 2.34175559856e-06 -0.126455733848 -0.104682598239
13.2 100 38 2.332381 -0.216691811968 -0.323221124961 0.499998571109 -0.230267506012 2.5495669998e-06 -0.126455647204 -0.104790173048
13.3 100 39 2.83933 -0.217205154594 -0.321771338571 0.499998624133 -0.230267283598 2.75086397503e-06 -0.126455569786 -0.104894768948
13.4 100 40 2.67524 -0.217709005705 -0.320324738162 0.499998681106 -0.230267086389 2.94424382476e-06 -0.126455501101 -0.1049966497
13.5 100 40 2.406825 -0.218203420156 -0.318881211511 0.499998741855 -0.230266919481 3.12891715946e-06 -0.126455443093 -0.105096087603
13.6 100 38 2.794368 -0.218688438462 -0.317440650844 0.499998806233 -0.230266786712 3.30561382333e-06 -0.126455396743 -0.105193357468
13.7 100 39 2.241741 -0.219164084758 -0.316002955253 0.499998874016 -0.230266685378 3.47284884249e-06 -0.126455361481 -0.105288736477
13.8 100 39 2.500723 -0.219630368242 -0.314568029613 0.499998945085 -0.230266617608 3.63086807282e-06 -0.126455337624 -0.105382503079
13.9 100 39 2.380733 -0.220087284289 -0.313135789586 0.499999019223 -0.230266583453 3.77945365111e-06 -0.126455325281 -0.105474931928
14 100 40 2.217823 -0.220534814582 -0.311706158681 0.499999096226 -0.230266584183 3.91707131823e-06 -0.126455324756 -0.105566294022
14.1 100 41 2.300479 -0.220972930947 -0.310279071689 0.499999175874 -0.230266620018 4.04422725638e-06 -0.12645533617 -0.10565685203
14.2 100 40 2.559199 -0.221401592767 -0.308854475819 0.499999257983 -0.230266687837 4.16076406502e-06 -0.126455358348 -0.105746860087
14.3 100 40 2.513716 -0.221820752515 -0.307432330023 0.499999342243 -0.230266788601 4.26327408601e-06 -0.126455391233 -0.105836561669
14.4 100 40 2.421617 -0.222230353834 -0.306012607345 0.49999942849 -0.230266922895 4.35536308437e-06 -0.126455435208 -0.105926185943
14.5 100 40 2.310164 -0.222630335105 -0.304595294061 0.499999516454 -0.23026709016 4.43478259173e-06 -0.126455490119 -0.106015948011
14.6 100 39 2.409796 -0.223020629985 -0.303180390433 0.499999605865 -0.230267287705 4.50109636845e-06 -0.126455554654 -0.106106047974
14.7 100 41 2.936198 -0.223401170093 -0.301767910842 0.499999696466 -0.230267515276 4.55405434514e-06 -0.126455629087 -0.106196667203
14.8 100 40 2.316432 -0.223771882581 -0.300357884292 0.499999788018 -0.230267768303 4.59525974206e-06 -0.126455711485 -0.106287970527
14.9 100 39 2.399717 -0.224132696711 -0.298950353851 0.499999880227 -0.230268046939 4.62114410361e-06 -0.126455801665 -0.106380099163
15 100 40 2.334735 -0.224483543308 -0.2975453766 0.499999972819 -0.230268349352 4.63341314502e-06 -0.126455899307 -0.106473178559
15.1 100 40 2.47053 -0.224824356075 -0.296143023889 0.500000065565 -0.230268674821 4.63372012061e-06 -0.126456003935 -0.106567310493
15.2 100 42 2.665983 -0.225155072142 -0.294743378568 0.500000158185 -0.230269017956 4.62044868549e-06 -0.126456113539 -0.10666257524
15.3 100 44 2.752058 -0.22547563389 -0.293346537189 0.500000250391 -0.230269375739 4.59299394385e-06 -0.126456227157 -0.106759034964
15.4 100 40 2.623436 -0.225785991222 -0.291952608659 0.50000034191 -0.230269746502 4.55207054969e-06 -0.126456344181 -0.10685672644
15.5 100 42 2.37921 -0.226086100917 -0.290561711774 0.500000432464 -0.230270131412 4.49730304559e-06 -0.126456464954 -0.106955668606
15.6 100 41 2.357713 -0.226375929495 -0.289173973862 0.500000521788 -0.230270523653 4.42896667036e-06 -0.126456587189 -0.10705585807
15.7 100 42 2.243838 -0.226655452957 -0.287789534081 0.500000609592 -0.230270921173 4.3466978451e-06 -0.126456710142 -0.107157271109
15.8 100 43 2.691677 -0.226924656637 -0.286408537873 0.500000695625 -0.230271322195 4.25201740036e-06 -0.126456833188 -0.107259865378
15.9 100 43 2.42798 -0.227183538177 -0.285031137088 0.50000077962 -0.230271721697 4.14433179296e-06 -0.126456954575 -0.107363579728
16 100 43 3.2409 -0.22743210745 -0.283657490136 0.500000861374 -0.230272117172 4.02562710534e-06 -0.126457073393 -0.107468336223
16.1 100 43 2.537724 -0.227670383168 -0.282287758541 0.500000940661 -0.230272508804 3.89684963357e-06 -0.126457190001 -0.107574038928
16.2 100 42 2.429412 -0.227898400508 -0.280922107948 0.500001017262 -0.230272892248 3.75763568495e-06 -0.12645730271 -0.107680578565
16.3 98 47 3.965809 -0.228116204968 -0.279560704598 0.500001090963 -0.230273264595 3.60808356938e-06 -0.126457410747 -0.107787832248
16.4 100 43 2.3684 -0.228323855827 -0.27820371504 0.50000116163 -0.230273623021 3.45083802262e-06 -0.126457512925 -0.107895663283
16.5 100 46 3.94154 -0.228521423451 -0.276851306436 0.500001229043 -0.230273965797 3.28521335845e-06 -0.126457609018 -0.108003927452
16.6 100 42 2.382016 -0.228708993059 -0.275503641714 0.500001293056 -0.230274290107 3.11134657325e-06 -0.126457697968 -0.108112468961
16.7 94 43 2.431292 -0.228886659309 -0.274160881679 0.500001353516 -0.230274595991 2.93249442194e-06 -0.126457779911 -0.10822112814
16.8 94 43 2.413252 -0.229054529933 -0.272823182866 0.50000141035 -0.230274881038 2.74871801995e-06 -0.126457854092 -0.108329736673
16.9 96 41 2.344383 -0.229212722575 -0.271490696543 0.500001463475 -0.230275142507 2.56189731811e-06 -0.126457919695 -0.108438125021
17 98 40 2.416294 -0.229361367775 -0.270163564845 0.50000151284 -0.230275378565 2.37246868947e-06 -0.126457975982 -0.108546119089
17.1 100 39 2.715535 -0.229500602218 -0.26884192661 0.500001558341 -0.230275589198 2.17891974543e-06 -0.126458023189 -0.108653547093
17.2 100 42 2.493753 -0.229630575188 -0.267525908408 0.500001600028 -0.230275773805 1.98744071876e-06 -0.126458061096 -0.108760236653
17.3 98 44 2.371045 -0.229751441148 -0.266215629444 0.500001637843 -0.230275932855 1.79485941304e-06 -0.126458090378 -0.108866019792
17.4 100 46 3.824942 -0.229863363892 -0.264911197035 0.500001671823 -0.230276064266 1.60434657704e-06 -0.126458110059 -0.108970732523
17.5 100 42 2.454954 -0.229966512086 -0.263612712112 0.500001701991 -0.230276168344 1.41534944674e-06 -0.12645812058 -0.10907421749
17.6 100 42 2.535196 -0.230061059063 -0.26232026107 0.50000172847 -0.23027624548 1.23116914234e-06 -0.1264581222 -0.109176324107
17.7 100 42 2.486459 -0.230147181622 -0.261033920519 0.500001751279 -0.230276295081 1.04932385398e-06 -0.126458114668 -0.10927691115
17.8 100 41 2.461514 -0.23022506042 -0.259753754885 0.500001770473 -0.23027631865 8.7114738135e-07 -0.126458098699 -0.109375846388
17.9 100 42 2.685209 -0.230294878131 -0.258479816159 0.500001786196 -0.23027631349 7.00114218842e-07 -0.126458073613 -0.109473010576
18 100 43 2.383261 -0.230356817217 -0.257212145787 0.500001798522 -0.230276285889 5.32632766392e-07 -0.1264580413 -0.109568293805
18.1 80 46 4.326242 -0.230411059327 -0.255950773356 0.500001807563 -0.230276234154 3.71056172968e-07 -0.126458001502 -0.109661601391
18.2 82 43 1.966164 -0.230457786328 -0.254695716331 0.500001813467 -0.230276156886 2.16569396097e-07 -0.12645795388 -0.109752850509
18.3 82 46 2.201273 -0.230497175564 -0.253446981827 0.500001816257 -0.230276060653 6.69038128717e-08 -0.126457900736 -0.109841974665
18.4 84 44 2.267322 -0.230529401237 -0.252204564823 0.500001816219 -0.230275944527 -7.2561620143e-08 -0.126457841932 -0.109928919424
18.5 86 47 2.378828 -0.230554632902 -0.250968450922 0.500001813434 -0.230275811467 -2.06146949594e-07 -0.126457778418 -0.110013645791
18.6 88 47 2.748751 -0.23057303551 -0.249738616653 0.500001808037 -0.230275662893 -3.32129913169e-07 -0.126457711067 -0.110096130343
18.7 90 47 2.805154 -0.230584765589 -0.248515027202 0.500001800208 -0.230275500387 -4.49130108771e-07 -0.126457640277 -0.110176363934
18.8 92 46 2.943288 -0.230589974928 -0.247297641308 0.50000179005 -0.230275324861 -5.61269350913e-07 -0.126457566453 -0.110254352131
18.9 94 45 2.186016 -0.230588806277 -0.246086409835 0.500001777782 -0.230275138912 -6.63802336438e-07 -0.126457490765 -0.110330114576
19 96 45 2.518729 -0.230581394488 -0.244881275254 0.50000176355 -0.230274946148 -7.57468898716e-07 -0.126457414362 -0.110403684961
19.1 98 44 2.358749 -0.23056786495 -0.243682175877 0.50000174752 -0.230274747745 -8.43060975836e-07 -0.126457337783 -0.110475112874
19.2 100 43 4.196767 -0.230548333606 -0.242489044389 0.500001729872 -0.230274546637 -9.18847464768e-07 -0.126457261919 -0.110544457099
19.3 100 47 2.498539 -0.230522908013 -0.241301808979 0.500001710836 -0.230274343775 -9.85975761501e-07 -0.126457187377 -0.110611788433
19.4 96 47 2.459247 -0.230491684872 -0.240120394954 0.500001690526 -0.230274141811 -1.04294242446e-06 -0.126457114936 -0.110677191839
19.5 98 46 2.917708 -0.230454750387 -0.238944725959 0.500001669162 -0.230273942657 -1.090647826e-06 -0.126457045325 -0.110740760559
19.6 100 46 2.51989 -0.230412181529 -0.237774724633 0.500001646938 -0.230273747887 -1.12792847295e-06 -0.126456979149 -0.110802599013
19.7 100 44 2.712374 -0.230364044964 -0.236610313009 0.500001624088 -0.230273560208 -1.15426843404e-06 -0.126456917374 -0.11086281729
19.8 100 45 3.554316 -0.230310398094 -0.235451413064 0.500001600784 -0.230273378656 -1.17090352215e-06 -0.126456859307 -0.110921533517
19.9 100 46 2.827059 -0.230251288106 -0.234297950835 0.500001577267 -0.230273206198 -1.17620424016e-06 -0.12645680624 -0.110978869131
20 100 46 2.544476 -0.23018675346 -0.233149853328 0.500001553741 -0.230273047503 -1.17092014615e-06 -0.126456759967 -0.111034958457
20.1 100 44 2.709589 -0.230116823188 -0.232007051327 0.500001530468 -0.230272901746 -1.15203722225e-06 -0.126456719891 -0.111089928001
20.2 100 47 3.294938 -0.230041518728 -0.230869479322 0.500001507654 -0.230272769033 -1.12228431364e-06 -0.126456686142 -0.111143913213
20.3 100 46 3.036474 -0.229960853472 -0.229737079005 0.500001485531 -0.230272651718 -1.08123423391e-06 -0.126456659424 -0.111197051654
20.4 100 45 3.408569 -0.229874833839 -0.228609795687 0.500001464432 -0.230272548213 -1.02466240506e-06 -0.126456639001 -0.111249471333
20.5 100 46 2.598383 -0.229783459226 -0.227487581446 0.500001444546 -0.230272461695 -9.56351557772e-07 -0.126456626069 -0.111301310681
20.6 100 48 2.975228 -0.229686723699 -0.22637039517 0.50000142619 -0.230272392305 -8.74417513938e-07 -0.126456620583 -0.111352698037
20.7 100 47 3.505981 -0.229584616855 -0.225258202886 0.500001409599 -0.230272338635 -7.79756918104e-07 -0.126456621918 -0.111403758631
20.8 100 46 2.616747 -0.229477124653 -0.22415097992 0.500001395014 -0.230272300838 -6.72370326658e-07 -0.126456629934 -0.111454615153
20.9 100 50 3.84385 -0.229364228679 -0.223048708265 0.500001382704 -0.230272279831 -5.5339020761e-07 -0.126456644941 -0.111505381498
21 100 47 2.68318 -0.229245908973 -0.221951376051 0.500001372908 -0.230272274085 -4.21815917917e-07 -0.126456666263 -0.111556166083
21.1 100 47 2.507297 -0.229122143679 -0.220858983203 0.50000136586 -0.23027228528 -2.79113584432e-07 -0.126456694532 -0.111607070601
21.2 100 47 2.526095 -0.228992910329 -0.219771535691 0.500001361768 -0.230272311476 -1.25896348346e-07 -0.12645672883 -0.111658185661
21.3 100 50 3.445333 -0.228858185634 -0.218689047001 0.500001360849 -0.230272351449 3.74953417967e-08 -0.126456768606 -0.111709594237
21.4 100 49 4.024653 -0.228717950673 -0.217611541755 0.500001363261 -0.230272402905 2.08547916797e-07 -0.126456812761 -0.111761371236
21.5 100 47 2.541389 -0.22857218538 -0.216539050406 0.500001369183 -0.230272465898 3.87697332051e-07 -0.126456861321 -0.111813576242
21.6 100 46 2.526292 -0.228420873086 -0.21547161013 0.500001378754 -0.230272540991 5.72638070372e-07 -0.126456914424 -0.111866263767
21.7 100 47 3.59161 -0.228264000321 -0.214409264439 0.500001392116 -0.230272624535 7.64183157712e-07 -0.126456970504 -0.111919475426
21.8 100 48 3.805936 -0.228101559287 -0.213352067208 0.500001409315 -0.23027271533 9.57759311478e-07 -0.126457029127 -0.111973241363
21.9 100 48 2.764559 -0.227933545896 -0.212300077186 0.500001430412 -0.230272811174 1.15353712916e-06 -0.126457089157 -0.112027579425
22 100 46 2.773029 -0.227759960896 -0.21125335703 0.500001455474 -0.230272912731 1.35204379694e-06 -0.126457151014 -0.112082497647
22.1 100 46 2.674996 -0.227580811839 -0.210211974648 0.500001484512 -0.230273018038 1.55041614035e-06 -0.126457213788 -0.11213799733
22.2 100 46 2.527157 -0.227396111932 -0.209176003157 0.500001517486 -0.230273123586 1.7465015921e-06 -0.126457276038 -0.112194063633
22.3 100 46 2.72592 -0.227205881622 -0.208145518383 0.500001554364 -0.230273229375 1.93845316066e-06 -0.126457337601 -0.112250670912
22.4 100 46 2.773901 -0.227010148503 -0.207120599881 0.500001594999 -0.23027333285 2.1242945755e-06 -0.126457397626 -0.112307787603
22.5 98 46 2.753334 -0.226808946671 -0.206101329473 0.500001639294 -0.230273432702 2.3037966494e-06 -0.126457455343 -0.112365370439
22.6 100 46 3.121733 -0.22660231813 -0.205087789447 0.500001687155 -0.230273527462 2.4754378995e-06 -0.126457510199 -0.112423368265
22.7 100 47 2.722997 -0.226390312615 -0.204080063108 0.500001738343 -0.230273616701 2.63731833849e-06 -0.126457562025 -0.112481723744
22.8 100 48 3.596862 -0.226172987988 -0.203078231812 0.500001792648 -0.230273698541 2.7875885255e-06 -0.126457609894 -0.112540369855
22.9 100 50 3.861952 -0.225950407607 -0.202082379554 0.500001849848 -0.230273771596 2.92535484833e-06 -0.126457653448 -0.112599234316
23 100 50 2.83845 -0.225722643912 -0.201092585561 0.500001909644 -0.23027383527 3.04822280903e-06 -0.12645769227 -0.112658236373
23.1 100 47 2.602816 -0.225489776964 -0.200108928511 0.500001971803 -0.230273888363 3.15723639868e-06 -0.126457725988 -0.112717295407
23.2 100 51 3.970692 -0.225251891484 -0.199131482473 0.500002035972 -0.230273929593 3.25034755022e-06 -0.126457754066 -0.112776322331
23.3 100 52 3.654362 -0.225009078469 -0.198160315286 0.500002101842 -0.230273958778 3.32645808083e-06 -0.126457776972 -0.112835228524
23.4 100 49 2.648715 -0.224761438787 -0.197195497206 0.500002169043 -0.230273974619 3.38419579933e-06 -0.12645779233 -0.112893922465
23.5 100 50 2.599464 -0.224509074919 -0.19623708824 0.50000223723 -0.230273977531 3.42339036004e-06 -0.126457802292 -0.112952309943
23.6 100 50 4.032626 -0.224252096177 -0.195285144593 0.500002305998 -0.230273966347 3.44239446298e-06 -0.126457805546 -0.11301029941
23.7 100 53 4.069099 -0.223990616401 -0.194339712432 0.50000237495 -0.230273940647 3.44302834816e-06 -0.126457802205 -0.113067797544
23.8 100 51 2.64705 -0.223724752952 -0.193400838853 0.500002443743 -0.230273902344 3.4236281613e-06 -0.126457792814 -0.113124714384
23.9 100 51 3.274394 -0.223454625714 -0.192468558802 0.500002511962 -0.230273849783 3.38423701545e-06 -0.126457776949 -0.113180962341
24 100 52 2.756235 -0.223180358338 -0.191542900968 0.50000257913 -0.230273784079 3.32269755796e-06 -0.126457755095 -0.11323645617
24.1 100 52 2.595223 -0.222902075527 -0.190623888298 0.500002644911 -0.230273704491 3.24153332181e-06 -0.126457726841 -0.113291115668
24.2 100 53 3.310131 -0.222619903048 -0.189711534084 0.500002708884 -0.230273612322 3.14059451807e-06 -0.126457692816 -0.113344866682
24.3 100 53 3.769846 -0.222333966589 -0.188805846875 0.500002770619 -0.230273508671 3.01899719612e-06 -0.126457653478 -0.113397641741
24.4 100 52 2.673727 -0.222044395118 -0.18790682988 0.500002829704 -0.230273393182 2.87696089324e-06 -0.126457608757 -0.113449375327
24.5 100 51 3.702114 -0.221751313859 -0.187014467999 0.50000288575 -0.230273267896 2.71593066971e-06 -0.126457561149 -0.113500008871
24.6 100 51 3.012411 -0.221454844419 -0.186128752041 0.500002938447 -0.230273129898 2.53789911259e-06 -0.126457504885 -0.113549496708
24.7 100 49 2.566642 -0.221155110007 -0.185249659043 0.500002987385 -0.230272983997 2.3410371269e-06 -0.126457446556 -0.113597794055
24.8 100 50 2.613789 -0.22085222885 -0.184377160741 0.500003032206 -0.230272829568 2.12668739678e-06 -0.126457384501 -0.113644867018
24.9 82 50 2.701038 -0.220546316249 -0.183511223043 0.500003072583 -0.230272670136 1.89633117403e-06 -0.126457320048 -0.113690690903
25 84 50 2.275299 -0.220237482637 -0.182651804125 0.500003108195 -0.230272503266 1.65032323197e-06 -0.126457252349 -0.113735249437
25.1 86 52 3.256985 -0.219925834646 -0.181798857978 0.500003138765 -0.230272332768 1.39064452596e-06 -0.126457182979 -0.113778533222
25.2 86 51 2.807088 -0.219611473907 -0.180952334643 0.50000316401 -0.230272159004 1.11831047037e-06 -0.126457112402 -0.113820540222
25.3 88 52 2.853072 -0.219294495576 -0.18011217704 0.500003183642 -0.230271983669 8.30805361354e-07 -0.126457041142 -0.113861279843
25.4 90 52 3.505437 -0.21897499132 -0.179278324259 0.500003197427 -0.23027180548 5.33221350955e-07 -0.126456968747 -0.113900764174
25.5 92 52 3.576664 -0.218653044347 -0.178450716505 0.500003205034 -0.230271624549 2.19152288136e-07 -0.126456895717 -0.113939018679
25.6 94 53 3.201897 -0.218328733028 -0.177629286171 0.500003206459 -0.230271451915 -9.36081713393e-08 -0.126456825657 -0.113976073834
25.7 96 53 2.863244 -0.218002128644 -0.176813964382 0.500003201572 -0.230271278451 -4.13670531968e-07 -0.126456756048 -0.11401196791
25.8 98 51 2.650454 -0.217673295058 -0.176004681592 0.500003190124 -0.230271107071 -7.4469974725e-07 -0.126456687591 -0.114046745871
25.9 100 50 2.631776 -0.217342289768 -0.175201368795 0.500003171993 -0.230270937118 -1.081752e-06 -0.126456619869 -0.11408045541
26 100 51 2.857111 -0.217009164716 -0.174403954681 0.500003147063 -0.230270770864 -1.42157792581e-06 -0.126456554308 -0.114113159417
26.1 100 52 2.61563 -0.216673964245 -0.173612369608 0.500003115341 -0.230270609038 -1.7614903433e-06 -0.126456491031 -0.114144913653
26.2 100 51 3.001794 -0.21633672496 -0.172826544185 0.500003076806 -0.23027045172 -2.10178663437e-06 -0.126456430298 -0.114175785311
26.3 100 51 2.87311 -0.215997481409 -0.172046409585 0.500003031484 -0.230270302054 -2.43960830617e-06 -0.12645637313 -0.114205844479
26.4 100 52 2.84344 -0.215656256828 -0.171271900637 0.500002979429 -0.230270158653 -2.77385038572e-06 -0.126456319209 -0.114235164897
26.5 100 51 3.080646 -0.215313072233 -0.170502956419 0.500002920736 -0.230270022649 -3.10250089015e-06 -0.12645626896 -0.114263821182
26.6 100 50 3.076877 -0.214967943016 -0.169739516024 0.500002855521 -0.2302698931 -3.42388130072e-06 -0.126456222169 -0.114291887862
26.7 100 53 3.707998 -0.214620876818 -0.168981524288 0.50000278399 -0.230269772063 -3.73528117606e-06 -0.126456179509 -0.11431944371
26.8 100 53 3.874996 -0.214271881485 -0.168228930198 0.500002706272 -0.230269658668 -4.03776721462e-06 -0.126456140706 -0.114346566335
26.9 100 53 3.016959 -0.213920957237 -0.167481688514 0.500002622656 -0.230269552874 -4.32646814987e-06 -0.126456105684 -0.114373330755
27 100 55 3.075766 -0.213568102889 -0.166739755694 0.500002533387 -0.230269455054 -4.60222005162e-06 -0.126456074782 -0.114399813747
27.1 100 51 2.714736 -0.213213312342 -0.166003096126 0.500002438755 -0.230269364866 -4.86126415859e-06 -0.126456047418 -0.114426091233
27.2 100 51 3.124261 -0.212856576806 -0.165271676935 0.500002339103 -0.230269283126 -5.10413955847e-06 -0.12645602431 -0.114452233269
27.3 100 52 3.015178 -0.212497888627 -0.164545472828 0.500002234713 -0.230269208874 -5.32994926933e-06 -0.126456004913 -0.114478305595
27.4 100 53 2.918631 -0.212137235954 -0.163824463195 0.500002126021 -0.230269141458 -5.53626526403e-06 -0.126455988963 -0.114504376787
27.5 100 51 2.724436 -0.211774608505 -0.16310863228 0.500002013383 -0.230269081278 -5.72130425804e-06 -0.126455976428 -0.114530502815
27.6 100 52 2.683048 -0.21140999435 -0.162397972098 0.500001897244 -0.230269028872 -5.88578736291e-06 -0.126455967628 -0.114556737728
27.7 100 51 3.016227 -0.21104338252 -0.161692478579 0.500001778024 -0.230268982499 -6.02770461427e-06 -0.126455961633 -0.11458313542
27.8 100 52 2.764111 -0.210674762726 -0.160992152345 0.500001656173 -0.230268941189 -6.14674986628e-06 -0.126455958465 -0.114609734443
27.9 100 51 3.713776 -0.210304125976 -0.160297001508 0.500001532176 -0.230268904749 -6.24223783156e-06 -0.126455957579 -0.114636573187
28 100 53 3.755296 -0.209931469061 -0.159607036281 0.500001406477 -0.23026887244 -6.31367347387e-06 -0.126455958638 -0.114663684425
28.1 100 53 3.023205 -0.209556786355 -0.158922274622 0.500001279613 -0.230268845792 -6.36007300699e-06 -0.126455962189 -0.114691095021
28.2 100 52 2.957053 -0.209180078082 -0.158242736873 0.500001152071 -0.230268821678 -6.38105908979e-06 -0.126455967149 -0.114718822428
28.3 100 51 3.119017 -0.208801346614 -0.157568447676 0.500001024356 -0.230268801329 -6.37640034855e-06 -0.126455973692 -0.11474688193
28.4 100 52 2.663384 -0.208420599038 -0.156899435198 0.500000896958 -0.230268784133 -6.34729584169e-06 -0.126455981626 -0.114775275473
28.5 100 50 2.689806 -0.208037846185 -0.156235730666 0.500000770396 -0.230268769089 -6.29301850716e-06 -0.126455990381 -0.11480400214
28.6 100 53 3.643836 -0.207653101213 -0.155577368279 0.500000645153 -0.230268755831 -6.21412833858e-06 -0.126455999784 -0.114833057943
28.7 100 52 2.918565 -0.207266391109 -0.154924382444 0.500000521724 -0.23026874414 -6.11175335337e-06 -0.126456009748 -0.11486242641
28.8 100 52 2.879273 -0.206877731239 -0.154276813588 0.500000400584 -0.230268732407 -5.98572617003e-06 -0.126456019563 -0.114892089374
28.9 100 56 3.046578 -0.206487162443 -0.153634697588 0.500000282181 -0.23026872183 -5.8381527161e-06 -0.126456029523 -0.114922021644
29 100 56 3.066022 -0.206094708961 -0.152998074298 0.500000166973 -0.230268719229 -5.66624106579e-06 -0.126456042567 -0.114952189734
29.1 100 54 3.201437 -0.205700418479 -0.152366985383 0.500000055362 -0.230268704885 -5.47721735729e-06 -0.126456050273 -0.114982563674
29.2 100 53 2.726319 -0.205304331828 -0.15174146744 0.499999947748 -0.230268693931 -5.26817928416e-06 -0.126456059188 -0.115013099377
29.3 100 52 2.72871 -0.2049065047 -0.151121557684 0.49999984447 -0.23026868304 -5.04156244684e-06 -0.126456067638 -0.115043754029
29.4 100 54 3.638274 -0.20450698579 -0.150507292765 0.499999745905 -0.230268671708 -4.79771766655e-06 -0.126456075526 -0.115074481774
29.5 100 55 2.821818 -0.204105839315 -0.149898707949 0.499999652364 -0.230268659667 -4.53930003669e-06 -0.126456082633 -0.115105233082
29.6 100 58 3.033158 -0.203703130373 -0.149295832689 0.499999564085 -0.230268649627 -4.27082545928e-06 -0.126456089999 -0.115135950327
29.7 100 61 5.137387 -0.203298924076 -0.148698697544 0.49999948134 -0.230268635733 -3.98816573829e-06 -0.126456095279 -0.115166583015
29.8 100 56 2.997471 -0.202893286005 -0.148107327144 0.499999404441 -0.23026862692 -3.69223557149e-06 -0.126456101513 -0.115197075263
29.9 100 56 2.687472 -0.202486306606 -0.147521740769 0.499999333442 -0.230268610051 -3.39321875632e-06 -0.12645610502 -0.115227372274
30 100 59 5.086222 -0.20207805055 -0.146941958436 0.499999268503 -0.230268593972 -3.08690411219e-06 -0.126456107725 -0.115257410988
30.1 100 55 2.73144 -0.201668608437 -0.146367990449 0.4999992097 -0.230268578133 -2.77749054872e-06 -0.126456109791 -0.11528714451
30.2 100 55 2.802739 -0.201258059446 -0.145799848792 0.499999157086 -0.230268560617 -2.46885629324e-06 -0.12645611089 -0.115316510203
30.3 100 60 4.727882 -0.200846489269 -0.14523753358 0.499999110793 -0.230268547717 -2.15295465376e-06 -0.126456113556 -0.115345455218
30.4 100 56 2.937246 -0.200433985955 -0.144681044951 0.499999070705 -0.230268529481 -1.84433081291e-06 -0.126456112374 -0.115373933577
30.5 100 56 3.22167 -0.200020636016 -0.144130376183 0.499999036772 -0.230268514572 -1.53973500005e-06 -0.126456112543 -0.115401889866
30.6 100 59 4.073004 -0.199606526919 -0.143585515651 0.499999008888 -0.230268499702 -1.23988376544e-06 -0.126456112063 -0.115429282997
30.7 100 58 3.586248 -0.199191746199 -0.143046445886 0.499998986968 -0.23026848586 -9.46353324281e-07 -0.126456111693 -0.115456068771
30.8 100 55 4.051444 -0.198776381312 -0.142513146442 0.49999897077 -0.230268477926 -6.65044169595e-07 -0.126456112541 -0.115482207679
30.9 100 57 2.791323 -0.198360516578 -0.141985588731 0.499998960092 -0.230268471846 -3.92825603997e-07 -0.126456113921 -0.115507665771
31 100 56 3.00506 -0.197944236448 -0.141463741672 0.499998954779 -0.230268468498 -1.33277423223e-07 -0.126456115882 -0.115532413764
31.1 100 56 3.331366 -0.197527622737 -0.140947568628 0.499998954511 -0.230268468273 1.11899536963e-07 -0.126456118555 -0.115556427139
31.2 100 59 3.802239 -0.197110754164 -0.140437028315 0.499998959004 -0.23026847336 3.42212039497e-07 -0.126456122885 -0.115579683732
31.3 100 56 3.030612 -0.196693708126 -0.139932075918 0.499998967954 -0.230268482478 5.56841008498e-07 -0.12645612848 -0.115602169926
31.4 100 59 2.774886 -0.196276557505 -0.139432662365 0.499998981022 -0.230268497743 7.53407992264e-07 -0.126456135963 -0.115623875291
31.5 100 55 3.605947 -0.195859370706 -0.138938735054 0.499998997866 -0.230268517801 9.33478899644e-07 -0.126456144892 -0.115644795003
31.6 100 57 2.868172 -0.19544221401 -0.138450238241 0.499999018095 -0.230268544708 1.09314911666e-06 -0.126456156045 -0.115664928573
31.7 100 57 2.846144 -0.19502514783 -0.13796711333 0.499999041365 -0.230268577143 1.23413626751e-06 -0.1264561692 -0.115684283193
31.8 100 54 3.195166 -0.194608229687 -0.137489298973 0.499999067248 -0.230268616123 1.35448025408e-06 -0.126456184585 -0.115702868127
31.9 100 60 3.707754 -0.194191511042 -0.137016732243 0.499999095354 -0.230268661144 1.4547063555e-06 -0.126456202076 -0.115720699989
32 100 56 4.257321 -0.193775039135 -0.13654934908 0.499999125217 -0.230268713907 1.53230551597e-06 -0.12645622223 -0.115737798163
32.1 100 55 2.74687 -0.193358858589 -0.136087085634 0.499999156421 -0.230268773094 1.58916974353e-06 -0.126456244639 -0.115754186767
32.2 100 57 3.492586 -0.192943003971 -0.135629874253 0.499999188574 -0.230268838189 1.62476915243e-06 -0.126456269205 -0.115769896825
32.3 100 55 4.256228 -0.192527511374 -0.13517765033 0.499999221224 -0.23026891131 1.63948777471e-06 -0.126456296625 -0.115784958674
32.4 100 55 2.855775 -0.192112406877 -0.134730346172 0.499999253946 -0.230268991496 1.63351316791e-06 -0.126456326581 -0.115799409868
32.5 100 55 3.046136 -0.191697713067 -0.134287898739 0.499999286371 -0.230269078025 1.60626676923e-06 -0.126456358738 -0.115813289061
32.6 100 56 2.80488 -0.191283449766 -0.133850243269 0.499999318091 -0.23026917372 1.56088804473e-06 -0.126456394191 -0.115826639054
32.7 100 55 2.82762 -0.190869631797 -0.133417317996 0.499999348653 -0.230269272534 1.49261073414e-06 -0.126456430835 -0.115839504094
32.8 100 58 3.703052 -0.190456266653 -0.132989063369 0.499999377653 -0.230269377508 1.40458169201e-06 -0.126456469574 -0.115851929502
32.9 100 59 4.40844 -0.190043361507 -0.132565420275 0.499999404687 -0.23026948738 1.29736397177e-06 -0.126456510098 -0.115863963305
33 100 56 2.743936 -0.189630920388 -0.132146337171 0.499999429374 -0.230269604123 1.17148073717e-06 -0.126456552998 -0.115875653747
33.1 100 59 4.245451 -0.189218940766 -0.131731761399 0.499999451384 -0.230269723965 1.02755005297e-06 -0.126456596949 -0.11588705171
33.2 100 57 4.037895 -0.188807418753 -0.131321643613 0.499999470359 -0.230269846239 8.67314257746e-07 -0.126456641732 -0.115898203929
33.3 100 59 3.482181 -0.188396346536 -0.130915941789 0.499999485955 -0.230269973469 6.90700331214e-07 -0.126456688197 -0.115909159806
33.4 100 59 4.348515 -0.187985716918 -0.130514610682 0.499999497858 -0.230270102806 4.97563027363e-07 -0.126456735206 -0.115919966814
33.5 100 58 3.07379 -0.187575518915 -0.130117616618 0.499999505748 -0.230270234127 2.91018835044e-07 -0.126456782795 -0.115930673206
33.6 100 62 2.981717 -0.187165739844 -0.129724927163 0.499999509395 -0.230270367065 7.13388438878e-08 -0.126456830817 -0.115941320116
33.7 100 59 2.790556 -0.186756366213 -0.129336513279 0.499999508537 -0.230270504917 -1.59598898916e-07 -0.12645688078 -0.115951952894
33.8 100 61 2.877319 -0.186347385804 -0.128952349662 0.499999502963 -0.230270648434 -4.00109462825e-07 -0.126456931634 -0.115962611215
33.9 88 61 3.161383 -0.185938783194 -0.128572416409 0.499999492442 -0.230270778377 -6.52806572528e-07 -0.126456978481 -0.115973334817
34 88 59 2.520032 -0.185530541384 -0.128196697576 0.499999476767 -0.230270911193 -9.14358234606e-07 -0.126457026106 -0.115984149597
34.1 90 59 2.993667 -0.185122653993 -0.127825181631 0.499999456192 -0.230271039399 -1.16335877167e-06 -0.126457071072 -0.115995092081
34.2 92 62 3.934597 -0.184715106996 -0.127457859156 0.499999430159 -0.230271159535 -1.43942980904e-06 -0.126457112993 -0.116006187574
34.3 94 58 3.407953 -0.184307889507 -0.127094725819 0.499999398524 -0.230271272778 -1.72066697205e-06 -0.126457151669 -0.116017458671
34.4 96 58 2.80132 -0.18390099295 -0.126735783536 0.499999361251 -0.230271383272 -2.00607013016e-06 -0.126457188722 -0.11602892492
34.5 98 57 2.842889 -0.18349441222 -0.126381031753 0.499999318215 -0.230271485488 -2.29706342725e-06 -0.126457222538 -0.116040600148
34.6 100 57 2.812613 -0.183088142605 -0.126030478282 0.4999992693 -0.230271579821 -2.59143069052e-06 -0.126457252865 -0.116052497084
34.7 100 57 4.027169 -0.18268218399 -0.125684130201 0.499999214496 -0.230271667295 -2.88691720197e-06 -0.126457280257 -0.116064622058
34.8 100 59 2.866987 -0.182276536907 -0.125341998318 0.49999915376 -0.230271746623 -3.18272828116e-06 -0.126457304147 -0.116076976318
34.9 100 58 2.878747 -0.181871207426 -0.125004095077 0.499999087104 -0.230271818526 -3.47902003307e-06 -0.126457324818 -0.116089557634
35 100 58 3.537108 -0.181466203471 -0.124670433844 0.499999014536 -0.230271881852 -3.77316442004e-06 -0.126457341799 -0.116102360749
35.1 100 58 2.941051 -0.181061538657 -0.124341032833 0.499998936108 -0.230271937366 -4.06457254369e-06 -0.126457355525 -0.116115375186
35.2 100 60 4.03419 -0.180657228209 -0.124015908416 0.499998851873 -0.230271983925 -4.35288226645e-06 -0.126457365323 -0.116128587831
35.3 100 59 4.786477 -0.180253291346 -0.123695074431 0.499998761927 -0.23027202089 -4.63497099432e-06 -0.126457371184 -0.116141981772
35.4 100 58 2.95345 -0.179849752343 -0.123378550837 0.499998666365 -0.23027205023 -4.91215821753e-06 -0.12645737353 -0.116155536244
35.5 100 59 3.326057 -0.179446638563 -0.123066353954 0.499998565361 -0.230272071416 -5.18166634916e-06 -0.126457372455 -0.116169225818
35.6 100 56 3.853933 -0.179043979845 -0.122758500558 0.499998459043 -0.230272081942 -5.44212208967e-06 -0.126457366947 -0.116183023439
35.7 100 54 2.738373 -0.178641811134 -0.122455005903 0.499998347606 -0.230272084616 -5.69436223401e-06 -0.126457357858 -0.116196902076
35.8 100 60 2.885894 -0.178240169798 -0.122155881788 0.499998231167 -0.230272080103 -5.93818093649e-06 -0.126457345608 -0.116210831035
35.9 86 63 3.225584 -0.177839097511 -0.121861143132 0.499998109971 -0.230272068475 -6.17062491176e-06 -0.12645733027 -0.11622477829
36 88 59 2.494612 -0.177438635405 -0.121570801028 0.499997984408 -0.230272057807 -6.38081948e-06 -0.126457314475 -0.11623871071
36.1 90 59 2.909075 -0.177038837596 -0.121284853289 0.499997854626 -0.230272024507 -6.58629548871e-06 -0.126457293341 -0.116252583373
36.2 92 58 3.959831 -0.17663974724 -0.121003315022 0.499997720806 -0.23027199228 -6.78014746153e-06 -0.126457265812 -0.116266360784
36.3 94 59 4.61213 -0.176241418292 -0.120726185485 0.499997583255 -0.230271955943 -6.95860143567e-06 -0.126457239273 -0.116280012546
36.4 96 59 2.972279 -0.175843905356 -0.120453462239 0.499997442217 -0.230271915852 -7.12465640346e-06 -0.126457211242 -0.116293504314
36.5 98 61 2.780016 -0.175447263286 -0.120185140746 0.49999729795 -0.230271873298 -7.27885031437e-06 -0.126457181513 -0.116306795897
36.6 100 60 4.103446 -0.175051549446 -0.119921213297 0.499997150764 -0.230271825063 -7.41576570759e-06 -0.126457149351 -0.116319843976
36.7 100 59 2.908922 -0.174656820599 -0.119661668191 0.499997001083 -0.230271774806 -7.53056995469e-06 -0.126457115861 -0.11633262629
36.8 100 59 3.142012 -0.174263134923 -0.119406489196 0.499996849288 -0.230271723523 -7.62774362185e-06 -0.126457081506 -0.116345100985
36.9 100 60 2.87761 -0.173870551669 -0.119155657802 0.499996695735 -0.230271676723 -7.70610184286e-06 -0.126457048465 -0.116357245911
37 100 61 5.062144 -0.173479127627 -0.118909150442 0.49999654077 -0.230271628058 -7.7667301196e-06 -0.126457014577 -0.116369026221
37.1 100 61 3.076559 -0.173088923217 -0.118666941054 0.499996384731 -0.230271583007 -7.80834971886e-06 -0.126456981653 -0.116380417129
37.2 100 61 3.553658 -0.172699993481 -0.118428997908 0.49999622819 -0.230271548932 -7.82417267142e-06 -0.126456952362 -0.116391395212
37.3 100 59 3.178522 -0.172312394772 -0.118195285273 0.49999607155 -0.230271508898 -7.81873473348e-06 -0.126456921674 -0.116401940214
37.4 100 61 2.825981 -0.171926180393 -0.117965768248 0.499995915094 -0.230271471952 -7.79942046975e-06 -0.126456890635 -0.116412030012
37.5 100 58 2.810503 -0.171541403247 -0.117740405313 0.499995759224 -0.23027144403 -7.75968820999e-06 -0.126456863145 -0.116421647098
37.6 100 59 3.040695 -0.17115811227 -0.117519151297 0.499995604341 -0.23027142299 -7.69928985662e-06 -0.126456838109 -0.116430786214
37.7 100 62 2.931059 -0.17077635557 -0.117301961133 0.499995450817 -0.230271411136 -7.62105076915e-06 -0.126456816442 -0.116439438474
37.8 100 63 5.298002 -0.170396177513 -0.117088784624 0.499995298904 -0.230271405073 -7.52952757438e-06 -0.126456797021 -0.116447591139
37.9 100 61 2.884871 -0.170017619416 -0.11687957076 0.499995149142 -0.23027140446 -7.41092052992e-06 -0.126456778858 -0.116455253898
38 100 60 3.264421 -0.169640719277 -0.116674264793 0.499995001547 -0.2302714149 -7.29339246558e-06 -0.126456766625 -0.116462420741
38.1 100 63 3.447295 -0.169265511844 -0.116472812088 0.499994856496 -0.230271430812 -7.15527869766e-06 -0.126456756992 -0.116469097132
38.2 100 59 2.863005 -0.168892029903 -0.116275155143 0.499994714364 -0.230271452048 -6.99932804808e-06 -0.126456747796 -0.116475292207
38.3 100 60 3.317538 -0.168520299491 -0.116081236384 0.499994575393 -0.230271476814 -6.83063656159e-06 -0.126456738508 -0.116481017912
38.4 100 59 2.947343 -0.168150345713 -0.115890997858 0.499994439918 -0.230271505006 -6.6456979927e-06 -0.126456734348 -0.116486290555
38.5 100 59 3.195424 -0.167782188456 -0.115704377956 0.499994308286 -0.230271537026 -6.44290028479e-06 -0.126456730268 -0.116491126443
38.6 100 58 2.751689 -0.167415844709 -0.115521322003 0.499994180847 -0.230271573889 -6.22358065086e-06 -0.126456728308 -0.116495547537
38.7 100 61 3.24305 -0.167051326278 -0.115341768961 0.499994057978 -0.230271614353 -5.98372942118e-06 -0.126456727032 -0.11649957645
38.8 100 62 3.732185 -0.166688640831 -0.11516566022 0.499993940022 -0.23027165818 -5.72666433683e-06 -0.126456728373 -0.116503235948
38.9 100 60 3.329208 -0.166327798199 -0.114992942572 0.49999382807 -0.230271716208 -5.41713128576e-06 -0.126456733153 -0.116506555042
39 100 58 2.882033 -0.165968798228 -0.114823558967 0.499993721646 -0.230271774269 -5.13072416424e-06 -0.126456738899 -0.116509561161
39.1 100 63 5.106662 -0.165611639581 -0.114657454671 0.499993621272 -0.230271838825 -4.81850192319e-06 -0.126456747576 -0.11651228635
39.2 100 59 3.030142 -0.16525631818 -0.114494580135 0.499993528238 -0.230271915224 -4.44189433812e-06 -0.126456758892 -0.116514763001
39.3 100 60 3.609416 -0.164902826681 -0.114334884609 0.499993442017 -0.230272001606 -4.09470997102e-06 -0.126456776589 -0.116517022527
39.4 100 59 2.91689 -0.16455115544 -0.114178321269 0.499993363843 -0.230272096603 -3.68378661866e-06 -0.126456796998 -0.116519100427
39.5 100 59 3.054954 -0.164201292669 -0.114024846247 0.499993293617 -0.230272200866 -3.28071018474e-06 -0.126456822402 -0.116521023034
39.6 100 61 3.183225 -0.163853223554 -0.113874417615 0.499993232193 -0.230272319694 -2.83499437446e-06 -0.126456852427 -0.116522827679
39.7 100 63 4.87368 -0.163506931912 -0.113726996485 0.499993179919 -0.230272448392 -2.37337403308e-06 -0.126456886755 -0.11652454125
39.8 100 61 3.223069 -0.163162402495 -0.113582548887 0.499993136935 -0.230272592732 -1.90424887291e-06 -0.126456927226 -0.116526205061
39.9 100 61 3.166621 -0.162819616037 -0.113441041026 0.499993103416 -0.230272749701 -1.43075428236e-06 -0.126456972469 -0.116527844158
40 100 59 3.157411 -0.162478553651 -0.113302445067 0.499993079345 -0.230272917694 -9.56842585657e-07 -0.126457022712 -0.116529488038
40.1 100 58 3.019691 -0.162139195349 -0.113166734862 0.499993064833 -0.230273099071 -4.80876393594e-07 -0.126457078101 -0.116531163573
40.2 100 59 3.519744 -0.161801522229 -0.113033888439 0.499993059814 -0.230273289527 -8.05006693944e-09 -0.126457137452 -0.116532897284
40.3 100 63 3.10309 -0.161465514763 -0.1129038869 0.499993064122 -0.230273486066 4.54587836152e-07 -0.126457199705 -0.116534715821
40.4 100 60 3.058979 -0.161131153943 -0.112776715666 0.499993077688 -0.230273693675 9.11896574904e-07 -0.126457266312 -0.116536632881
40.5 100 60 3.089921 -0.160798422158 -0.112652360537 0.49999310034 -0.230273906378 1.35957444766e-06 -0.126457335154 -0.11653867429
40.6 100 63 3.634501 -0.160467303078 -0.112530812878 0.4999931318 -0.230274123911 1.7915801444e-06 -0.126457406126 -0.116540854143
40.7 100 60 3.027939 -0.160137780805 -0.112412065537 0.499993171762 -0.230274342877 2.20802636083e-06 -0.126457478155 -0.116543185327
40.8 100 61 3.100993 -0.15980984194 -0.112296114413 0.499993219881 -0.230274565356 2.60498905107e-06 -0.126457551806 -0.116545679585
40.9 100 62 3.157882 -0.159483474464 -0.112182957674 0.499993275682 -0.2302747846 2.97748620628e-06 -0.126457624787 -0.116548345314
41 100 61 5.581557 -0.159158668077 -0.112072597168 0.499993338695 -0.230275003313 3.32599909817e-06 -0.126457697905 -0.116551186507
41.1 100 62 2.990221 -0.158835417903 -0.111965032295 0.499993408439 -0.23027521685 3.64946394588e-06 -0.126457769538 -0.116554206116
41.2 100 62 3.621225 -0.158513718171 -0.111860268949 0.499993484411 -0.230275424644 3.94480389925e-06 -0.126457839366 -0.116557402072
41.3 100 61 3.085561 -0.158193567352 -0.111758313155 0.499993565991 -0.230275624371 4.21071167275e-06 -0.126457906537 -0.116560774331
41.4 100 60 3.016495 -0.157874967537 -0.111659169968 0.499993652611 -0.230275812761 4.44554922697e-06 -0.12645796977 -0.116564314215
41.5 100 63 3.205368 -0.157557920211 -0.111562848991 0.499993743575 -0.230275990595 4.64566497418e-06 -0.126458029495 -0.116568012101
41.6 100 61 3.143595 -0.157242433537 -0.111469355873 0.499993838227 -0.230276156556 4.81273949679e-06 -0.126458085119 -0.116571856089
41.7 100 60 3.40987 -0.156928516873 -0.111378699847 0.499993935884 -0.230276306374 4.94497537534e-06 -0.126458134926 -0.116575832802
41.8 100 60 3.206048 -0.156616183399 -0.111290888072 0.499994035831 -0.230276442695 5.04161748865e-06 -0.126458179938 -0.116579927037
41.9 100 68 3.095025 -0.156305449299 -0.111205929788 0.499994137349 -0.23027656142 5.10229843581e-06 -0.126458218556 -0.116584120115
42 100 64 5.819341 -0.155996330748 -0.111123830735 0.499994239825 -0.230276659278 5.1320123137e-06 -0.126458250147 -0.116588393109
42.1 100 62 2.979706 -0.155688850832 -0.111044594323 0.499994342341 -0.230276738937 5.11761077772e-06 -0.126458274164 -0.116592721353
42.2 100 63 3.668929 -0.155383032127 -0.110968227836 0.499994444359 -0.230276797789 5.07291579516e-06 -0.126458291124 -0.116597088844
42.3 100 63 3.724999 -0.155078902396 -0.110894732477 0.499994545103 -0.23027683355 4.9922405628e-06 -0.126458299603 -0.116601465492
42.4 100 61 3.044178 -0.154776487094 -0.110824109342 0.499994643959 -0.230276847462 4.88120522144e-06 -0.126458300222 -0.116605828333
42.5 100 63 3.075046 -0.154475817556 -0.11075635784 0.499994740259 -0.230276837293 4.73723974644e-06 -0.126458291284 -0.116610151593
42.6 100 68 3.485074 -0.154176928693 -0.11069147569 0.499994833339 -0.230276804164 4.5607756039e-06 -0.126458274215 -0.116614408919
42.7 100 61 2.907086 -0.153879849171 -0.110629456226 0.499994922674 -0.230276744077 4.3601853368e-06 -0.126458247034 -0.116618577078
42.8 100 67 3.716677 -0.153584618098 -0.11057029164 0.499995007781 -0.230276657721 4.13497696064e-06 -0.126458210261 -0.116622630567
42.9 100 61 3.243083 -0.153291270084 -0.110513970288 0.49999508807 -0.230276553107 3.88222161802e-06 -0.12645816653 -0.11662654234
43 100 63 3.2796 -0.152999842529 -0.110460478448 0.499995163123 -0.230276419569 3.60939921538e-06 -0.126458112184 -0.116630288681
43.1 100 68 3.290865 -0.152710372273 -0.110409800608 0.499995232434 -0.230276265909 3.31339281565e-06 -0.12645805002 -0.116633847378
43.2 100 62 3.327073 -0.152422896211 -0.110361916067 0.499995295668 -0.230276085861 3.00160158621e-06 -0.126457977776 -0.116637196245
43.3 100 62 3.03797 -0.152137453236 -0.110316802779 0.499995352541 -0.230275882073 2.67614804987e-06 -0.126457896627 -0.11664031436
43.4 100 63 4.33277 -0.151854077425 -0.110274437376 0.499995402665 -0.230275659354 2.33420328088e-06 -0.12645780793 -0.116643184192
43.5 100 64 3.071389 -0.151572807901 -0.110234788697 0.49999544601 -0.230275417473 1.99213353828e-06 -0.126457712333 -0.116645788286
43.6 100 62 3.067722 -0.151293677977 -0.110197827717 0.499995482353 -0.23027515427 1.63932224856e-06 -0.126457608005 -0.116648111642
43.7 100 66 3.309421 -0.151016722951 -0.110163520497 0.499995511592 -0.230274873024 1.28321781616e-06 -0.126457496701 -0.116650140544
43.8 100 65 3.678163 -0.150741973023 -0.110131831357 0.499995533691 -0.23027457568 9.27304153159e-07 -0.12645737903 -0.116651863584
43.9 100 63 3.724357 -0.150469459471 -0.110102722321 0.499995548718 -0.230274262382 5.7591814407e-07 -0.126457255084 -0.116653272902
44 100 69 5.392413 -0.150199211093 -0.110076153095 0.49999555679 -0.230273936276 2.31399388179e-07 -0.126457126246 -0.116654362723
44.1 100 63 3.331551 -0.149931254362 -0.110052081377 0.499995557983 -0.230273598206 -1.06904819851e-07 -0.126456992668 -0.116655131649
44.2 100 64 3.043028 -0.149665612956 -0.110030462629 0.499995552508 -0.230273251195 -4.3462688272e-07 -0.126456855338 -0.116655572223
44.3 100 64 3.027528 -0.149402308836 -0.110011250924 0.499995540617 -0.230272897097 -7.48003255828e-07 -0.126456715037 -0.116655690558
44.4 100 66 3.209871 -0.149141361022 -0.109994399764 0.499995522576 -0.230272538866 -1.04686687775e-06 -0.126456572823 -0.116655487954
44.5 100 64 3.810627 -0.148882782708 -0.109979861416 0.499995498744 -0.230272175415 -1.32750738777e-06 -0.126456428574 -0.116654973347
44.6 100 64 3.406131 -0.148626590492 -0.109967586741 0.499995469489 -0.230271810333 -1.58735587823e-06 -0.126456283535 -0.116654152372
44.7 100 65 3.779694 -0.148372792872 -0.109957526573 0.499995435238 -0.230271446366 -1.82618983963e-06 -0.126456138495 -0.116653037173
44.8 100 63 3.299927 -0.148121395357 -0.109949632696 0.499995396418 -0.230271087064 -2.04253560458e-06 -0.126455995061 -0.116651638904
44.9 100 72 6.154323 -0.147872405018 -0.109943854485 0.49999535356 -0.230270731408 -2.23224205355e-06 -0.126455852999 -0.116649973277
45 100 64 3.411587 -0.147625820103 -0.109940143995 0.49999530717 -0.23027038057 -2.3959413478e-06 -0.126455712299 -0.116648053193
45.1 100 68 3.193084 -0.147381641221 -0.1099384517 0.499995257738 -0.230270040702 -2.5337635945e-06 -0.126455575826 -0.116645898912
45.2 100 66 6.097667 -0.147139862189 -0.109938733305 0.499995205807 -0.230269713362 -2.64483400307e-06 -0.12645544379 -0.116643529653
45.3 100 67 3.959639 -0.146900475394 -0.109940938321 0.499995151906 -0.230269398368 -2.72848781526e-06 -0.126455316537 -0.116640965265
45.4 100 70 3.400859 -0.146663473494 -0.10994502509 0.499995096611 -0.230269098093 -2.78547389719e-06 -0.126455194704 -0.116638233908
45.5 100 66 3.336964 -0.146428841973 -0.109950949177 0.499995040464 -0.230268814793 -2.81425300982e-06 -0.126455079144 -0.116635344282
45.6 100 73 3.541414 -0.146196567532 -0.109958670277 0.499994984009 -0.230268549998 -2.81636793948e-06 -0.12645497067 -0.11663232678
45.7 100 65 3.242576 -0.145966633605 -0.109968148103 0.499994927763 -0.230268304326 -2.79219718051e-06 -0.126454869396 -0.116629203373
45.8 100 72 3.545657 -0.145739023739 -0.10997934663 0.499994872281 -0.230268080036 -2.74108440847e-06 -0.126454776304 -0.116625998891
45.9 100 67 3.590983 -0.145513713564 -0.109992231912 0.499994818081 -0.230267878297 -2.66366396729e-06 -0.126454691741 -0.116622736205
46 100 65 3.198915 -0.145290685171 -0.110006769748 0.499994765679 -0.230267700193 -2.56271627519e-06 -0.126454616233 -0.116619437431
46.1 100 63 3.945086 -0.145069913799 -0.110022932627 0.499994715536 -0.230267545906 -2.43807551583e-06 -0.126454549944 -0.116616125168
46.2 100 66 5.324817 -0.144851379577 -0.110040693201 0.499994668088 -0.230267417517 -2.29202447544e-06 -0.126454493679 -0.116612819315
46.3 100 63 3.331648 -0.144635055725 -0.110060025977 0.499994623762 -0.230267313674 -2.12494475959e-06 -0.126454446999 -0.116609541955
46.4 80 66 3.417736 -0.144420919238 -0.110080909799 0.499994582996 -0.230267237972 -1.93758964151e-06 -0.126454410935 -0.116606314723
46.5 82 62 2.434845 -0.144208946234 -0.110103326168 0.499994546202 -0.23026719026 -1.73045013015e-06 -0.126454385822 -0.11660315437
46.6 84 64 2.580082 -0.143999111947 -0.11012725877 0.499994513736 -0.230267168202 -1.50592671083e-06 -0.12645437068 -0.116600076024
46.7 86 64 4.027318 -0.143791393704 -0.110152694951 0.49999448591 -0.230267174407 -1.26611965424e-06 -0.126454366605 -0.116597096323
46.8 88 65 3.576029 -0.143585768312 -0.110179622596 0.499994463037 -0.230267206432 -1.01047699871e-06 -0.126454372785 -0.116594226011
46.9 90 67 4.093247 -0.143382215748 -0.110208033221 0.499994445391 -0.23026726429 -7.44463307945e-07 -0.126454388912 -0.116591476997
47 92 65 2.938801 -0.143180713 -0.110237922171 0.499994433186 -0.230267347913 -4.66502798089e-07 -0.126454415591 -0.116588860765
47.1 94 64 3.421253 -0.142981240746 -0.110269284828 0.499994426655 -0.230267455935 -1.79112261509e-07 -0.126454451746 -0.116586382837
47.2 96 63 2.899928 -0.142783784204 -0.110302118693 0.499994425944 -0.230267589295 1.15915866176e-07 -0.126454498172 -0.116584049154
47.3 98 63 3.966176 -0.142588324533 -0.11033642469 0.49999443124 -0.230267745913 4.18436193816e-07 -0.126454553901 -0.116581860803
47.4 100 67 3.256106 -0.142394850952 -0.110372202416 0.499994442623 -0.230267924576 7.25610662174e-07 -0.126454618723 -0.116579820758
47.5 100 64 3.466125 -0.142203351484 -0.110409455111 0.499994460227 -0.230268123998 1.03802274958e-06 -0.126454691711 -0.116577927227
47.6 100 65 3.322639 -0.142013815159 -0.110448187713 0.499994484101 -0.230268341324 1.35188672353e-06 -0.126454772186 -0.116576176412
47.7 100 66 3.191807 -0.141826236056 -0.110488403729 0.499994514272 -0.2302685772 1.66712803604e-06 -0.126454860609 -0.116574561929
47.8 100 67 3.451361 -0.141640609756 -0.110530109555 0.499994550756 -0.230268828184 1.98205977033e-06 -0.126454955284 -0.116573078689
47.9 100 67 3.453052 -0.141456933485 -0.110573311409 0.499994593534 -0.230269092618 2.29624976326e-06 -0.126455055836 -0.116571716018
48 100 67 3.345416 -0.141275207455 -0.110618014264 0.499994642602 -0.230269369595 2.6090457434e-06 -0.126455161829 -0.116570463656
48.1 100 82 3.652034 -0.141095433861 -0.110664224718 0.499994697883 -0.230269654762 2.9179024231e-06 -0.126455271761 -0.116569309074
48.2 100 64 3.161996 -0.140917618431 -0.110711948587 0.499994759318 -0.230269948235 3.22280649817e-06 -0.126455385765 -0.116568238833
48.3 100 68 3.388884 -0.140741768658 -0.110761190434 0.499994826784 -0.230270249602 3.52064013305e-06 -0.126455503631 -0.116567237881
48.4 98 77 3.417583 -0.140567891699 -0.110811954922 0.49999490014 -0.230270555132 3.81105147081e-06 -0.126455623911 -0.116566288679
48.5 100 69 3.443059 -0.140396000635 -0.110864246147 0.499994979198 -0.230270861545 4.09355223847e-06 -0.126455745414 -0.116565375352
48.6 100 72 3.787732 -0.140226109705 -0.11091806722 0.49999506386 -0.230271168715 4.3668678202e-06 -0.126455868062 -0.116564479458
48.7 100 67 3.108928 -0.140058232886 -0.110973413612 0.499995153882 -0.230271474786 4.62983206979e-06 -0.126455991272 -0.11656358285
48.8 100 69 3.139156 -0.139892388411 -0.111030287717 0.499995249077 -0.230271776878 4.88312407959e-06 -0.126456113936 -0.116562667134
48.9 100 70 6.450402 -0.139728595075 -0.111088687624 0.499995349227 -0.230272072125 5.12567949991e-06 -0.126456234807 -0.116561713435
49 100 69 5.860712 -0.139566872251 -0.111148604138 0.499995454112 -0.230272359845 5.35683859045e-06 -0.126456353837 -0.1165607018
49.1 100 67 3.597615 -0.139407240865 -0.111210035809 0.499995563472 -0.230272637113 5.57451891867e-06 -0.126456469844 -0.116559614136
49.2 100 66 3.147595 -0.139249723579 -0.111272972552 0.499995677067 -0.230272904476 5.78056790557e-06 -0.12645658286 -0.116558433566
49.3 100 73 3.670958 -0.13909434189 -0.111337401986 0.499995794655 -0.230273159678 5.97299312074e-06 -0.126456692298 -0.116557141147
49.4 100 66 3.261782 -0.1389411194 -0.111403310689 0.499995916009 -0.230273398804 6.15531291782e-06 -0.126456796293 -0.11655572084
49.5 100 66 3.701473 -0.138790079591 -0.111470683981 0.499996040899 -0.230273623354 6.32503204524e-06 -0.126456895666 -0.116554157498
49.6 100 64 3.199554 -0.13864124501 -0.111539502837 0.499996169004 -0.230273833421 6.48007113508e-06 -0.126456990435 -0.116552434715
49.7 100 69 5.547769 -0.138494638789 -0.111609747211 0.499996300115 -0.230274024637 6.62333707286e-06 -0.12645707869 -0.116550540366
49.8 100 67 3.804828 -0.138350281641 -0.111681394415 0.499996433913 -0.230274196237 6.75214678415e-06 -0.126457160379 -0.116548462912
49.9 100 70 3.899095 -0.138208196665 -0.111754420593 0.499996570143 -0.230274350556 6.86690582511e-06 -0.126457235824 -0.116546189856
50 100 65 3.283337 -0.13806840494 -0.111828797674 0.499996708566 -0.230274485217 6.97031979672e-06 -0.126457304723 -0.116543715667
