# SIAM impurity greater Green function, spin-symmetric FBR
# L=500 U=0.1 V=0.1 dt=0.1 tmax=250 E_gs=-158.24610064
# t  n_active  bond_dim  wall_s  ReG00  ImG00  n0  ReC0n  ImC0n  E_psi0  E_B
0 28 59 0.57951 0 -0.499999999444 0.500000002067 -0.215328394494 0 -1000 -1000
0.1 32 45 1.801914 -0.00323609490463 -0.499968734336 0.500000002113 -0.215328502268 2.60136622746e-10 -0.121960176105 -0.05723685945
0.2 36 39 2.19824 -0.00646974340472 -0.499875007369 0.500000002159 -0.215328771139 4.29787296892e-09 -0.12196025085 -0.0572796848836
0.3 34 39 1.916428 -0.00969850766108 -0.499719025653 0.500000002449 -0.215329199025 2.05973521546e-08 -0.121960387914 -0.0573651798595
0.4 38 42 2.243319 -0.0129199675045 -0.499501132986 0.500000003285 -0.215329774739 5.24679878285e-08 -0.12196058304 -0.0574930503791
0.5 42 39 2.343481 -0.0161317318841 -0.499221807965 0.500000004936 -0.215330485146 9.61283705633e-08 -0.121960831666 -0.0576628557891
0.6 44 39 2.435961 -0.0193314437705 -0.498881662474 0.500000007525 -0.215331327126 1.44862756494e-07 -0.121961131067 -0.0578740103959
0.7 42 40 2.50975 -0.0225167933707 -0.498481437956 0.500000011018 -0.215332292266 1.90314687501e-07 -0.121961479484 -0.0581257874492
0.8 46 41 2.450665 -0.0256855239984 -0.498022002084 0.500000015349 -0.215333382667 2.31072529156e-07 -0.12196187757 -0.0584173213122
0.9 50 40 2.586407 -0.0288354405225 -0.497504344558 0.500000020425 -0.215334592866 2.66566455081e-07 -0.121962323494 -0.0587476145842
1 54 39 2.687962 -0.0319644171493 -0.496929572368 0.500000026134 -0.215335914297 2.95867810108e-07 -0.121962814078 -0.0591155430457
1.1 58 40 2.815859 -0.0350704053851 -0.496298904181 0.500000032335 -0.215337336962 3.17553349031e-07 -0.121963345578 -0.0595198599157
1.2 58 40 2.970339 -0.0381514402786 -0.495613664868 0.5000000389 -0.21533885325 3.32206380949e-07 -0.121963915134 -0.0599592023786
1.3 56 41 2.979885 -0.0412056474805 -0.49487527889 0.50000004568 -0.21534045285 3.39217907591e-07 -0.121964518842 -0.0604320987402
1.4 60 42 2.95643 -0.0442312490152 -0.494085263662 0.500000052516 -0.215342125992 3.37594258175e-07 -0.121965153101 -0.0609369756722
1.5 62 43 3.086461 -0.0472265687129 -0.493245222456 0.50000005923 -0.215343862008 3.27543624678e-07 -0.121965813655 -0.0614721659314
1.6 64 43 3.165076 -0.0501900374581 -0.492356836681 0.500000065658 -0.215345649792 3.08817758909e-07 -0.121966496306 -0.0620359166742
1.7 68 42 3.342638 -0.053120197106 -0.491421858185 0.500000071605 -0.215347478727 2.8116815104e-07 -0.121967196932 -0.0626263981425
1.8 72 43 3.592134 -0.0560157044327 -0.490442101206 0.500000076906 -0.215349337784 2.44787487621e-07 -0.121967911333 -0.0632417126764
1.9 76 44 3.634985 -0.0588753340994 -0.489419434046 0.500000081395 -0.215351215641 1.99709960884e-07 -0.12196863506 -0.0638799039403
2 78 44 3.716308 -0.0616979814502 -0.488355770591 0.500000084901 -0.215353100838 1.45713149352e-07 -0.121969363664 -0.0645389663668
2.1 82 45 4.2152 -0.0644826639908 -0.487253061759 0.500000087243 -0.215354982678 8.37980826401e-08 -0.121970092971 -0.0652168551016
2.2 86 43 3.829358 -0.0672285224366 -0.486113287145 0.500000088242 -0.215356850152 1.41721332606e-08 -0.12197081864 -0.0659114949617
2.3 90 43 4.343653 -0.0699348221646 -0.484938445586 0.500000087789 -0.215358692486 -6.32687051044e-08 -0.121971536395 -0.0666207904118
2.4 94 43 4.330702 -0.072600951732 -0.483730547513 0.500000085727 -0.215360499032 -1.46528524653e-07 -0.121972242099 -0.0673426384388
2.5 98 47 4.792405 -0.0752264234132 -0.482491606119 0.500000081942 -0.215362260645 -2.35919043894e-07 -0.121972932002 -0.0680749325793
2.6 100 48 4.796153 -0.0778108711248 -0.481223628742 0.500000076297 -0.21536396667 -3.30215026261e-07 -0.121973602041 -0.0688155780674
2.7 104 47 5.071483 -0.0803540484706 -0.479928608825 0.500000068729 -0.215365609064 -4.28767837591e-07 -0.121974248887 -0.0695624980712
2.8 106 44 5.200544 -0.0828558269262 -0.478608518215 0.500000059148 -0.215367178872 -5.30560732925e-07 -0.121974868886 -0.0703136442905
2.9 110 49 6.593977 -0.0853161920421 -0.477265299121 0.5000000475 -0.215368668386 -6.34342744831e-07 -0.121975459037 -0.071067006317
3 114 46 5.428706 -0.0877352392689 -0.475900857225 0.500000033724 -0.215370070441 -7.39353906297e-07 -0.121976016365 -0.0718206198397
3.1 118 50 6.499446 -0.0901131717893 -0.474517053475 0.500000017874 -0.215371378442 -8.44842892504e-07 -0.121976538168 -0.0725725735169
3.2 122 48 6.906002 -0.0924502940823 -0.473115699555 0.499999999923 -0.215372586741 -9.49042487417e-07 -0.121977022219 -0.0733210206261
3.3 126 51 6.441159 -0.0947470071213 -0.471698549886 0.499999979896 -0.215373690401 -1.0512717388e-06 -0.121977466396 -0.0740641827756
3.4 110 46 8.02662 -0.0970038041039 -0.470267296613 0.49999995786 -0.215374685437 -1.15102358176e-06 -0.121977868963 -0.0748003591953
3.5 114 51 5.851811 -0.0992212635784 -0.468823563756 0.499999933857 -0.215375568332 -1.24658885506e-06 -0.121978228412 -0.0755279322791
3.6 118 52 7.422927 -0.10140004362 -0.467368903674 0.49999990799 -0.215376336615 -1.33703980031e-06 -0.121978543765 -0.0762453749045
3.7 122 49 7.873592 -0.103540874936 -0.46590479182 0.499999880344 -0.215376987372 -1.42152298984e-06 -0.121978813722 -0.0769512530769
3.8 126 50 8.222856 -0.105644555814 -0.464432622965 0.499999851072 -0.215377522511 -1.49904751827e-06 -0.121979038793 -0.0776442335083
3.9 130 50 8.080628 -0.10771194315 -0.462953708841 0.499999820328 -0.215377939591 -1.56878839052e-06 -0.121979218037 -0.0783230868901
4 134 49 8.085457 -0.109743947542 -0.46146927479 0.499999788219 -0.215378241083 -1.63255259629e-06 -0.121979352377 -0.0789866892315
4.1 138 51 7.252362 -0.11174152515 -0.459980457606 0.499999754986 -0.215378425786 -1.68668674933e-06 -0.121979440709 -0.0796340283513
4.2 112 49 7.268829 -0.11370567043 -0.458488305175 0.499999720761 -0.215378499345 -1.73092709424e-06 -0.121979485621 -0.0802642036492
4.3 116 50 6.096807 -0.115637409905 -0.456993774113 0.499999685739 -0.215378462435 -1.76587415314e-06 -0.121979487131 -0.0808764278588
4.4 120 52 6.536277 -0.117537794085 -0.455497731347 0.499999650135 -0.215378319243 -1.78943630602e-06 -0.121979446858 -0.0814700280519
4.5 124 51 6.758425 -0.119407892016 -0.454000951572 0.499999614135 -0.215378074953 -1.80352967212e-06 -0.121979366593 -0.0820444459142
4.6 128 54 6.765446 -0.121248782351 -0.452504120127 0.499999577985 -0.215377732284 -1.80578071018e-06 -0.121979247368 -0.0825992381235
4.7 132 53 7.300036 -0.123061548495 -0.451007834136 0.499999541905 -0.215377299039 -1.79692103407e-06 -0.121979092155 -0.0831340736619
4.8 136 50 7.243463 -0.124847271058 -0.44951260265 0.499999506098 -0.215376779656 -1.77704249887e-06 -0.121978902651 -0.0836487323506
4.9 138 53 6.890853 -0.126607022199 -0.448018849966 0.499999470799 -0.215376180477 -1.74649104875e-06 -0.121978681156 -0.0841431041117
5 142 53 9.021124 -0.128341859237 -0.4465269183 0.499999436232 -0.215375508635 -1.70456904496e-06 -0.12197843045 -0.0846171837193
5.1 146 54 7.274349 -0.130052819936 -0.445037071295 0.49999940263 -0.215374772266 -1.64914916463e-06 -0.121978153774 -0.0850710676703
5.2 150 54 9.001819 -0.131740915485 -0.443549494971 0.499999370228 -0.215373976156 -1.58455099056e-06 -0.121977852803 -0.0855049540354
5.3 154 53 7.885693 -0.133407127174 -0.442064305544 0.499999339278 -0.215373130109 -1.50609883861e-06 -0.121977531294 -0.0859191313132
5.4 156 54 10.593464 -0.135052400745 -0.440581548996 0.499999309978 -0.21537223994 -1.41874500051e-06 -0.121977191564 -0.0863139798666
5.5 160 55 10.243077 -0.136677642701 -0.439101210358 0.499999282536 -0.215371314536 -1.31922537317e-06 -0.121976837084 -0.0866899619639
5.6 164 55 12.098598 -0.138283716775 -0.437623212403 0.499999257188 -0.215370363632 -1.2085725827e-06 -0.121976471631 -0.0870476185308
5.7 168 55 11.996601 -0.13987144063 -0.436147426381 0.499999234135 -0.215369391799 -1.08664424124e-06 -0.121976096935 -0.0873875634172
5.8 172 56 13.452054 -0.141441581442 -0.434673673432 0.499999213672 -0.21536840782 -9.53420296341e-07 -0.121975716452 -0.0877104757378
5.9 176 52 10.150157 -0.142994856148 -0.433201729945 0.499999195974 -0.215367420886 -8.10043163648e-07 -0.121975333803 -0.0880170933417
6 180 55 10.918838 -0.144531926805 -0.431731333966 0.499999181247 -0.21536643382 -6.5938481688e-07 -0.121974949976 -0.0883082085854
6.1 184 57 11.175885 -0.146053401695 -0.430262191691 0.499999169654 -0.215365455616 -4.98546692717e-07 -0.12197456858 -0.0885846571647
6.2 184 56 12.487497 -0.1475598315 -0.428793978953 0.499999161325 -0.21536449617 -3.31422480756e-07 -0.12197419346 -0.0888473142858
6.3 188 55 12.56794 -0.149051711183 -0.427326349746 0.499999156452 -0.21536355921 -1.54399335739e-07 -0.121973826064 -0.089097087198
6.4 190 55 14.196731 -0.150529477267 -0.425858939194 0.499999155195 -0.215362651063 2.92333097555e-08 -0.121973469129 -0.0893349089565
6.5 194 55 14.44623 -0.151993511545 -0.424391371176 0.499999157649 -0.215361779897 2.18322979792e-07 -0.121973125506 -0.0895617291478
6.6 198 58 20.519041 -0.153444139222 -0.422923261162 0.499999164066 -0.215360945499 4.15348149641e-07 -0.121972795775 -0.0897785093274
6.7 202 57 13.99527 -0.154881630189 -0.421454222316 0.499999174428 -0.215360151003 6.14630114483e-07 -0.121972480356 -0.0899862153159
6.8 206 55 13.506647 -0.156306195822 -0.419983865139 0.49999918899 -0.215359402959 8.27524928164e-07 -0.121972183722 -0.0901858109981
6.9 210 57 13.045857 -0.157718004886 -0.418511813692 0.499999207516 -0.215358714033 1.02629368667e-06 -0.121971907316 -0.0903782496549
7 212 56 23.730774 -0.159117170345 -0.417037699577 0.499999230059 -0.215358079082 1.22657488218e-06 -0.121971651345 -0.0905644741483
7.1 216 56 15.170958 -0.160503761001 -0.415561164905 0.499999256806 -0.215357503111 1.44233123529e-06 -0.121971417178 -0.0907454016477
7.2 220 53 15.145031 -0.161877797824 -0.414081873769 0.49999928779 -0.215356989109 1.64699157905e-06 -0.121971207339 -0.0909219284099
7.3 224 58 22.849325 -0.163239261557 -0.412599510915 0.499999322808 -0.215356539037 1.84854480116e-06 -0.121971021882 -0.0910949180099
7.4 228 58 17.736847 -0.164588095144 -0.411113784925 0.499999361801 -0.215356149438 2.04853299057e-06 -0.12197085986 -0.0912651971987
7.5 232 55 16.626084 -0.165924204743 -0.409624430194 0.499999404785 -0.215355825627 2.2431127165e-06 -0.121970722541 -0.0914335556175
7.6 236 55 23.159037 -0.167247465032 -0.4081312107 0.499999451654 -0.215355565175 2.43246739547e-06 -0.121970609757 -0.0916007349597
7.7 240 56 30.744383 -0.168557724432 -0.40663392385 0.499999502049 -0.215355366868 2.61649625371e-06 -0.121970520893 -0.0917674334437
7.8 244 59 30.464538 -0.169854804771 -0.405132396635 0.499999556114 -0.215355228553 2.79124816445e-06 -0.121970455484 -0.0919342971489
7.9 248 58 19.120572 -0.171138506998 -0.403626490781 0.499999613637 -0.215355150183 2.95601126433e-06 -0.12197041299 -0.0921019197504
8 252 78 61.167181 -0.172408615909 -0.402116105347 0.499999674362 -0.215355132097 3.1092266724e-06 -0.121970393839 -0.0922708372337
8.1 256 56 19.568414 -0.173664903462 -0.400601171108 0.499999738124 -0.215355166076 3.24940062381e-06 -0.12197039474 -0.0924415292521
8.2 258 58 24.952804 -0.1749071292 -0.399081658139 0.499999804727 -0.215355256819 3.3905660149e-06 -0.121970418213 -0.092614428157
8.3 262 58 21.326895 -0.176135050121 -0.397557568526 0.49999987382 -0.215355396147 3.51216772502e-06 -0.121970460811 -0.0927898908
8.4 266 59 35.500385 -0.177348418407 -0.396028943359 0.499999945201 -0.215355580161 3.61783649334e-06 -0.121970520838 -0.0929682228743
8.5 270 61 20.532531 -0.178546989296 -0.394495855147 0.500000018598 -0.215355801606 3.715350235e-06 -0.121970595545 -0.0931496730651
8.6 274 59 22.741612 -0.179730521553 -0.392958408657 0.50000009376 -0.215356065199 3.79297247597e-06 -0.121970686945 -0.0933344317056
8.7 278 64 23.825325 -0.180898779547 -0.391416746429 0.500000170543 -0.215356368867 3.86619661501e-06 -0.121970793898 -0.0935226235313
8.8 280 59 36.636497 -0.182051542049 -0.389871038948 0.500000248599 -0.215356704674 3.92260636282e-06 -0.121970914015 -0.0937143311045
8.9 284 59 41.402538 -0.183188598066 -0.388321482676 0.500000327623 -0.215357059691 3.96969796175e-06 -0.121971042041 -0.093909571932
9 288 63 37.428061 -0.184309752243 -0.386768302642 0.500000407422 -0.215357435422 4.00331728323e-06 -0.121971178664 -0.0941083191787
9.1 292 59 32.478468 -0.185414827961 -0.385211747577 0.500000487712 -0.215357825644 4.01767010083e-06 -0.121971321128 -0.0943104887948
9.2 296 58 25.709117 -0.18650366812 -0.383652091118 0.500000568269 -0.215358230401 4.01685537041e-06 -0.121971470236 -0.0945159570054
9.3 300 60 44.692141 -0.187576140009 -0.382089625142 0.50000064866 -0.215358643024 4.00573981516e-06 -0.121971622091 -0.0947245531854
9.4 304 60 35.437711 -0.188632129388 -0.380524657691 0.50000072834 -0.215359054338 3.98141737206e-06 -0.121971774432 -0.0949360657496
9.5 308 63 40.572205 -0.189671549406 -0.378957512959 0.500000807736 -0.215359473063 3.94449690004e-06 -0.1219719303 -0.0951502508782
9.6 312 62 37.778778 -0.190694338982 -0.377388528419 0.500000886078 -0.215359882124 3.89711300204e-06 -0.121972083162 -0.0953668236201
9.7 316 79 80.093198 -0.19170046421 -0.375818047071 0.500000963463 -0.215360288836 3.82750427148e-06 -0.121972235847 -0.095585481564
9.8 320 67 67.553055 -0.192689915033 -0.374246418919 0.50000103945 -0.21536068891 3.75152010333e-06 -0.121972386103 -0.0958058753029
9.9 324 61 38.196544 -0.193662709384 -0.372674000068 0.500001114031 -0.215361068193 3.66280630612e-06 -0.121972529025 -0.0960276545891
10 328 63 69.209703 -0.194618892367 -0.371101142966 0.500001186184 -0.215361428708 3.56248079448e-06 -0.121972665369 -0.0962504462866
10.1 332 60 36.382137 -0.195558531769 -0.369528195912 0.500001256745 -0.215361755139 3.47942716745e-06 -0.121972790661 -0.0964738682289
10.2 336 63 43.552935 -0.196481722639 -0.367955518689 0.500001325911 -0.215362070032 3.40052261654e-06 -0.121972912174 -0.0966975158971
10.3 340 62 66.3946 -0.197388590065 -0.366383452703 0.500001393068 -0.215362360172 3.30536747982e-06 -0.121973025125 -0.0969209864102
10.4 344 61 63.15833 -0.198279281048 -0.36481233247 0.500001458236 -0.215362619569 3.19643382751e-06 -0.121973126614 -0.0971438756988
10.5 348 64 54.639682 -0.199153961309 -0.363242478836 0.500001520956 -0.215362840886 3.07840056575e-06 -0.121973214167 -0.0973657851824
10.6 352 60 39.209552 -0.200012819955 -0.36167419701 0.500001581407 -0.215363032455 2.95896194293e-06 -0.121973291122 -0.0975863191015
10.7 356 71 73.277199 -0.200856066755 -0.360107782837 0.500001639433 -0.215363194025 2.82712150957e-06 -0.121973356973 -0.0978050865763
10.8 360 78 49.942021 -0.201683927633 -0.358543515688 0.500001694776 -0.215363320138 2.68241871038e-06 -0.121973409377 -0.0980217160041
10.9 364 59 80.228912 -0.202496648298 -0.356981652117 0.500001746974 -0.215363419761 2.5299143259e-06 -0.121973453019 -0.0982358489518
11 368 62 87.029636 -0.203294482056 -0.355422434578 0.500001796475 -0.215363477435 2.42113653695e-06 -0.121973482819 -0.0984471408405
11.1 372 64 90.160259 -0.204077705301 -0.353866081118 0.500001843458 -0.215363505511 2.27659824231e-06 -0.121973501072 -0.0986552789078
11.2 376 63 57.101669 -0.204846588306 -0.352312787696 0.500001887715 -0.215363494719 2.13436779641e-06 -0.121973505307 -0.0988599667607
11.3 380 78 71.420725 -0.205601422064 -0.35076272924 0.50000192889 -0.215363449797 1.9799933248e-06 -0.121973496913 -0.0990609365456
11.4 384 65 76.436832 -0.206342499367 -0.349216056962 0.50000196694 -0.215363377403 1.81371717901e-06 -0.121973478871 -0.0992579459344
11.5 388 65 57.782303 -0.207070116893 -0.347672908884 0.500002002055 -0.215363277171 1.65649506512e-06 -0.121973451092 -0.0994507808548
11.6 392 62 46.516866 -0.207784572175 -0.346133386898 0.500002033823 -0.215363136008 1.50287425366e-06 -0.121973408223 -0.099639259817
11.7 396 65 53.132423 -0.208486162141 -0.344597579839 0.50000206248 -0.2153629807 1.33910223213e-06 -0.121973360679 -0.0998232302912
11.8 266 180 184.476814 -0.209175184978 -0.343065551712 0.500002087763 -0.215362801148 1.16862113942e-06 -0.121973304307 -0.100002574622
11.9 268 64 32.212779 -0.2098519252 -0.34153734134 0.500002109402 -0.215362603272 9.77541562235e-07 -0.121973241538 -0.100177199282
12 270 69 25.433873 -0.210516668489 -0.340012970855 0.500002127623 -0.215362376989 8.13962846274e-07 -0.121973168917 -0.100347056525
12.1 272 64 27.738385 -0.211169688216 -0.338492446128 0.500002142327 -0.215362137502 6.36099748021e-07 -0.121973091619 -0.10051211833
12.2 274 72 28.9636 -0.211811249687 -0.336975744922 0.500002153394 -0.215361884818 4.5656280994e-07 -0.121973009966 -0.100672391344
12.3 276 68 26.040693 -0.212441604257 -0.335462838856 0.500002160954 -0.215361612057 2.78068716816e-07 -0.121972920966 -0.100827917242
12.4 278 69 27.578079 -0.213060995528 -0.333953676972 0.500002164798 -0.215361345157 9.30638602153e-08 -0.12197283529 -0.100978758665
12.5 280 69 28.691129 -0.213669646202 -0.33244819519 0.500002164964 -0.215361066438 -9.02360413751e-08 -0.121972745541 -0.101125015722
12.6 282 69 29.203842 -0.214267766815 -0.330946314196 0.500002161368 -0.215360783022 -2.78866815424e-07 -0.121972654308 -0.101266808036
12.7 284 70 27.442174 -0.214855551767 -0.329447949257 0.500002154032 -0.215360502641 -4.65353641951e-07 -0.121972564741 -0.101404286764
12.8 286 65 27.660801 -0.215433178538 -0.327953001609 0.500002142979 -0.215360224948 -6.51293087135e-07 -0.121972476542 -0.101537619589
12.9 288 64 26.632348 -0.216000807962 -0.326461365573 0.500002128272 -0.21535995358 -8.35539794034e-07 -0.121972391515 -0.101667007194
13 290 69 32.801695 -0.216558580284 -0.324972930712 0.500002109937 -0.215359688252 -1.01642632823e-06 -0.121972308891 -0.101792653429
13.1 292 64 33.6659 -0.21710662115 -0.323487583587 0.500002087902 -0.215359432639 -1.19542841118e-06 -0.121972230406 -0.101914787312
13.2 290 75 35.770542 -0.21764503548 -0.322005204417 0.500002062376 -0.215359192157 -1.36637189442e-06 -0.121972158008 -0.102033656444
13.3 292 67 32.459223 -0.21817391058 -0.320525677268 0.500002033502 -0.215358961816 -1.53482909274e-06 -0.121972089628 -0.102149513963
13.4 294 72 39.05671 -0.218693316499 -0.319048883252 0.500002001265 -0.215358749317 -1.69929334416e-06 -0.121972028504 -0.102262626269
13.5 296 72 25.760632 -0.219203308012 -0.317574710911 0.500001965865 -0.215358554727 -1.84975080232e-06 -0.121971974381 -0.10237326458
13.6 298 77 36.45758 -0.219703913566 -0.316103043929 0.500001927211 -0.215358396038 -2.01169494576e-06 -0.121971933606 -0.102481709155
13.7 300 63 31.696846 -0.220195162534 -0.31463378571 0.500001885924 -0.215358231202 -2.13905862488e-06 -0.12197189103 -0.102588236662
13.8 292 66 31.470198 -0.220677056363 -0.313166837323 0.500001841962 -0.215358103313 -2.26710991959e-06 -0.121971862962 -0.102693127861
13.9 294 69 29.665836 -0.221149588458 -0.311702111163 0.500001795541 -0.215357996152 -2.3847101776e-06 -0.121971841953 -0.102796655121
14 296 70 30.277708 -0.221612736341 -0.310239529714 0.500001746925 -0.215357915331 -2.48956236805e-06 -0.121971831178 -0.102899092857
14.1 266 71 29.620229 -0.222066467125 -0.308779024338 0.500001696307 -0.215357860659 -2.58353773807e-06 -0.121971830148 -0.103000705295
14.2 268 75 26.061743 -0.222510738606 -0.307320541909 0.500001643934 -0.215357831645 -2.66433928979e-06 -0.121971838844 -0.103101744984
14.3 270 74 26.373157 -0.222945497452 -0.305864039591 0.500001590056 -0.215357822971 -2.73027331527e-06 -0.121971854929 -0.103202455171
14.4 272 73 27.93521 -0.223370685348 -0.30440948764 0.500001535048 -0.215357835079 -2.78012436776e-06 -0.121971878562 -0.103303069943
14.5 274 74 27.220999 -0.223786236804 -0.302956871287 0.500001479222 -0.215357872369 -2.81412277496e-06 -0.121971910992 -0.10340380521
14.6 276 72 30.148205 -0.224192079854 -0.301506188811 0.500001422871 -0.215357937274 -2.83273317105e-06 -0.121971953487 -0.103504858447
14.7 278 66 23.68768 -0.224588145217 -0.300057453434 0.500001366237 -0.215358027029 -2.83748054374e-06 -0.121972005105 -0.103606410639
14.8 280 69 31.745093 -0.22497435277 -0.2986106886 0.500001309533 -0.215358154672 -2.8332139278e-06 -0.121972070252 -0.103708630135
14.9 282 74 29.038649 -0.225350625912 -0.29716593534 0.500001253119 -0.215358274453 -2.81238316479e-06 -0.121972131846 -0.10381165639
15 284 71 30.351526 -0.22571689564 -0.295723250531 0.500001197621 -0.215358389671 -2.76303894241e-06 -0.121972190464 -0.103915612758
15.1 286 77 35.872705 -0.226073094289 -0.294282712342 0.500001142932 -0.215358521131 -2.72039745948e-06 -0.121972251908 -0.104020604576
15.2 288 69 35.766492 -0.226419154071 -0.292844392186 0.500001089194 -0.215358687963 -2.66428798931e-06 -0.121972330723 -0.104126708935
15.3 290 72 39.297374 -0.226755015122 -0.291408389769 0.500001036306 -0.215358871986 -2.61928076312e-06 -0.12197241193 -0.104233987191
15.4 292 83 31.371739 -0.227080619863 -0.289974815521 0.500000984213 -0.215359074396 -2.57531804893e-06 -0.121972499649 -0.104342477368
15.5 294 73 50.132812 -0.227395918374 -0.288543779016 0.500000933362 -0.21535932562 -2.50812035733e-06 -0.121972604913 -0.104452203435
15.6 296 69 30.624277 -0.227700873666 -0.287115410737 0.500000884025 -0.215359553304 -2.42779320524e-06 -0.121972699185 -0.104563153731
15.7 298 70 32.838708 -0.227995464641 -0.285689854196 0.500000836497 -0.215359759822 -2.33914575943e-06 -0.121972785765 -0.104675314293
15.8 300 73 32.925019 -0.228279668346 -0.284267246131 0.50000079073 -0.215360031503 -2.24795487708e-06 -0.12197289524 -0.104788634065
15.9 302 73 33.362675 -0.228553477875 -0.282847740432 0.500000746608 -0.215360300566 -2.16058644754e-06 -0.121973001781 -0.104903054624
16 304 77 33.663512 -0.228816899512 -0.281431493233 0.50000070456 -0.215360583244 -2.05564255967e-06 -0.121973113138 -0.105018497764
16.1 306 74 33.113583 -0.22906994988 -0.280018663881 0.500000664614 -0.215360861832 -1.9452766554e-06 -0.121973221276 -0.105134869057
16.2 308 69 40.016631 -0.229312658156 -0.278609418277 0.500000626574 -0.215361149584 -1.84816079602e-06 -0.121973330324 -0.105252059589
16.3 310 72 38.081413 -0.229545066413 -0.277203926199 0.500000590689 -0.215361427922 -1.73721027499e-06 -0.121973434626 -0.105369942407
16.4 312 74 34.16817 -0.229767229232 -0.275802348316 0.500000557216 -0.215361732995 -1.61588874386e-06 -0.121973547838 -0.10548838781
16.5 314 75 35.940285 -0.229979212052 -0.274404850849 0.50000052623 -0.215362021607 -1.49012538596e-06 -0.121973652973 -0.105607246192
16.6 316 92 32.01443 -0.230181095639 -0.273011599783 0.500000497615 -0.215362300635 -1.36901076358e-06 -0.121973753023 -0.105726364807
16.7 318 77 49.68011 -0.230372975063 -0.271622754145 0.500000471588 -0.215362578904 -1.23780648075e-06 -0.121973850602 -0.105845582836
16.8 320 82 41.849833 -0.230554950091 -0.270238469375 0.500000448021 -0.215362831922 -1.10903331685e-06 -0.121973936789 -0.105964728757
16.9 322 79 54.902027 -0.230727133418 -0.268858896918 0.500000427135 -0.21536307746 -9.79488868111e-07 -0.121974019149 -0.106083633161
17 324 102 55.628421 -0.230889651163 -0.267484179276 0.500000408762 -0.215363298256 -8.47037499245e-07 -0.121974089935 -0.106202128756
17.1 326 73 39.814415 -0.231042639 -0.266114452438 0.500000393428 -0.215363510721 -7.01700533255e-07 -0.121974155123 -0.106320042729
17.2 328 93 34.830552 -0.23118623796 -0.26474984351 0.500000380983 -0.215363702738 -5.53653324312e-07 -0.121974210654 -0.106437200481
17.3 330 77 37.654509 -0.231320601769 -0.263390472244 0.500000371636 -0.215363881689 -3.98069129146e-07 -0.121974259193 -0.106553438878
17.4 332 71 37.39944 -0.231445888662 -0.262036447834 0.500000365317 -0.215364037231 -2.4536969568e-07 -0.121974297282 -0.106668589682
17.5 334 73 37.108666 -0.231562260343 -0.260687867706 0.500000362031 -0.215364185772 -9.58519443262e-08 -0.121974331566 -0.106782502057
17.6 336 75 46.248769 -0.231669887344 -0.259344820158 0.500000361681 -0.215364312991 4.76253968068e-08 -0.121974356709 -0.106895023154
17.7 338 75 47.808495 -0.231768949626 -0.258007379747 0.500000363978 -0.215364411297 1.84185410541e-07 -0.12197436926 -0.107006005488
17.8 340 73 40.104872 -0.231859613848 -0.256675613184 0.500000368956 -0.215364488733 3.17846041639e-07 -0.121974372104 -0.107115325238
17.9 342 74 40.472136 -0.231942064393 -0.255349573069 0.500000376729 -0.215364544202 4.48485723212e-07 -0.12197436614 -0.107222863694
18 344 75 42.849036 -0.23201647536 -0.254029299103 0.500000387089 -0.2153645729 5.75035372527e-07 -0.121974348597 -0.107328508479
18.1 346 78 46.74119 -0.23208302697 -0.252714820803 0.500000399871 -0.215364574366 6.92900410958e-07 -0.121974319547 -0.107432166358
18.2 348 77 61.819089 -0.232141900584 -0.251406158774 0.500000414914 -0.215364549937 8.05759132111e-07 -0.121974279873 -0.107533756679
18.3 350 73 51.051687 -0.232193263717 -0.250103320733 0.500000431926 -0.215364491117 9.07246742683e-07 -0.121974225884 -0.107633200181
18.4 352 82 51.69838 -0.232237285059 -0.248806298063 0.500000451038 -0.215364413583 1.00176925088e-06 -0.121974164149 -0.107730458851
18.5 354 77 82.920914 -0.232274132838 -0.247515076899 0.500000471904 -0.215364306952 1.08291702991e-06 -0.121974090874 -0.107825489956
18.6 354 79 94.986101 -0.232303969702 -0.246229635871 0.500000493672 -0.21536417995 1.14148183909e-06 -0.121974008506 -0.107918260627
18.7 356 84 106.123358 -0.232326947506 -0.244949944421 0.500000517025 -0.215364020107 1.19834570629e-06 -0.121973913685 -0.10800877607
18.8 358 76 65.306579 -0.232343211241 -0.243675954408 0.500000541103 -0.215363836525 1.22813798861e-06 -0.121973809583 -0.108097032382
18.9 360 86 68.918888 -0.232352901188 -0.242407619891 0.500000566171 -0.215363631871 1.26783031576e-06 -0.121973696531 -0.108183059218
19 362 81 100.901052 -0.232356149026 -0.241144884902 0.500000591849 -0.215363410592 1.29002573766e-06 -0.12197357731 -0.108266884034
19.1 364 77 42.983145 -0.232353076423 -0.239887688737 0.500000617619 -0.215363156231 1.29367636029e-06 -0.121973445098 -0.108348549589
19.2 366 81 54.347221 -0.23234379024 -0.23863596163 0.500000643617 -0.215362905445 1.2866268663e-06 -0.121973313909 -0.108428127254
19.3 368 77 80.26386 -0.232328403383 -0.237389642671 0.500000669325 -0.215362636545 1.26972286552e-06 -0.121973175826 -0.108505680009
19.4 370 82 105.485684 -0.232306999909 -0.236148641863 0.500000694246 -0.215362338716 1.23990246683e-06 -0.121973026458 -0.108581291127
19.5 372 84 107.90511 -0.23227966892 -0.234912890119 0.500000718321 -0.215362042077 1.17587859209e-06 -0.121972877581 -0.108655058902
19.6 374 83 126.416782 -0.23224647782 -0.233682311182 0.500000740884 -0.215361730008 1.09826993763e-06 -0.121972722709 -0.108727083706
19.7 376 78 95.948589 -0.23220749247 -0.232456825557 0.500000761801 -0.215361406402 1.0075643074e-06 -0.121972564124 -0.108797475952
19.8 378 78 66.882005 -0.2321627621 -0.231236361748 0.500000780813 -0.215361084161 9.00759682169e-07 -0.121972405084 -0.108866354577
19.9 380 76 76.289705 -0.232112332351 -0.230020842672 0.500000798117 -0.215360752933 8.0821598708e-07 -0.121972240062 -0.108933842986
20 382 78 73.767104 -0.232056237555 -0.228810197926 0.500000813181 -0.21536042846 7.00368007249e-07 -0.12197207905 -0.109000069085
20.1 384 83 48.827621 -0.231994507778 -0.22760435384 0.50000082603 -0.215360124074 5.66159168588e-07 -0.121971926662 -0.109065169901
20.2 386 80 89.948819 -0.231927160699 -0.226403248862 0.500000835979 -0.215359824283 4.2048577889e-07 -0.121971775389 -0.109129269256
20.3 388 81 59.817507 -0.231854197716 -0.225206830726 0.500000842775 -0.215359524873 2.67845511701e-07 -0.121971624453 -0.109192502095
20.4 390 99 110.289234 -0.231775619698 -0.224015040521 0.500000846487 -0.215359241359 1.02268747304e-07 -0.121971478627 -0.109255001639
20.5 392 122 146.19869 -0.231691431244 -0.222827831515 0.500000847118 -0.215358979497 -6.95247200505e-08 -0.121971341411 -0.109316903664
20.6 394 86 76.083887 -0.231601620796 -0.221645161962 0.50000084412 -0.215358734148 -2.47403121781e-07 -0.121971210359 -0.109378336679
20.7 396 92 147.023645 -0.231506178059 -0.220466994314 0.500000837388 -0.215358502956 -4.29847477737e-07 -0.121971084171 -0.109439422772
20.8 398 77 62.843699 -0.231405073766 -0.219293320139 0.500000826861 -0.215358276577 -6.18167733502e-07 -0.121970960146 -0.109500286979
20.9 400 111 105.532602 -0.231298285763 -0.218124113227 0.50000081284 -0.215358082426 -7.98354517502e-07 -0.121970847127 -0.109561046449
21 402 99 163.334475 -0.231185800239 -0.216959363049 0.500000795111 -0.215357918576 -9.90327405186e-07 -0.121970745984 -0.10962180252
21.1 404 92 55.777538 -0.231067588396 -0.215799066364 0.500000773903 -0.215357780393 -1.18128175924e-06 -0.121970654368 -0.109682656025
21.2 406 84 175.730898 -0.230943634695 -0.214643228384 0.50000074844 -0.215357666387 -1.37463673232e-06 -0.121970571898 -0.109743703276
21.3 408 85 64.076962 -0.230813890762 -0.213491875343 0.500000718675 -0.215357556255 -1.57414956912e-06 -0.121970490306 -0.109805017623
21.4 410 85 63.197304 -0.230678337542 -0.212345027721 0.500000685377 -0.215357493532 -1.76447036108e-06 -0.121970426807 -0.109866682847
21.5 412 107 117.619937 -0.230536955692 -0.211202714879 0.500000648226 -0.215357454343 -1.94944049355e-06 -0.121970371937 -0.109928754134
21.6 414 82 109.981011 -0.230389728836 -0.210064969425 0.500000607468 -0.215357443019 -2.1380988529e-06 -0.121970327698 -0.109991284858
21.7 416 79 114.879987 -0.230236636634 -0.208931852166 0.500000562487 -0.2153574578 -2.32178608509e-06 -0.12197029286 -0.110054314838
21.8 418 118 300.500451 -0.230077671761 -0.207803405183 0.500000514963 -0.215357501501 -2.48774089053e-06 -0.121970269425 -0.110117875182
21.9 420 119 293.192611 -0.229912824114 -0.206679691734 0.500000463756 -0.215357570376 -2.65322005329e-06 -0.121970254967 -0.110181985689
22 422 106 87.019633 -0.229742086996 -0.205560779612 0.50000040936 -0.215357659109 -2.81241093424e-06 -0.12197024843 -0.110246655017
22.1 420 99 141.742966 -0.229565456213 -0.204446731714 0.500000351775 -0.215357785336 -2.9588793861e-06 -0.121970256499 -0.110311882745
22.2 422 87 171.356311 -0.22938295844 -0.203337617067 0.500000290812 -0.215357922581 -3.10479238869e-06 -0.12197026851 -0.110377647486
22.3 424 91 192.397639 -0.229194597402 -0.20223352404 0.500000227057 -0.215358070445 -3.24773461842e-06 -0.121970284899 -0.11044393518
22.4 426 82 58.97729 -0.229000406293 -0.201134537284 0.500000160567 -0.215358236005 -3.37975802776e-06 -0.12197030814 -0.110510719085
22.5 428 86 69.391343 -0.228800402748 -0.200040736999 0.500000092177 -0.215358441506 -3.47965827018e-06 -0.12197034614 -0.110577953418
22.6 430 109 230.556532 -0.22859465024 -0.198952195737 0.500000021368 -0.215358662687 -3.58525076482e-06 -0.121970391222 -0.110645591122
22.7 432 80 64.876387 -0.228383170746 -0.197869008988 0.499999949537 -0.215358904259 -3.67139901364e-06 -0.121970444355 -0.110713558362
22.8 434 85 59.96787 -0.228166022955 -0.196791257871 0.499999875359 -0.215359162338 -3.75208300157e-06 -0.121970504583 -0.110781804394
22.9 436 91 62.507606 -0.227943269955 -0.195719027585 0.49999979956 -0.215359426338 -3.82919884935e-06 -0.121970567631 -0.11085025509
23 432 106 64.069824 -0.227714979679 -0.194652404579 0.499999722335 -0.215359707179 -3.89706635585e-06 -0.121970637646 -0.110918828064
23.1 434 87 75.726323 -0.227481226542 -0.193591455586 0.499999644227 -0.215359991822 -3.93470661754e-06 -0.121970709221 -0.110987437962
23.2 436 109 180.387898 -0.227242104219 -0.192536267094 0.499999565341 -0.215360281735 -3.96252680659e-06 -0.121970784169 -0.111056011778
23.3 438 97 78.245692 -0.226997683974 -0.191486904692 0.499999486225 -0.215360582905 -3.98413253186e-06 -0.121970864089 -0.111124444591
23.4 440 90 169.450023 -0.226748071781 -0.190443441098 0.499999406271 -0.215360882424 -4.0100456024e-06 -0.121970944813 -0.111192663891
23.5 442 93 168.670956 -0.22649336199 -0.189405936698 0.499999325606 -0.215361166806 -4.03630410106e-06 -0.12197102148 -0.111260560957
23.6 444 81 77.009086 -0.226233666398 -0.188374455681 0.49999924432 -0.215361458282 -4.05925416638e-06 -0.121971101024 -0.111328047888
23.7 446 80 76.366156 -0.225969092109 -0.18734904447 0.499999163614 -0.21536176069 -4.04233348129e-06 -0.121971185253 -0.111395043739
23.8 448 93 230.468162 -0.225699749202 -0.186329739234 0.499999082683 -0.215362052775 -4.0440607193e-06 -0.121971267611 -0.111461449388
23.9 450 89 177.14149 -0.225425753993 -0.185316594777 0.499999001545 -0.215362317454 -4.04681518158e-06 -0.121971341183 -0.111527184532
24 452 94 141.650059 -0.225147239058 -0.184309637676 0.49999892027 -0.215362582515 -4.04733437375e-06 -0.121971415849 -0.111592162194
24.1 454 77 66.850194 -0.224864311713 -0.183308890736 0.499998840162 -0.215362857487 -4.01075843463e-06 -0.121971494947 -0.111656301012
24.2 456 116 234.510036 -0.224577101297 -0.182314367529 0.499998760275 -0.215363124818 -3.98415379575e-06 -0.121971573616 -0.111719533447
24.3 458 83 77.177217 -0.22428572332 -0.181326084268 0.4999986811 -0.215363371659 -3.95762852332e-06 -0.121971645658 -0.111781779624
24.4 460 86 62.46095 -0.223990310553 -0.180344034375 0.49999860232 -0.215363609781 -3.92275323002e-06 -0.121971716112 -0.111842988267
24.5 462 89 64.009527 -0.223690978226 -0.17936821767 0.499998524423 -0.215363839421 -3.878797977e-06 -0.121971784701 -0.111903100325
24.6 464 91 228.75581 -0.223387847655 -0.178398609502 0.499998447354 -0.215364050671 -3.83585152399e-06 -0.121971847813 -0.111962071321
24.7 466 96 229.288173 -0.223081045914 -0.177435194889 0.499998370782 -0.21536423729 -3.79568714116e-06 -0.121971903404 -0.112019855085
24.8 468 97 226.115371 -0.222770673475 -0.176477977062 0.499998294955 -0.215364399913 -3.76301207256e-06 -0.121971951619 -0.112076410533
24.9 470 91 250.769612 -0.222456851045 -0.175526903519 0.499998219689 -0.215364537695 -3.72955625932e-06 -0.121971990351 -0.112131718167
25 472 101 219.65729 -0.222139692377 -0.174581930363 0.499998145103 -0.215364660895 -3.68641725173e-06 -0.121972025812 -0.112185762956
25.1 474 97 130.83703 -0.221819293192 -0.173643020941 0.499998071607 -0.215364779087 -3.64944007347e-06 -0.121972061001 -0.11223853577
25.2 476 107 152.94992 -0.221495754286 -0.172710122494 0.499997999115 -0.215364895491 -3.59512320096e-06 -0.12197209691 -0.112290038751
25.3 478 90 152.258497 -0.221169164297 -0.171783173283 0.499997926831 -0.215364989513 -3.55214165197e-06 -0.12197212616 -0.11234028042
25.4 480 120 307.550174 -0.220839618871 -0.170862132559 0.499997855974 -0.215365046294 -3.50326067787e-06 -0.121972142386 -0.11238926306
25.5 482 90 72.105253 -0.220507194217 -0.169946929063 0.499997788563 -0.215365132406 -3.36453458524e-06 -0.121972168615 -0.112437012666
25.6 484 84 70.628154 -0.220171964537 -0.169037508039 0.499997721864 -0.215365206712 -3.30214788946e-06 -0.121972195081 -0.112483578169
25.7 486 83 70.280233 -0.219833996709 -0.168133791179 0.499997657384 -0.215365275191 -3.19148714999e-06 -0.121972220577 -0.11252897765
25.8 488 93 927.091815 -0.219493327501 -0.167235725244 0.499997594164 -0.215365330149 -3.12094189833e-06 -0.121972242845 -0.112573264124
25.9 490 282 234.190128 -0.219150068957 -0.166343232803 0.499997535813 -0.215365431291 -2.97877760323e-06 -0.121972281554 -0.112616465138
26 490 100 82.349085 -0.218804235437 -0.165456246431 0.499997477419 -0.21536548054 -2.89334507255e-06 -0.121972303731 -0.112658666198
26.1 492 99 212.019915 -0.21845587218 -0.16457469378 0.499997420437 -0.215365523741 -2.81859105707e-06 -0.121972325543 -0.112699920475
26.2 494 97 157.127408 -0.218105014637 -0.16369851935 0.499997364485 -0.215365543942 -2.75891739893e-06 -0.121972339427 -0.112740276477
26.3 496 85 125.106437 -0.217751686934 -0.162827657814 0.49999730978 -0.21536555471 -2.6939093425e-06 -0.121972351356 -0.112779816132
26.4 498 96 144.249174 -0.217395912779 -0.16196203552 0.499997256052 -0.215365553528 -2.62233101556e-06 -0.121972360101 -0.112818614834
26.5 500 120 221.454401 -0.217037724198 -0.161101610131 0.499997203955 -0.215365551168 -2.55612606938e-06 -0.121972370039 -0.112856739737
26.6 500 108 186.653899 -0.21667711706 -0.160246305573 0.499997153853 -0.215365542038 -2.48137472428e-06 -0.121972379047 -0.112894259268
26.7 498 112 315.124464 -0.216314091991 -0.159396079243 0.499997105196 -0.21536553306 -2.40726060424e-06 -0.12197238908 -0.112931272744
26.8 500 95 143.260297 -0.215948673841 -0.158550885473 0.499997058044 -0.215365506245 -2.33012190459e-06 -0.121972394019 -0.112967822002
26.9 500 99 325.774223 -0.215580843297 -0.157710664098 0.499997011754 -0.215365479489 -2.26668608661e-06 -0.121972400061 -0.113004014801
27 500 93 198.823663 -0.21521060594 -0.156875381142 0.499996966319 -0.215365430994 -2.22015795862e-06 -0.121972398799 -0.113039903513
27.1 500 94 227.449887 -0.214837944584 -0.156045024398 0.499996922014 -0.215365391114 -2.18093817485e-06 -0.121972403714 -0.113075576363
27.2 500 88 234.355397 -0.214462847142 -0.155219543768 0.499996877836 -0.215365325525 -2.12921918652e-06 -0.121972399206 -0.113111105835
27.3 500 88 130.228349 -0.214085310179 -0.154398939163 0.499996835236 -0.215365254555 -2.08554333581e-06 -0.121972392991 -0.113146541519
27.4 500 90 75.729944 -0.21370533716 -0.15358315888 0.499996794995 -0.215365226938 -1.99607994011e-06 -0.121972404901 -0.113181946035
27.5 500 103 240.904493 -0.213322864878 -0.152772220589 0.499996755609 -0.215365174798 -1.94138466729e-06 -0.121972409748 -0.113217397973
27.6 500 78 91.13196 -0.212937952956 -0.151966088457 0.499996718884 -0.21536510979 -1.86363483498e-06 -0.121972410141 -0.113252935426
27.7 500 112 160.350591 -0.212550546444 -0.151164779057 0.499996682286 -0.215365043748 -1.79564648269e-06 -0.121972413384 -0.113288617943
27.8 500 96 163.513225 -0.212160626614 -0.150368293514 0.499996647068 -0.215364977795 -1.73317143386e-06 -0.121972417501 -0.113324484141
27.9 500 96 115.162516 -0.21176819579 -0.149576649148 0.499996612906 -0.215364895868 -1.66407474229e-06 -0.121972416637 -0.113360565807
28 500 89 130.462087 -0.211373235765 -0.148789847385 0.4999965804 -0.215364816861 -1.59869053153e-06 -0.121972418611 -0.113396903247
28.1 500 96 171.161233 -0.210975747322 -0.148007908636 0.49999654826 -0.215364722736 -1.54853689378e-06 -0.12197241558 -0.113433516116
28.2 500 92 86.654743 -0.210575727047 -0.147230873759 0.49999651777 -0.215364630332 -1.48360792059e-06 -0.121972415335 -0.113470423607
28.3 500 104 185.412401 -0.210173164424 -0.146458757458 0.499996488816 -0.215364528331 -1.41115765533e-06 -0.121972412703 -0.113507645873
28.4 500 102 298.40121 -0.2097680708 -0.145691578969 0.499996460615 -0.215364415286 -1.35476863548e-06 -0.121972406865 -0.113545185716
28.5 500 100 301.674638 -0.209360465889 -0.144929396246 0.499996433384 -0.215364300765 -1.30052683218e-06 -0.121972402462 -0.113583036661
28.6 500 99 284.826314 -0.208950349981 -0.144172229036 0.499996407949 -0.215364177179 -1.22915568629e-06 -0.121972395623 -0.113621198932
28.7 500 95 202.899255 -0.208537745372 -0.143420127778 0.499996383559 -0.215364064964 -1.15841806434e-06 -0.121972393219 -0.113659659094
28.8 500 133 306.021107 -0.208122683159 -0.142673126813 0.499996361074 -0.215363933117 -1.07729478431e-06 -0.121972385184 -0.113698397242
28.9 500 122 347.42549 -0.207705187832 -0.141931268488 0.499996340704 -0.215363806903 -9.88350231497e-07 -0.121972380825 -0.11373738905
29 500 130 348.996111 -0.207285281041 -0.141194591309 0.499996322216 -0.215363669388 -8.9427806986e-07 -0.121972373057 -0.113776610874
29.1 500 106 81.744311 -0.206863002099 -0.140463140334 0.499996305383 -0.215363532412 -7.98790912276e-07 -0.121972367003 -0.113816027861
29.2 500 91 74.784126 -0.206438400059 -0.139736961842 0.499996290569 -0.215363389139 -6.94644358271e-07 -0.121972359497 -0.113855601193
29.3 498 90 131.619679 -0.206011511157 -0.139016091731 0.499996277792 -0.215363239352 -5.89901682106e-07 -0.121972350609 -0.113895283986
29.4 500 99 302.64918 -0.205582401833 -0.138300563987 0.499996265364 -0.215363068897 -5.18730495384e-07 -0.121972333624 -0.113935006896
29.5 500 104 224.925354 -0.205151129663 -0.137590423262 0.499996255808 -0.215362884135 -4.05591154148e-07 -0.121972313815 -0.113974765725
29.6 500 109 227.528889 -0.204717756493 -0.136885702602 0.499996248294 -0.215362712935 -3.04047034994e-07 -0.121972299057 -0.114014496973
29.7 500 120 294.088805 -0.204282348603 -0.136186437637 0.499996242525 -0.215362550473 -2.03784592652e-07 -0.121972288064 -0.114054145758
29.8 500 96 128.282773 -0.203844976846 -0.135492653038 0.499996239623 -0.215362334822 -8.92498964039e-08 -0.121972256633 -0.114093652303
29.9 500 90 75.450252 -0.203405708689 -0.134804367665 0.499996238861 -0.215362181489 2.73715055343e-08 -0.121972251171 -0.114132968362
30 500 91 155.31315 -0.202964621539 -0.134121610204 0.499996240403 -0.215362009644 1.40772618701e-07 -0.121972238495 -0.114172034497
30.1 500 84 100.388286 -0.202521796326 -0.1334443917 0.499996244686 -0.215361823286 2.70219273318e-07 -0.121972220103 -0.114210800669
30.2 500 109 359.194104 -0.202077325164 -0.132772729256 0.499996251007 -0.215361629261 3.95471439929e-07 -0.121972199017 -0.114249207754
30.3 500 87 77.312411 -0.20163127448 -0.13210662334 0.499996260874 -0.215361435534 5.4401905062e-07 -0.121972178101 -0.114287213145
30.4 500 92 107.226938 -0.201183736521 -0.131446079902 0.499996273028 -0.215361243808 6.79904693206e-07 -0.12197215804 -0.114324755088
30.5 500 100 445.078014 -0.200734805512 -0.130791090919 0.499996288041 -0.215361048118 8.22968539434e-07 -0.12197213608 -0.114361776938
30.6 500 130 177.707369 -0.200284550985 -0.130141649893 0.499996306524 -0.215360863779 9.66025831092e-07 -0.121972118491 -0.114398262254
30.7 498 97 220.173117 -0.199833059419 -0.129497742971 0.499996327483 -0.215360681997 1.11384332804e-06 -0.121972101261 -0.114434155999
30.8 500 113 226.904388 -0.199380424116 -0.128859345926 0.499996350693 -0.215360491292 1.25566503341e-06 -0.121972080179 -0.114469415707
30.9 500 99 307.971015 -0.198926720858 -0.1282264451 0.499996376191 -0.21536028822 1.38953009371e-06 -0.1219720535 -0.114504018072
31 500 96 244.06826 -0.198472037084 -0.127599010306 0.499996405141 -0.215360116464 1.53045519265e-06 -0.121972038809 -0.114537928881
31.1 500 100 237.904048 -0.198016456864 -0.126977011484 0.499996436125 -0.215359935005 1.6636717502e-06 -0.121972019455 -0.114571122387
31.2 500 99 92.178633 -0.197560069123 -0.126360406125 0.499996470512 -0.215359775365 1.80211937672e-06 -0.121972007832 -0.114603576343
31.3 500 132 300.918396 -0.197102932831 -0.125749145631 0.499996507952 -0.215359644285 1.94545156262e-06 -0.121972008496 -0.114635276914
31.4 500 98 199.75562 -0.196645110783 -0.125143193518 0.499996548537 -0.21535960412 2.08392207652e-06 -0.121972043798 -0.114666210938
31.5 500 95 107.999486 -0.196186692965 -0.124542493332 0.499996590987 -0.215359528571 2.19782812377e-06 -0.121972061675 -0.114696379084
31.6 500 94 201.041642 -0.195727727658 -0.123946992836 0.499996635583 -0.21535942871 2.27866271756e-06 -0.121972071435 -0.114725772139
31.7 500 96 247.305564 -0.195268281269 -0.123356643644 0.499996681956 -0.215359327915 2.37615878407e-06 -0.121972079645 -0.114754403196
31.8 500 116 223.227869 -0.194808410196 -0.122771388643 0.499996729794 -0.21535924327 2.46553539456e-06 -0.121972093014 -0.114782279271
31.9 500 89 125.621818 -0.19434815627 -0.12219115919 0.499996780207 -0.21535917067 2.55532755494e-06 -0.121972110438 -0.114809413402
32 500 110 252.885296 -0.193887572122 -0.121615902391 0.499996831406 -0.215359102159 2.62831499445e-06 -0.121972128404 -0.114835825561
32.1 500 108 344.189562 -0.193426697509 -0.121045549228 0.499996884347 -0.215359053508 2.68862529992e-06 -0.121972153503 -0.114861531617
32.2 500 108 191.367848 -0.192965575914 -0.120480039493 0.499996937475 -0.215359003028 2.74714019394e-06 -0.121972176605 -0.11488656486
32.3 500 94 140.299683 -0.192504229698 -0.119919313994 0.499996993281 -0.215358967406 2.81721320487e-06 -0.121972204562 -0.11491095008
32.4 500 99 262.156705 -0.192042678928 -0.119363306093 0.499997049239 -0.215358945568 2.85873265669e-06 -0.121972236461 -0.114934722797
32.5 500 91 123.816715 -0.191580965007 -0.118811953491 0.499997106119 -0.215358936229 2.88624504906e-06 -0.121972272279 -0.114957921635
32.6 500 107 136.954378 -0.191119098149 -0.118265202368 0.499997163909 -0.215358942468 2.92112335397e-06 -0.121972313704 -0.114980582984
32.7 500 107 134.299428 -0.190657090681 -0.117722986671 0.499997222289 -0.215358952071 2.94322361723e-06 -0.121972356078 -0.115002759864
32.8 500 85 116.671833 -0.19019494094 -0.117185244459 0.499997281651 -0.215358994524 2.96750962179e-06 -0.121972424885 -0.115024474783
32.9 500 119 346.064333 -0.189732665441 -0.116651936461 0.499997340818 -0.215359026659 2.96981916199e-06 -0.121972472492 -0.115045783216
33 500 101 186.006545 -0.189270265291 -0.116123006772 0.499997400192 -0.215359066579 2.96431958775e-06 -0.121972524698 -0.115066752275
33.1 500 93 126.85182 -0.188807736362 -0.115598397329 0.499997458781 -0.215359133195 2.93709239665e-06 -0.121972583795 -0.115087408606
33.2 500 106 110.294151 -0.188345081044 -0.115078075308 0.499997516684 -0.215359193806 2.91027197197e-06 -0.121972643543 -0.115107817158
33.3 500 85 75.3723 -0.187882278717 -0.114561989174 0.499997574688 -0.215359269633 2.88448892752e-06 -0.121972713011 -0.115127989284
33.4 500 98 165.037762 -0.187419318349 -0.114050110608 0.499997631964 -0.215359344772 2.84830143894e-06 -0.121972770962 -0.115148009134
33.5 500 98 185.744116 -0.186956200182 -0.113542404756 0.499997687498 -0.215359416858 2.79226956637e-06 -0.121972833548 -0.11516790112
33.6 500 89 101.54539 -0.186492917569 -0.113038837477 0.499997741832 -0.215359502139 2.72577553338e-06 -0.121972901186 -0.115187709024
33.7 500 136 391.915558 -0.186029442143 -0.112539380523 0.499997795876 -0.215359589938 2.6697861585e-06 -0.121972969349 -0.115207475556
33.8 500 91 72.87513 -0.185565757024 -0.112044018048 0.499997848878 -0.21535967248 2.61020141917e-06 -0.121973035204 -0.115227241306
33.9 500 107 250.480445 -0.185101840392 -0.111552728175 0.499997900205 -0.215359754864 2.53228040898e-06 -0.121973100797 -0.115247041217
34 500 106 207.612121 -0.18463769236 -0.11106550926 0.499997949242 -0.215359833665 2.43708541699e-06 -0.121973164959 -0.115266917586
34.1 500 105 195.014917 -0.184173310235 -0.11058234267 0.499997996862 -0.215359908849 2.35561253851e-06 -0.121973227826 -0.115286892559
34.2 500 106 179.035078 -0.18370866866 -0.110103223493 0.499998042664 -0.215359973185 2.25984926456e-06 -0.121973285559 -0.115307003935
34.3 500 108 204.663364 -0.183243745696 -0.109628158238 0.499998085871 -0.215360030514 2.17045233238e-06 -0.121973341092 -0.115327255706
34.4 500 164 369.734243 -0.182778553328 -0.10915713283 0.499998127436 -0.21536009446 2.06766248173e-06 -0.121973398505 -0.115347671695
34.5 494 104 76.103758 -0.182313068776 -0.108690172671 0.499998168314 -0.215360169794 1.99885666043e-06 -0.121973460987 -0.115368277403
34.6 496 132 152.334093 -0.18184730509 -0.10822727379 0.49999820725 -0.215360232358 1.90413739688e-06 -0.121973517847 -0.115389095201
34.7 498 98 268.030999 -0.181381225176 -0.107768453786 0.499998243932 -0.215360356603 1.78442951646e-06 -0.121973601232 -0.115410114976
34.8 500 98 122.506344 -0.180914874924 -0.107313724777 0.499998277611 -0.215360386812 1.66513573907e-06 -0.12197364595 -0.115431329898
34.9 500 109 95.883852 -0.180448232007 -0.106863100517 0.499998308744 -0.215360449662 1.50448198095e-06 -0.121973704336 -0.115452771021
35 500 111 279.205835 -0.179981310782 -0.106416604911 0.499998337193 -0.215360463216 1.37371006108e-06 -0.121973741891 -0.115474416658
35.1 500 111 341.624852 -0.179514119805 -0.105974249667 0.499998362561 -0.215360441284 1.26458968885e-06 -0.121973765522 -0.115496258912
35.2 500 106 264.996388 -0.179046680451 -0.105536062595 0.499998386572 -0.215360407479 1.16496613444e-06 -0.12197378464 -0.115518291293
35.3 500 93 271.685578 -0.178578998346 -0.105102052158 0.499998408188 -0.215360362554 1.07438464717e-06 -0.121973798786 -0.115540507152
35.4 500 124 343.701644 -0.17811112475 -0.104672239628 0.499998428094 -0.215360294029 9.94885156924e-07 -0.121973802644 -0.115562867345
35.5 500 117 217.716477 -0.17764306375 -0.104246657897 0.499998447134 -0.215360231688 9.22921320742e-07 -0.121973808668 -0.115585360467
35.6 500 113 162.430049 -0.177174851362 -0.103825317446 0.499998464652 -0.215360156887 8.54276358639e-07 -0.121973809618 -0.115607963378
35.7 500 98 144.697302 -0.176706510485 -0.10340823682 0.499998480624 -0.215360067477 7.95465393708e-07 -0.121973804038 -0.115630656357
35.8 500 96 142.701552 -0.176238095614 -0.10299544103 0.49999849531 -0.2153599716 7.36413080613e-07 -0.121973795632 -0.115653398719
35.9 500 116 242.655692 -0.175769653861 -0.1025869351 0.499998508833 -0.215359874242 6.95520371422e-07 -0.121973786722 -0.115676159031
36 500 135 194.595387 -0.175301207179 -0.102182733244 0.499998522935 -0.215359771814 6.76379539627e-07 -0.121973775179 -0.115698925829
36.1 500 139 241.70077 -0.174832812454 -0.101782849698 0.499998536469 -0.215359661533 6.65422436361e-07 -0.121973760698 -0.115721646116
36.2 500 132 82.795025 -0.174364516377 -0.10138728826 0.499998549745 -0.215359533124 6.57249999952e-07 -0.121973737885 -0.115744291387
36.3 500 111 103.172268 -0.173896375263 -0.100996061621 0.499998562463 -0.215359379978 6.38251085351e-07 -0.121973705367 -0.115766834049
36.4 500 114 75.009712 -0.173428434513 -0.100609168435 0.499998573309 -0.215359261634 5.31326583481e-07 -0.121973689288 -0.115789236744
36.5 434 100 78.443418 -0.172960766072 -0.10022660287 0.499998583929 -0.21535908281 5.3265157704e-07 -0.12197364469 -0.115811458599
36.6 434 108 61.25587 -0.172493402132 -0.0998483665956 0.499998591482 -0.215358943085 3.72433254014e-07 -0.121973621764 -0.115833476313
36.7 436 115 61.88957 -0.172026424216 -0.0994744436541 0.499998596303 -0.215358740019 2.40174523866e-07 -0.121973570565 -0.115855244117
36.8 436 172 280.866013 -0.171559870272 -0.0991048253471 0.499998601032 -0.215358493409 2.3855124346e-07 -0.12197349796 -0.115876745441
36.9 438 121 183.830486 -0.171093811324 -0.0987394990291 0.499998605372 -0.215358240515 2.36229425438e-07 -0.121973421695 -0.115897933995
37 440 107 103.691509 -0.170628301589 -0.0983784413756 0.499998609713 -0.215357984363 2.39000917258e-07 -0.121973343587 -0.11591880007
37.1 442 139 395.190481 -0.170163415033 -0.0980216155319 0.499998614456 -0.215357722083 2.60403411959e-07 -0.121973262266 -0.115939308628
37.2 444 100 61.276114 -0.169699184157 -0.0976690162439 0.499998619173 -0.215357517417 2.36901330365e-07 -0.121973203644 -0.115959440025
37.3 446 112 242.100182 -0.169235667816 -0.0973206045603 0.499998623965 -0.215357250236 2.56008527065e-07 -0.121973119528 -0.115979176436
37.4 448 120 233.752649 -0.168772928052 -0.0969763413836 0.499998629093 -0.21535697667 2.84528253527e-07 -0.121973031418 -0.11599848412
37.5 450 126 70.065519 -0.168311026932 -0.0966362104412 0.499998634632 -0.215356709128 3.13402531829e-07 -0.121972944475 -0.11601735813
37.6 452 117 277.330902 -0.16784997832 -0.0963001225117 0.499998640891 -0.2153564572 3.33011238134e-07 -0.121972862887 -0.116035800307
37.7 454 118 278.392325 -0.167389855776 -0.0959680741712 0.4999986476 -0.215356204257 3.6476175308e-07 -0.121972780032 -0.116053784024
37.8 456 112 139.988046 -0.166930711249 -0.0956400125471 0.499998655098 -0.215355962185 3.96363124489e-07 -0.121972700254 -0.116071300062
37.9 458 124 155.003091 -0.166472577918 -0.0953158855316 0.499998663093 -0.215355727224 4.26894108833e-07 -0.121972622749 -0.116088362591
38 460 110 122.048916 -0.166015484476 -0.0949956398604 0.499998671188 -0.215355500794 4.57204887491e-07 -0.121972547075 -0.116104956487
38.1 462 110 73.439936 -0.165559482444 -0.0946792232527 0.49999868035 -0.215355285765 4.88453280233e-07 -0.121972475315 -0.116121084829
38.2 464 112 139.108606 -0.165104589834 -0.0943665859233 0.49999869025 -0.215355085548 5.16447620384e-07 -0.121972408675 -0.11613676775
38.3 466 116 157.696073 -0.164650838319 -0.0940576627159 0.499998700434 -0.215354905783 5.3728932406e-07 -0.121972348698 -0.116152005556
38.4 468 122 275.45302 -0.16419824287 -0.0937524151415 0.499998710467 -0.215354745522 5.44902769725e-07 -0.121972295397 -0.116166805748
38.5 470 102 124.302176 -0.163746847795 -0.0934507801153 0.499998721193 -0.215354594384 5.42366016557e-07 -0.121972244554 -0.116181197344
38.6 472 121 288.740631 -0.163296662288 -0.0931526880486 0.49999873143 -0.215354451208 5.47479276768e-07 -0.121972195955 -0.116195196654
38.7 474 112 286.061287 -0.162847675553 -0.0928580983886 0.499998742406 -0.215354338405 5.44943305765e-07 -0.121972158632 -0.116208811344
38.8 476 114 200.99868 -0.162399929354 -0.0925669493183 0.499998752819 -0.215354249682 5.24490372321e-07 -0.121972130056 -0.116222063701
38.9 478 122 132.848242 -0.161953409402 -0.0922791913318 0.499998762694 -0.215354172642 4.90372216291e-07 -0.121972105348 -0.116234985528
39 480 149 433.345644 -0.161508123134 -0.0919947695272 0.4999987722 -0.215354111337 4.48675256115e-07 -0.12197208611 -0.116247611081
39.1 482 108 95.2008 -0.161064066673 -0.0917136402374 0.499998781084 -0.215354070942 4.03549352261e-07 -0.121972075156 -0.11625995505
39.2 484 113 275.175525 -0.160621243579 -0.0914357455718 0.499998788458 -0.215354046047 3.3631563047e-07 -0.121972068143 -0.11627204014
39.3 486 105 201.244877 -0.160179639591 -0.0911610361106 0.499998794343 -0.215354043848 2.58403118021e-07 -0.121972070038 -0.116283900355
39.4 488 115 237.367744 -0.159739245225 -0.0908894792351 0.499998797716 -0.215354052316 1.4916700071e-07 -0.121972074876 -0.116295558229
39.5 490 119 353.532578 -0.159300056818 -0.0906210239726 0.499998799155 -0.215354092304 3.34490032339e-08 -0.121972091853 -0.116307052766
39.6 492 119 304.980447 -0.158862063939 -0.0903556324197 0.499998798327 -0.215354142191 -1.02659492143e-07 -0.121972111676 -0.11631840794
39.7 494 113 321.675767 -0.158425237397 -0.0900932706721 0.499998795051 -0.215354206133 -2.41890499957e-07 -0.121972136774 -0.116329661204
39.8 496 113 100.006714 -0.157989577321 -0.0898339068058 0.499998788086 -0.21535428811 -4.07140100508e-07 -0.121972168265 -0.116340831333
39.9 498 110 100.149735 -0.157555048247 -0.089577515756 0.499998778024 -0.215354382425 -5.8856196699e-07 -0.12197220427 -0.116351954386
40 500 125 334.651634 -0.157121645488 -0.0893240641214 0.499998764276 -0.215354486488 -7.79116672366e-07 -0.121972243253 -0.11636305325
40.1 500 129 376.214926 -0.156689334606 -0.0890735292029 0.499998746594 -0.215354590987 -9.88148987746e-07 -0.121972282125 -0.116374139314
40.2 500 116 189.300167 -0.156258109981 -0.0888259031366 0.499998724516 -0.215354708786 -1.21875472699e-06 -0.121972325309 -0.116385250572
40.3 500 129 89.870387 -0.155827955578 -0.0885811517979 0.499998697435 -0.215354850172 -1.45791771317e-06 -0.121972377745 -0.116396408759
40.4 500 112 217.044046 -0.155398842447 -0.0883392801354 0.499998665565 -0.215354997725 -1.70814956528e-06 -0.121972431784 -0.11640763205
40.5 500 154 296.2149 -0.15497076509 -0.0881002589444 0.499998628435 -0.215355147859 -1.96525069817e-06 -0.12197248648 -0.116418939061
40.6 500 103 92.648677 -0.154543694531 -0.0878640973944 0.499998586748 -0.215355302219 -2.22902097905e-06 -0.121972541787 -0.116430342828
40.7 500 133 381.115639 -0.154117611197 -0.0876307914383 0.499998539221 -0.215355439672 -2.51101404355e-06 -0.121972590323 -0.116441858947
40.8 500 117 237.885784 -0.153692522322 -0.0874003201043 0.49999848575 -0.215355584885 -2.80212066862e-06 -0.121972641047 -0.116453486276
40.9 500 111 104.580359 -0.153268411259 -0.0871727093235 0.499998426282 -0.215355741574 -3.09654111821e-06 -0.121972695366 -0.116465250092
41 500 158 339.793407 -0.152845265871 -0.086947945449 0.499998360933 -0.215355889165 -3.39655634805e-06 -0.121972746368 -0.11647714185
41.1 500 119 323.196364 -0.152423076052 -0.0867260484226 0.499998290049 -0.215356036213 -3.69493354739e-06 -0.121972796297 -0.116489176558
41.2 494 117 83.811002 -0.152001846484 -0.0865070080204 0.499998213359 -0.215356163417 -4.00366958312e-06 -0.121972837436 -0.116501348736
41.3 420 247 430.272629 -0.151581567574 -0.0862908392368 0.499998130064 -0.215356271001 -4.30850978963e-06 -0.121972870038 -0.116513657418
41.4 422 133 92.230303 -0.151162237502 -0.0860775651296 0.499998041322 -0.21535638938 -4.58676540376e-06 -0.1219729066 -0.11652608724
41.5 424 176 239.200381 -0.150743875993 -0.0858671813467 0.49999794649 -0.215356481779 -4.88235858e-06 -0.121972931602 -0.116538647722
41.6 426 137 234.050936 -0.150326473119 -0.0856597063064 0.49999784596 -0.215356570038 -5.16301332038e-06 -0.121972953457 -0.116551317388
41.7 428 109 163.605602 -0.149910048356 -0.0854551441987 0.499997739326 -0.215356650648 -5.43762869538e-06 -0.121972971974 -0.116564091492
41.8 430 123 248.256414 -0.1494946163 -0.0852535040503 0.499997627118 -0.215356727708 -5.70134081837e-06 -0.121972988434 -0.116576953878
41.9 432 115 171.437259 -0.14908019859 -0.0850547960276 0.499997510077 -0.215356778999 -5.9580239156e-06 -0.121972993528 -0.116589889865
42 434 102 100.733363 -0.148666799627 -0.0848590384084 0.499997388595 -0.215356809561 -6.19988086314e-06 -0.121972990186 -0.116602884724
42.1 436 129 282.207726 -0.148254452087 -0.0846662346377 0.499997261779 -0.215356828111 -6.4241837256e-06 -0.121972980781 -0.116615915993
42.2 438 141 69.404821 -0.147843179741 -0.0844763844753 0.499997131039 -0.215356843727 -6.62905074139e-06 -0.121972969619 -0.116628976491
42.3 440 119 229.4073 -0.147432988463 -0.0842895082177 0.49999699632 -0.215356836979 -6.82028736098e-06 -0.121972948656 -0.116642040777
42.4 442 124 258.766579 -0.147023928318 -0.0841055915306 0.499996857741 -0.215356825399 -6.99063907399e-06 -0.121972924919 -0.116655082068
42.5 444 110 83.713509 -0.146616040576 -0.0839246466589 0.499996715378 -0.215356798311 -7.15429756006e-06 -0.121972894101 -0.116668085728
42.6 446 110 61.336318 -0.14620933686 -0.083746675702 0.499996570912 -0.215356747325 -7.2834995969e-06 -0.121972853025 -0.116681026576
42.7 448 113 69.171134 -0.145803860587 -0.0835716686698 0.49999642395 -0.215356680473 -7.39626314936e-06 -0.121972804859 -0.116693883652
42.8 428 126 140.591083 -0.145399651951 -0.0833996188196 0.49999627481 -0.215356601569 -7.49102973389e-06 -0.121972751609 -0.116706632626
42.9 430 107 129.165235 -0.144996738512 -0.0832305210907 0.499996123782 -0.215356503303 -7.5699383525e-06 -0.121972690322 -0.116719247046
43 432 130 147.321818 -0.144595155832 -0.0830643714352 0.499995971375 -0.215356401261 -7.6075560231e-06 -0.121972625706 -0.116731727969
43.1 434 114 117.652567 -0.144194952381 -0.0829011324464 0.499995818481 -0.215356269903 -7.6431047618e-06 -0.121972549849 -0.116744028384
43.2 436 116 149.151133 -0.143796149302 -0.0827408180483 0.499995664762 -0.215356131894 -7.66520723307e-06 -0.121972471039 -0.116756145087
43.3 438 128 180.95572 -0.143398797933 -0.0825833860321 0.499995510879 -0.215355984425 -7.65769877625e-06 -0.121972387994 -0.116768067634
43.4 440 128 192.244056 -0.14300292574 -0.0824288226217 0.499995357799 -0.215355823577 -7.61617565564e-06 -0.12197229915 -0.116779761037
43.5 442 104 143.886454 -0.142608590178 -0.082277102789 0.499995205166 -0.215355653691 -7.5773865701e-06 -0.121972205318 -0.116791221197
43.6 444 126 219.237925 -0.142215817633 -0.0821281906646 0.49999505353 -0.215355460858 -7.51401667136e-06 -0.121972102913 -0.116802430038
43.7 446 140 351.901958 -0.141824638829 -0.0819820635531 0.499994902347 -0.215355269673 -7.44084290519e-06 -0.121972001292 -0.116813382305
43.8 448 124 304.864884 -0.141435089941 -0.0818386794811 0.499994753988 -0.21535506565 -7.33430761074e-06 -0.121971894176 -0.116824068895
43.9 450 120 302.056588 -0.141047198144 -0.0816980002165 0.499994608644 -0.215354850547 -7.19238761091e-06 -0.121971782827 -0.116834476354
44 452 115 179.295949 -0.140661002582 -0.0815599927208 0.499994466012 -0.215354639225 -7.03585557748e-06 -0.121971672687 -0.116844610652
44.1 454 140 391.021832 -0.140276516394 -0.0814246162636 0.499994326245 -0.215354438186 -6.87588543032e-06 -0.121971566754 -0.116854452151
44.2 456 144 720.285111 -0.139893776084 -0.0812918248546 0.499994190559 -0.21535422192 -6.69379306032e-06 -0.121971455489 -0.116864012587
44.3 458 155 472.250276 -0.139512798668 -0.0811615806734 0.499994059159 -0.215353988586 -6.47158128972e-06 -0.121971336808 -0.116873281903
44.4 460 122 114.571388 -0.139133608358 -0.0810338352166 0.499993932183 -0.215353743536 -6.23817606666e-06 -0.121971213559 -0.116882270146
44.5 462 121 109.035186 -0.138756217009 -0.0809085430686 0.499993808543 -0.215353519081 -6.05383717971e-06 -0.121971097131 -0.116890986786
44.6 464 255 312.66228 -0.138380635735 -0.0807856575165 0.499993689397 -0.215353293978 -5.83190305246e-06 -0.12197098138 -0.116899435999
44.7 454 147 236.494194 -0.138006885495 -0.0806651302948 0.499993575221 -0.215353067292 -5.58295596195e-06 -0.121970865997 -0.116907621871
44.8 446 126 181.662837 -0.137634974505 -0.0805469202712 0.499993466214 -0.215352845782 -5.31972298763e-06 -0.121970752604 -0.116915555309
44.9 448 129 119.547593 -0.137264896793 -0.0804309690489 0.499993361293 -0.215352632227 -5.09134892396e-06 -0.121970641181 -0.116923248803
45 450 124 149.356357 -0.136896655235 -0.0803172426311 0.499993261636 -0.215352424504 -4.83419633958e-06 -0.121970532988 -0.116930715923
45.1 452 116 122.842065 -0.136530259558 -0.0802056802096 0.499993167152 -0.215352222773 -4.56659291857e-06 -0.121970427869 -0.116937977097
45.2 454 100 73.124496 -0.136165703055 -0.080096245977 0.499993078187 -0.21535203353 -4.29096979074e-06 -0.121970328276 -0.11694504463
45.3 456 126 233.435405 -0.135802971185 -0.0799889020841 0.49999299494 -0.215351856328 -4.01312767156e-06 -0.121970233205 -0.116951931877
45.4 458 128 340.120133 -0.135442061311 -0.0798835929935 0.499992916794 -0.215351681484 -3.73912505209e-06 -0.121970139576 -0.116958665323
45.5 460 119 156.980446 -0.1350829685 -0.0797802793178 0.499992844104 -0.215351532995 -3.47064456795e-06 -0.121970056841 -0.116965251763
45.6 462 154 273.713921 -0.134725671258 -0.0796789216675 0.499992777691 -0.21535135896 -3.15374233618e-06 -0.121969966023 -0.116971719775
45.7 464 163 445.124024 -0.134370163463 -0.0795794701842 0.499992717655 -0.215351247309 -2.8591645491e-06 -0.121969895948 -0.116978093604
45.8 466 112 74.675933 -0.134016423938 -0.0794819132853 0.499992663668 -0.215351125163 -2.56336779608e-06 -0.121969824767 -0.116984384166
45.9 466 119 191.202504 -0.133664442957 -0.0793861919988 0.499992615318 -0.215351032227 -2.27090041205e-06 -0.121969764756 -0.116990615711
46 468 118 234.131936 -0.13331417714 -0.0792922934592 0.499992572502 -0.215350940199 -2.01119365303e-06 -0.121969706197 -0.116996810509
46.1 470 125 241.609863 -0.132965616714 -0.0792001968547 0.499992534107 -0.215350868612 -1.73790612563e-06 -0.121969654881 -0.117002965462
46.2 472 121 379.224357 -0.132618756055 -0.0791098763129 0.499992500804 -0.215350814855 -1.49337675802e-06 -0.121969610836 -0.117009128564
46.3 474 127 297.750263 -0.1322735611 -0.079021276427 0.499992472767 -0.215350778968 -1.24287822026e-06 -0.121969574406 -0.117015304666
46.4 476 117 132.076982 -0.131930003615 -0.0789343992011 0.499992449705 -0.215350769687 -1.00079930185e-06 -0.121969549194 -0.117021504776
46.5 478 201 889.248446 -0.131588062702 -0.0788492293407 0.499992432196 -0.215350754171 -7.57243534766e-07 -0.12196952147 -0.117027755042
46.6 480 112 111.375161 -0.131247724455 -0.0787657623592 0.499992419636 -0.215350748984 -5.20600997631e-07 -0.121969498799 -0.117034064144
46.7 482 123 106.107396 -0.130908958748 -0.0786839656306 0.499992411089 -0.215350766184 -3.09236877938e-07 -0.12196948377 -0.117040439159
