fbr_green_shared_irlm_v1 L 100 U 0.2 V 0.1 dt 0.1 steps 201
# t ReG00 ImG00 ReG01 ImG01 maxBondDim n_active   (vs chain: max|dG|=7.11345e-05)
0 0 -0.500000010886 0 -0.292360321841 24 14
0.1 -0.00487896992907 -0.499920803327 -0.00791997371719 -0.29216896505 23 14
0.2 -0.0097484504832 -0.499683560649 -0.015815971799 -0.291595753028 22 15
0.3 -0.0145990279282 -0.499289425982 -0.0236641547465 -0.290643264614 23 14
0.4 -0.019421434651 -0.498740288982 -0.0314409514312 -0.289315777381 23 14
0.5 -0.0242066216951 -0.498038766875 -0.0391231923549 -0.287619240468 24 14
0.6 -0.0289458246881 -0.497188175771 -0.0466882373729 -0.28556123548 24 14
0.7 -0.0336306300358 -0.496192496645 -0.054114101889 -0.283150926474 23 14
0.8 -0.0382530324489 -0.495056334536 -0.0613795759213 -0.280399000902 24 14
0.9 -0.0428054907134 -0.493784868055 -0.0684643393509 -0.277317598771 24 15
1 -0.0472809735063 -0.492383799996 -0.075349068982 -0.273920236188 23 17
1.1 -0.0516730020392 -0.490859298563 -0.0820155388124 -0.270221716489 24 14
1.2 -0.0559756835675 -0.489217937782 -0.0884467130223 -0.266238036248 23 14
1.3 -0.0601837385965 -0.487466634783 -0.0946268292108 -0.26198628415 22 14
1.4 -0.0642925204432 -0.485612585114 -0.10054147302 -0.257484533042 22 14
1.5 -0.0682980271513 -0.483663197845 -0.106177643438 -0.252751726996 23 14
1.6 -0.0721969065067 -0.48162603085 -0.111523807027 -0.247807565349 22 14
1.7 -0.0759864535802 -0.47950872775 -0.116569944339 -0.242672379981 22 14
1.8 -0.0796646021046 -0.477318955531 -0.12130758425 -0.237367014002 23 14
1.9 -0.083229908047 -0.475064347742 -0.125729824988 -0.231912697887 22 14
2 -0.086681529921 -0.472752448121 -0.129831351347 -0.226330923598 22 14
2.1 -0.090019202107 -0.470390658078 -0.133608437381 -0.220643318803 23 14
2.2 -0.0932432039916 -0.467986192336 -0.137058938414 -0.214871525404 23 14
2.3 -0.0963543258084 -0.465546035894 -0.140182274868 -0.209037076387 22 14
2.4 -0.0993538308201 -0.463076907602 -0.142979405211 -0.20316127721 23 14
2.5 -0.102243415721 -0.460585228752 -0.145452791137 -0.197265091081 23 14
2.6 -0.105025169317 -0.458077097479 -0.147606352172 -0.19136902819 23 14
2.7 -0.107701529927 -0.455558267218 -0.149445412981 -0.18549303952 24 14
2.8 -0.110275243337 -0.453034131786 -0.150976642813 -0.179656416208 26 14
2.9 -0.11274932036 -0.450509715032 -0.152207987131 -0.173877696718 24 14
3 -0.115126996248 -0.447989664621 -0.153148593713 -0.168174578512 25 15
3.1 -0.117411691373 -0.445478248855 -0.153808732206 -0.162563836707 23 14
3.2 -0.119606972228 -0.442979363498 -0.154199707112 -0.15706125471 24 14
3.3 -0.121716517701 -0.440496533738 -0.154333768702 -0.151681556474 24 14
3.4 -0.123744085609 -0.438032923494 -0.154224018517 -0.146438349977 26 16
3.5 -0.125693483179 -0.435591347325 -0.153884311965 -0.141344078919 25 16
3.6 -0.127568539589 -0.433174283469 -0.153329158462 -0.136409982574 24 14
3.7 -0.129373081418 -0.430783888221 -0.152573619736 -0.131646063087 25 14
3.8 -0.131110911994 -0.428422012283 -0.15163320717 -0.127061063107 25 15
3.9 -0.132785792582 -0.426090217262 -0.150523778997 -0.122662450108 24 16
4 -0.134401426158 -0.4237897921 -0.149261437175 -0.118456409647 25 17
4.1 -0.135961443992 -0.421521772217 -0.147862425486 -0.114447848475 25 19
4.2 -0.137469394868 -0.419286949817 -0.146343030459 -0.110640399755 25 20
4.3 -0.138928735386 -0.417085895872 -0.144719481907 -0.107036444494 26 22
4.4 -0.140342822481 -0.414918973303 -0.143007858293 -0.103637134588 30 19
4.5 -0.141714907519 -0.412786351257 -0.141223994684 -0.100442424769 26 21
4.6 -0.143048131103 -0.410688018874 -0.139383394692 -0.0974511108602 27 23
4.7 -0.144345519399 -0.408623797288 -0.137501146551 -0.0946608751338 26 23
4.8 -0.145609980659 -0.406593351478 -0.135591844255 -0.0920683368922 26 24
4.9 -0.14684430284 -0.404596201343 -0.133669513589 -0.0896691089668 26 26
5 -0.148051150486 -0.402631731205 -0.131747543655 -0.0874578590705 27 28
5.1 -0.149233063994 -0.400699200103 -0.129838624727 -0.0854283760427 26 28
5.2 -0.150392454065 -0.398797748849 -0.127954691442 -0.0835736396057 28 27
5.3 -0.151531602697 -0.396926410153 -0.126106873474 -0.0818858936034 28 27
5.4 -0.152652659018 -0.395084115327 -0.124305452434 -0.080356721111 31 29
5.5 -0.153757636978 -0.393269703244 -0.122559823737 -0.0789771266435 30 31
5.6 -0.154848413791 -0.391481931821 -0.120878468137 -0.0777376152679 31 31
5.7 -0.155926726776 -0.389719481264 -0.119268929304 -0.0766282721521 35 31
5.8 -0.156994170313 -0.387980965643 -0.117737796653 -0.0756388467885 31 33
5.9 -0.158052194102 -0.386264940761 -0.116290698947 -0.0747588381175 32 35
6 -0.159102100752 -0.3845699119 -0.114932298904 -0.0739775633796 32 36
6.1 -0.160145043972 -0.382894349378 -0.11366630004 -0.0732842586025 32 37
6.2 -0.161182029047 -0.38123669131 -0.112495457699 -0.0726681414666 32 30
6.3 -0.162213908661 -0.379595359364 -0.111421594987 -0.0721184967992 31 18
6.4 -0.163241386617 -0.377968767842 -0.110445628332 -0.0716247487885 30 33
6.5 -0.164265016954 -0.376355336062 -0.109567594747 -0.0711765326453 31 15
6.6 -0.165285207062 -0.374753499137 -0.108786688799 -0.0707637627094 30 15
6.7 -0.166302219609 -0.373161718522 -0.108101301622 -0.070376693953 30 15
6.8 -0.167316177467 -0.371578494248 -0.107509065768 -0.0700059837534 30 15
6.9 -0.168327068076 -0.370002375578 -0.107006903425 -0.0696427460791 31 15
7 -0.169334749712 -0.368431971863 -0.1065910793 -0.0692786015009 31 15
7.1 -0.170338959489 -0.366865962545 -0.106257257568 -0.0689057209208 30 15
7.2 -0.171339320647 -0.36530310654 -0.106000560143 -0.0685168650948 31 15
7.3 -0.172335352438 -0.363742251762 -0.105815627731 -0.068105418014 31 15
7.4 -0.173326479591 -0.362182341792 -0.105696683224 -0.0676654142797 30 15
7.5 -0.174312043092 -0.360622422398 -0.105637595743 -0.0671915606342 30 15
7.6 -0.17529131163 -0.359061648459 -0.105631946176 -0.0666792527988 29 15
7.7 -0.176263493525 -0.357499287424 -0.1056730923 -0.0661245844489 30 15
7.8 -0.177227748491 -0.355934722408 -0.105754233803 -0.0655243517816 31 15
7.9 -0.178183200215 -0.354367454378 -0.105868476859 -0.0648760520064 30 15
8 -0.179128948313 -0.352797102641 -0.106008896988 -0.0641778762018 29 15
8.1 -0.180064080696 -0.351223404558 -0.106168600301 -0.0634286968754 31 15
8.2 -0.180987685583 -0.349646212462 -0.106340783301 -0.0626280507655 29 15
8.3 -0.181898862288 -0.348065492216 -0.106518788547 -0.0617761155229 30 15
8.4 -0.182796732589 -0.346481317583 -0.106696158432 -0.0608736839387 30 16
8.5 -0.18368045072 -0.34489386603 -0.106866685656 -0.0599221322317 30 15
8.6 -0.184549212583 -0.34330341227 -0.107024459647 -0.0589233842028 30 15
8.7 -0.185402264676 -0.341710321513 -0.107163909333 -0.0578798740966 32 15
8.8 -0.186238911361 -0.340115041688 -0.107279841351 -0.0567945040791 31 15
8.9 -0.187058521838 -0.338518095379 -0.107367473954 -0.0556706004784 31 15
9 -0.187860535423 -0.336920071421 -0.107422466617 -0.0545118672396 31 15
9.1 -0.188644466231 -0.335321615765 -0.107440944651 -0.0533223377547 31 15
9.2 -0.189409907088 -0.333723422763 -0.107419519874 -0.0521063256164 31 15
9.3 -0.190156531439 -0.332126225635 -0.107355303826 -0.050868373482 31 17
9.4 -0.190884095642 -0.330530787221 -0.107245919923 -0.0496132029324 32 17
9.5 -0.191592439198 -0.328937892157 -0.107089508308 -0.0483456641961 34 18
9.6 -0.192281484751 -0.327348337003 -0.106884727572 -0.0470706851223 32 20
9.7 -0.192951236965 -0.32576292145 -0.106630750059 -0.0457932207017 33 22
9.8 -0.193601780514 -0.324182440957 -0.106327254795 -0.0445182069277 35 20
9.9 -0.194233277877 -0.322607679656 -0.105974414682 -0.043250512916 39 22
10 -0.194845966092 -0.32103940242 -0.105572879732 -0.0419948970661 36 24
10.1 -0.195440152641 -0.319478346702 -0.105123756978 -0.0407559643034 37 25
10.2 -0.196016212681 -0.317925221515 -0.104628588374 -0.0395381260888 38 26
10.3 -0.196574582373 -0.316380695301 -0.104089322646 -0.0383455639339 37 28
10.4 -0.197115755319 -0.314845394886 -0.103508286241 -0.0371821954673 44 26
10.5 -0.19764027683 -0.313319900739 -0.10288815088 -0.0360516444328 40 24
10.6 -0.198148739372 -0.311804742223 -0.10223190018 -0.0349572130473 41 17
10.7 -0.198641775019 -0.310300394668 -0.101542791627 -0.0339018600179 40 16
10.8 -0.199120051471 -0.308807276916 -0.100824319748 -0.0328881805462 39 16
10.9 -0.199584264832 -0.307325749029 -0.100080177687 -0.0319183888139 37 16
11 -0.20003513615 -0.305856110322 -0.0993142175236 -0.0309943088125 36 16
11.1 -0.200473402256 -0.304398600575 -0.0985304100271 -0.0301173652544 36 16
11.2 -0.200899812757 -0.302953396111 -0.0977328043793 -0.0292885793407 38 16
11.3 -0.20131512158 -0.301520609751 -0.0969254885834 -0.028508568641 36 16
11.4 -0.201720083341 -0.300100295058 -0.0961125505401 -0.0277775498551 37 16
11.5 -0.202115447081 -0.298692444127 -0.0952980400845 -0.0270953471345 37 16
11.6 -0.202501951057 -0.297296989324 -0.0944859314561 -0.0264614007311 39 16
11.7 -0.20288031759 -0.295913806098 -0.0936800893038 -0.0258747826955 37 16
11.8 -0.203251246535 -0.294542713538 -0.0928842335922 -0.0253342111702 38 16
11.9 -0.203615413455 -0.293183478614 -0.0921019104057 -0.0248380715261 37 16
12 -0.203973463312 -0.291835817721 -0.0913364618098 -0.0243844385024 39 16
12.1 -0.204326006004 -0.290499402274 -0.0905909994192 -0.0239710996707 39 16
12.2 -0.204673613051 -0.289173859092 -0.0898683814954 -0.0235955825584 39 18
12.3 -0.205016814364 -0.287858776576 -0.0891711914154 -0.0232551833393 39 16
12.4 -0.205356094777 -0.286553708713 -0.0885017204936 -0.0229469959033 39 16
12.5 -0.205691891518 -0.285258179081 -0.087861952444 -0.0226679427202 39 16
12.6 -0.206024591757 -0.283971686062 -0.087253554222 -0.0224148089728 40 18
12.7 -0.206354531209 -0.28269370736 -0.0866778652779 -0.0221842722032 42 18
12.8 -0.20668199201 -0.281423704414 -0.0861358933701 -0.0219729365575 40 18
12.9 -0.207007203181 -0.28016112995 -0.0856283126304 -0.0217773652629 43 17
13 -0.207330338945 -0.278905430118 -0.0851554653222 -0.021594113627 43 17
13.1 -0.207651519402 -0.277656051773 -0.0847173637832 -0.0214197578348 41 17
13.2 -0.20797081141 -0.276412446334 -0.0843137022062 -0.0212509314435 41 17
13.3 -0.20828822932 -0.27517407536 -0.0839438612904 -0.0210843498935 43 17
13.4 -0.208603736961 -0.273940415325 -0.0836069249334 -0.020916841595 42 17
13.5 -0.208917249586 -0.272710962134 -0.0833016939451 -0.0207453736681 42 17
13.6 -0.209228636242 -0.271485235435 -0.0830267039669 -0.0205670778721 43 17
13.7 -0.209537723042 -0.27026278293 -0.0827802447959 -0.0203792721105 42 17
13.8 -0.209844296109 -0.269043183777 -0.082560382214 -0.020179481788 41 17
13.9 -0.210148105772 -0.267826052368 -0.0823649809843 -0.0199654578992 41 17
14 -0.210448869883 -0.266611040976 -0.0821917297249 -0.0197351928806 43 17
14.1 -0.210746278415 -0.265397842108 -0.0820381661502 -0.0194869337526 41 17
14.2 -0.211039998476 -0.264186191524 -0.0819017043802 -0.0192191926521 42 17
14.3 -0.211329677774 -0.262975867847 -0.0817796616376 -0.0189307547802 45 17
14.4 -0.211614949791 -0.261766694709 -0.0816692859901 -0.0186206835762 42 17
14.5 -0.2118954388 -0.260558543121 -0.0815677845652 -0.0182883215385 43 19
14.6 -0.212170763951 -0.259351328848 -0.0814723495317 -0.0179332944352 49 18
14.7 -0.212440544227 -0.258145013358 -0.0813801865292 -0.0175555042598 49 17
14.8 -0.212704403287 -0.256939603018 -0.0812885409164 -0.017155124893 45 17
14.9 -0.212961973188 -0.255735147254 -0.0811947219376 -0.0167325959056 45 18
15 -0.213212898896 -0.254531737529 -0.0810961315364 -0.0162886071921 47 19
15.1 -0.213456842562 -0.253329504812 -0.0809902811298 -0.0158240939363 50 17
15.2 -0.213693486468 -0.252128617948 -0.0808748171812 -0.0153402175425 46 17
15.3 -0.213922537195 -0.250929279455 -0.0807475403634 -0.0148383501923 46 17
15.4 -0.214143727922 -0.249731724137 -0.0806064229939 -0.014320057127 46 18
15.5 -0.214356821488 -0.248536213992 -0.0804496256372 -0.0137870772883 47 18
15.6 -0.214561612338 -0.247343037024 -0.0802755109588 -0.0132413029643 51 20
15.7 -0.214757928642 -0.246152502031 -0.0800826552641 -0.0126847573171 49 20
15.8 -0.214945634053 -0.24496493613 -0.0798698582703 -0.0121195726127 49 22
15.9 -0.215124628484 -0.243780679816 -0.0796361502863 -0.0115479667575 53 22
16 -0.215294848964 -0.242600083295 -0.0793807967986 -0.0109722198079 51 24
16.1 -0.215456270033 -0.241423503413 -0.0791033014011 -0.0103946500639 53 25
16.2 -0.215608902778 -0.24025129887 -0.0788034056644 -0.00981759093966 55 25
16.3 -0.215752797093 -0.239083828024 -0.0784810880436 -0.00924336777015 53 26
16.4 -0.215888036836 -0.237921443344 -0.0781365585466 -0.00867427481383 54 27
16.5 -0.216014743027 -0.236764490757 -0.0777702532461 -0.00811255359193 58 29
16.6 -0.216133069694 -0.235613302278 -0.0773828252646 -0.00756037098318 56 29
16.7 -0.216243203507 -0.234468197653 -0.0769751346148 -0.00701980013012 58 30
16.8 -0.216345360974 -0.233329478127 -0.0765482366937 -0.00649280130069 56 31
16.9 -0.216439786922 -0.232197425002 -0.076103367364 -0.00598120466749 56 32
17 -0.2165267522 -0.231072296803 -0.0756419294306 -0.00548669429114 65 34
17.1 -0.216606550983 -0.229954326678 -0.0751654747397 -0.00501079418831 66 36
17.2 -0.216679497553 -0.228843722987 -0.0746756869035 -0.00455485654919 67 38
17.3 -0.216745924596 -0.227740664146 -0.07417436327 -0.00412005022823 68 39
17.4 -0.216806178747 -0.22664529916 -0.0736633947077 -0.00370735277134 67 39
17.5 -0.21686061857 -0.225557747471 -0.073144745913 -0.0033175447147 61 41
17.6 -0.216909611818 -0.224478095435 -0.0726204360317 -0.00295120271487 72 21
17.7 -0.21695353096 -0.223406398895 -0.0720925159973 -0.0026086994442 60 18
17.8 -0.216992751041 -0.222342680659 -0.071563052521 -0.00229020297549 56 24
17.9 -0.217027646569 -0.221286932201 -0.0710341021593 -0.00199567606869 57 18
18 -0.21705858784 -0.220239113213 -0.0705076952409 -0.00172488159792 56 18
18.1 -0.217085938169 -0.219199152466 -0.0699858155378 -0.00147738698746 60 18
18.2 -0.217110051643 -0.218166948933 -0.0694703822908 -0.00125257137468 56 18
18.3 -0.21713126955 -0.21714237249 -0.0689632321713 -0.00104963445998 58 18
18.4 -0.217149918098 -0.216125266106 -0.0684661030524 -0.000867606803514 56 18
18.5 -0.217166306141 -0.215115447049 -0.0679806187679 -0.000705361566532 58 18
18.6 -0.21718072236 -0.214112708996 -0.0675082750766 -0.000561627577782 58 18
18.7 -0.217193433567 -0.213116823962 -0.0670504276806 -0.000435003681517 56 18
18.8 -0.217204682697 -0.212127544774 -0.0666082803027 -0.000323973965868 57 18
18.9 -0.217214687115 -0.211144607533 -0.0661828761325 -0.000226924087354 61 18
19 -0.217223637736 -0.210167734004 -0.0657750905242 -0.000142158219246 63 18
19.1 -0.21723169716 -0.209196634486 -0.0653856244459 -6.79162708839e-05 61 18
19.2 -0.217238999595 -0.208231010824 -0.0650150006448 -2.39164699398e-06 61 18
19.3 -0.217245649684 -0.207270558921 -0.0646635615741 5.62508806071e-05 63 18
19.4 -0.217251723034 -0.206314971537 -0.0643314682622 0.000109856765989 60 18
19.5 -0.2172572657 -0.205363941788 -0.0640187020991 0.000160264492836 63 18
19.6 -0.217262294289 -0.204417165263 -0.0637250676824 0.000209288106725 65 18
19.7 -0.217266797283 -0.2034743432 -0.0634501972121 0.000258699703397 61 18
19.8 -0.217270735447 -0.202535185259 -0.0631935566187 0.000310213727445 63 18
19.9 -0.217274043072 -0.201599411855 -0.062954452446 0.00036547089428 64 20
20 -0.217276629553 -0.200666757005 -0.0627320437396 0.00042602480792 69 22
