# SIAM impurity greater Green function, spin-symmetric FBR
# L=500 U=0.025 V=0.1 dt=0.1 tmax=250 E_gs=-158.222021525
# t  n_active  bond_dim  wall_s  ReG00  ImG00  n0  ReC0n  ImC0n  E_psi0  E_B
0 24 33 0.610044 0 -0.499999994143 0.50000000823 -0.236855150443 0 -1000 -1000
0.1 28 27 1.870361 -0.00244327020073 -0.499974588008 0.500000008247 -0.236855250943 7.487823153e-10 -0.101739660365 -0.052873429615
0.2 32 24 2.024033 -0.00488432592574 -0.499898434467 0.500000008324 -0.236855503722 1.49353934276e-09 -0.101739731972 -0.0529129726389
0.3 36 23 2.145619 -0.00732096121061 -0.499771729254 0.500000008421 -0.236855901759 2.59022249957e-09 -0.101739862491 -0.0529919055295
0.4 40 23 2.151382 -0.00975098746751 -0.499594797309 0.500000008599 -0.236856445331 6.55269307855e-09 -0.101740051846 -0.0531099313035
0.5 44 22 1.858529 -0.0121722427964 -0.499368091082 0.500000008872 -0.236857120578 1.01077357583e-08 -0.101740294432 -0.0532666075391
0.6 48 22 1.971467 -0.0145825999407 -0.499092188729 0.500000009294 -0.23685793047 1.72227581862e-08 -0.101740591364 -0.0534613478932
0.7 40 22 2.410095 -0.0169799749634 -0.498767790761 0.5000000098 -0.236858870745 2.07817978904e-08 -0.10174094158 -0.0536934259581
0.8 44 24 2.203711 -0.0193623354941 -0.498395716462 0.500000010358 -0.236859930812 2.58061576139e-08 -0.101741340575 -0.0539619790428
0.9 48 23 2.324134 -0.0217277082419 -0.497976900596 0.50000001096 -0.236861111298 2.74267725649e-08 -0.101741789266 -0.0542660110609
1 52 24 2.557996 -0.0240741865331 -0.497512388464 0.500000011596 -0.236862400697 2.86051568989e-08 -0.101742282988 -0.0546043998439
1.1 56 23 2.7584 -0.0263999373003 -0.497003330021 0.500000012254 -0.236863792033 2.91589528227e-08 -0.101742819012 -0.0549759032837
1.2 60 23 2.972359 -0.0287032078496 -0.496450975266 0.500000012912 -0.236865275555 2.80269507562e-08 -0.101743393593 -0.0553791634178
1.3 52 24 3.177974 -0.0309823326858 -0.495856667769 0.500000013533 -0.236866839271 2.5148084178e-08 -0.101744002153 -0.055812716783
1.4 56 23 2.8905 -0.0332357377632 -0.495221837812 0.500000014046 -0.23686847965 1.90853167364e-08 -0.101744643079 -0.0562750005389
1.5 60 23 3.021399 -0.0354619473159 -0.494547996047 0.500000014421 -0.23687018401 1.07231237136e-08 -0.101745311555 -0.0567643602521
1.6 64 24 3.209908 -0.0376595878816 -0.493836726033 0.500000014605 -0.23687194379 1.0967750254e-11 -0.10174600411 -0.0572790594526
1.7 68 23 3.380689 -0.0398273920724 -0.493089676221 0.500000014562 -0.236873747171 -1.22034692693e-08 -0.101746716114 -0.0578172884701
1.8 64 24 3.465281 -0.0419642033035 -0.492308553122 0.50000001425 -0.236875585127 -2.72902104761e-08 -0.101747443993 -0.0583771730777
1.9 68 24 3.349912 -0.0440689772087 -0.491495112145 0.500000013605 -0.236877447041 -4.48959375799e-08 -0.101748183665 -0.0589567853087
2 72 25 3.48797 -0.0461407845359 -0.490651151372 0.50000001261 -0.236879321488 -6.36505533952e-08 -0.101748930439 -0.0595541524673
2.1 76 24 3.684811 -0.0481788134556 -0.489778501003 0.500000011137 -0.2368811927 -8.84739095728e-08 -0.101749678265 -0.060167267503
2.2 80 24 3.873975 -0.0501823702258 -0.488879016153 0.500000009188 -0.236883062572 -1.13607931495e-07 -0.101750426793 -0.0607940991885
2.3 84 26 4.058658 -0.0521508802296 -0.487954567933 0.500000006688 -0.236884904294 -1.40842684343e-07 -0.101751166754 -0.061432602298
2.4 88 25 4.442387 -0.0540838856798 -0.487007037635 0.50000000365 -0.236886715915 -1.68375566855e-07 -0.101751897158 -0.0620807267796
2.5 92 26 4.581378 -0.0559810482727 -0.486038304355 0.500000000032 -0.236888482715 -1.96624675918e-07 -0.10175261149 -0.06273642905
2.6 96 25 4.978449 -0.0578421440429 -0.485050240652 0.499999995878 -0.236890198838 -2.23277161868e-07 -0.10175330761 -0.0633976811439
2.7 100 26 5.264626 -0.0596670655387 -0.484044702155 0.499999991188 -0.236891853469 -2.47973591844e-07 -0.10175398091 -0.0640624803209
2.8 104 28 5.573955 -0.061455815306 -0.483023522055 0.499999986057 -0.236893439212 -2.68933729258e-07 -0.101754628582 -0.0647288598757
2.9 108 26 5.951147 -0.0632085052592 -0.481988501807 0.499999980557 -0.236894945275 -2.86118234134e-07 -0.101755246149 -0.0653948962955
3 112 29 6.480176 -0.064925353429 -0.480941404383 0.499999974717 -0.236896366547 -2.99131130597e-07 -0.101755831328 -0.0660587164981
3.1 116 26 5.957213 -0.0666066763907 -0.479883950432 0.49999996868 -0.236897694523 -3.06240788782e-07 -0.101756380644 -0.0667185122293
3.2 120 28 7.140081 -0.0682528897903 -0.478817805951 0.499999962538 -0.236898923549 -3.09619887075e-07 -0.101756891959 -0.0673725419321
3.3 124 28 7.470915 -0.0698645003449 -0.47774458197 0.499999956383 -0.23690004681 -3.05973178427e-07 -0.10175736196 -0.0680191413437
3.4 128 28 7.679675 -0.0714421010513 -0.476665826905 0.499999950369 -0.236901061453 -2.95927979933e-07 -0.101757789265 -0.0686567271769
3.5 132 27 7.74874 -0.0729863689237 -0.475583021653 0.499999944624 -0.236901963923 -2.79700701263e-07 -0.101758172426 -0.0692838069653
3.6 136 28 8.289209 -0.0744980467867 -0.474497572385 0.499999939305 -0.236902747936 -2.54855666785e-07 -0.10175850869 -0.0698989817741
3.7 140 30 8.819882 -0.0759779532649 -0.4734108127 0.499999934549 -0.23690341573 -2.24393185356e-07 -0.101758799317 -0.0705009540134
3.8 144 28 9.213771 -0.0774269714555 -0.472323995012 0.499999930434 -0.236903962042 -1.88305465342e-07 -0.101759041698 -0.0710885268582
3.9 148 28 10.087576 -0.078846029757 -0.471238287931 0.499999927091 -0.236904387735 -1.45489975823e-07 -0.101759235907 -0.0716606154121
4 152 27 9.031825 -0.0802361123702 -0.470154775811 0.499999924706 -0.23690468947 -9.56509194157e-08 -0.101759380599 -0.072216242887
4.1 156 30 9.879607 -0.0815982464431 -0.469074455007 0.499999923338 -0.236904871249 -4.2573473064e-08 -0.101759477173 -0.0727545443869
4.2 160 29 10.078771 -0.0829334894677 -0.467998235109 0.499999923165 -0.236904934589 1.97594332988e-08 -0.101759526018 -0.0732747714234
4.3 164 30 10.25426 -0.0842429304406 -0.466926933936 0.499999924268 -0.236904883126 8.64881201344e-08 -0.10175952825 -0.0737762895488
4.4 168 31 11.487371 -0.0855276773117 -0.465861281656 0.499999926762 -0.236904723452 1.57435554235e-07 -0.101759486602 -0.0742585824789
4.5 172 31 11.776509 -0.0867888531296 -0.464801918498 0.499999930642 -0.236904451008 2.28385478691e-07 -0.101759399893 -0.0747212444647
4.6 176 30 12.595079 -0.0880275876454 -0.463749397447 0.499999935981 -0.236904082426 3.02476845898e-07 -0.101759272071 -0.0751639869746
4.7 180 29 11.792164 -0.0892450125497 -0.462704181957 0.499999942773 -0.236903613406 3.77267286832e-07 -0.101759103767 -0.0755866298931
4.8 184 31 12.411832 -0.0904422540492 -0.461666650747 0.499999951093 -0.236903050562 4.49771070307e-07 -0.101758896472 -0.0759891057002
4.9 188 31 15.597794 -0.0916204298014 -0.460637097223 0.499999960885 -0.236902404288 5.22102129154e-07 -0.101758654094 -0.0763714525074
5 192 30 14.083246 -0.0927806286215 -0.459615744664 0.499999972041 -0.236901678378 5.92553839227e-07 -0.101758379474 -0.0767338104027
5.1 196 30 13.982559 -0.0939239307935 -0.458602723632 0.49999998462 -0.236900883297 6.57648937515e-07 -0.101758075117 -0.0770764180055
5.2 200 30 17.669666 -0.0950513824655 -0.457598100752 0.499999998465 -0.236900027288 7.17508034419e-07 -0.101757745056 -0.0773996067106
5.3 204 32 16.398718 -0.0961640009868 -0.456601866354 0.500000013561 -0.236899118671 7.75573031919e-07 -0.101757392188 -0.0777037999771
5.4 208 31 16.573504 -0.0972627619032 -0.455613947996 0.500000029684 -0.2368981664 8.27850643943e-07 -0.101757019555 -0.0779895032302
5.5 212 32 16.374567 -0.0983486017315 -0.454634210709 0.500000046549 -0.236897175398 8.58734486906e-07 -0.101756630517 -0.0782572939571
5.6 216 33 18.947274 -0.0994224143853 -0.453662459348 0.500000064061 -0.236896153211 8.86641653194e-07 -0.101756226664 -0.0785078281203
5.7 220 31 18.16344 -0.100485040697 -0.452698450278 0.500000082058 -0.236895112572 9.09795681721e-07 -0.101755813877 -0.07874182473
5.8 224 36 20.718588 -0.101537273973 -0.451741890494 0.500000100511 -0.236894061525 9.24545230815e-07 -0.101755395066 -0.0789600539218
5.9 228 32 19.545753 -0.102579856659 -0.450792441727 0.500000119127 -0.236893008791 9.24873623945e-07 -0.101754972195 -0.0791633485415
6 232 32 22.096884 -0.103613471054 -0.449849733664 0.500000137706 -0.236891957407 9.20849547704e-07 -0.10175454976 -0.0793525746809
6.1 236 33 23.725011 -0.104638747909 -0.448913358366 0.500000156053 -0.236890917479 9.11228013268e-07 -0.101754130217 -0.0795286405913
6.2 240 32 21.959087 -0.10565625814 -0.447982882976 0.500000173936 -0.236889896391 8.8288632988e-07 -0.101753716621 -0.079692481416
6.3 244 33 23.051329 -0.106666513791 -0.447057854773 0.500000191248 -0.236888903638 8.44733287271e-07 -0.101753313077 -0.0798450571566
6.4 248 33 25.415618 -0.107669972796 -0.446137800517 0.500000207799 -0.23688794562 8.03862397077e-07 -0.101752922005 -0.079987336759
6.5 252 33 23.479945 -0.108667031163 -0.445222238749 0.500000223332 -0.236887024713 7.5011890623e-07 -0.101752544318 -0.0801203040147
6.6 256 32 25.035704 -0.109658031617 -0.444310681003 0.500000237767 -0.23688615474 6.88009640986e-07 -0.101752185777 -0.0802449405747
6.7 260 33 27.666215 -0.110643254095 -0.44340263429 0.500000250804 -0.236885327726 6.16465717375e-07 -0.101751843245 -0.0803622226117
6.8 264 33 28.171924 -0.111622932353 -0.442497610966 0.500000262411 -0.236884567666 5.42418316062e-07 -0.101751526621 -0.0804731208124
6.9 268 33 26.220624 -0.11259724417 -0.441595127822 0.500000272457 -0.236883869033 4.59902174102e-07 -0.101751233901 -0.0805785789846
7 272 42 32.235031 -0.113566316 -0.440694717097 0.500000280887 -0.236883236571 3.7678281444e-07 -0.101750966883 -0.0806795206052
7.1 276 40 35.213663 -0.114530227301 -0.439795922107 0.500000287643 -0.236882679986 2.91378962692e-07 -0.10175072953 -0.0807768441048
7.2 280 32 25.866917 -0.115489011168 -0.438898305201 0.500000292565 -0.236882193256 2.01757742595e-07 -0.101750520587 -0.0808714088184
7.3 284 34 26.889302 -0.116442660771 -0.43800144972 0.500000295925 -0.236881774224 1.26314982501e-07 -0.101750337015 -0.0809640360543
7.4 288 32 26.201505 -0.117391128094 -0.437104966901 0.500000297949 -0.2368814272 5.95364394781e-08 -0.101750184762 -0.0810555058674
7.5 292 34 32.633695 -0.118334326552 -0.436208493488 0.500000298531 -0.236881159225 -7.6293110024e-09 -0.101750061247 -0.0811465466747
7.6 296 32 30.95276 -0.119272136828 -0.435311698734 0.500000297812 -0.236880962497 -6.81499344232e-08 -0.101749966546 -0.0812378411998
7.7 300 33 33.925245 -0.120204415296 -0.43441427803 0.500000295805 -0.236880833722 -1.2533171018e-07 -0.10174990001 -0.0813300160239
7.8 304 34 33.04665 -0.121130992047 -0.433515960181 0.500000292929 -0.236880773734 -1.68271510542e-07 -0.101749861776 -0.0814236415391
7.9 308 35 32.586368 -0.122051673314 -0.432616515636 0.500000289042 -0.236880783457 -2.15865807993e-07 -0.101749851241 -0.0815192360982
8 312 34 36.087441 -0.122966244881 -0.431715743938 0.500000284402 -0.236880865249 -2.47425010418e-07 -0.101749870263 -0.0816172543403
8.1 316 33 34.953291 -0.123874484589 -0.430813481028 0.500000279186 -0.236881007911 -2.71234627864e-07 -0.101749914384 -0.0817180895434
8.2 320 40 42.75362 -0.124776155209 -0.429909601987 0.500000273593 -0.236881210951 -2.8670902253e-07 -0.101749982898 -0.0818220781077
8.3 324 33 32.106302 -0.125671015898 -0.429004013273 0.500000267847 -0.23688146678 -2.90330132552e-07 -0.101750073616 -0.0819294929233
8.4 328 34 34.281621 -0.126558817768 -0.428096661172 0.500000262377 -0.236881772878 -2.6552766234e-07 -0.101750185968 -0.0820405491183
8.5 332 35 38.641148 -0.1274393211 -0.427187522017 0.500000257401 -0.236882125105 -2.35737023398e-07 -0.101750317372 -0.0821554001952
8.6 336 34 38.844078 -0.128312271566 -0.426276618109 0.500000253295 -0.236882510105 -1.73663274514e-07 -0.10175046379 -0.0822741371522
8.7 340 33 38.296422 -0.12917744048 -0.425363987666 0.500000250004 -0.236882936045 -1.33490990078e-07 -0.101750627074 -0.0823968140987
8.8 344 31 41.589719 -0.130034601759 -0.424449708168 0.500000248089 -0.236883395852 -7.02948602244e-08 -0.10175080488 -0.082523410011
8.9 348 35 40.608314 -0.130883539478 -0.423533885519 0.500000247787 -0.236883877733 2.33163761718e-08 -0.101750993989 -0.0826538599829
9 352 34 42.159146 -0.131724049267 -0.422616655278 0.500000249489 -0.236884368958 1.28781444555e-07 -0.101751185854 -0.0827880509392
9.1 356 34 43.19572 -0.132555952233 -0.421698175294 0.500000253101 -0.236884893307 2.30083360902e-07 -0.101751394559 -0.0829258267455
9.2 360 35 51.37643 -0.133379082136 -0.420778626812 0.500000258825 -0.236885407387 3.44017136257e-07 -0.101751599234 -0.0830669765775
9.3 364 36 50.558274 -0.134193298573 -0.419858208463 0.500000266927 -0.236885925169 4.68904558775e-07 -0.10175180635 -0.0832112691688
9.4 368 34 46.251614 -0.134998476578 -0.41893714278 0.500000277893 -0.236886441284 6.08950925093e-07 -0.101752013723 -0.0833584228809
9.5 372 36 55.66665 -0.135794517042 -0.418015661856 0.500000291507 -0.236886950891 7.41077993317e-07 -0.101752219552 -0.0835081304964
9.6 376 33 47.635557 -0.136581355238 -0.417094010109 0.500000307669 -0.23688744048 8.69796175937e-07 -0.10175241815 -0.0836600594377
9.7 380 33 52.301825 -0.137358930363 -0.416172451865 0.500000326952 -0.236887923572 1.03423279109e-06 -0.101752611131 -0.083813852512
9.8 384 39 57.941806 -0.138127224844 -0.415251247486 0.500000349325 -0.23688835915 1.18534104976e-06 -0.101752790904 -0.0839691313351
9.9 388 34 50.477633 -0.13888624627 -0.414330658809 0.500000374415 -0.23688878567 1.32123746049e-06 -0.101752965922 -0.0841255021079
10 392 36 62.495165 -0.139636013055 -0.413410964215 0.500000403201 -0.236889153632 1.51148190437e-06 -0.101753120969 -0.0842825703262
10.1 396 33 54.65392 -0.140376582421 -0.412492430646 0.500000434337 -0.236889496526 1.62496048232e-06 -0.101753268552 -0.0844399284087
10.2 400 36 69.299212 -0.141108034911 -0.411575321075 0.500000468614 -0.236889829969 1.78182975884e-06 -0.101753407419 -0.0845971549581
10.3 404 34 70.702109 -0.141830472104 -0.410659896097 0.500000505724 -0.236890104568 1.91689331608e-06 -0.101753523556 -0.0847538435589
10.4 408 32 51.157011 -0.142544017551 -0.409746404159 0.500000545229 -0.236890358797 2.02419927631e-06 -0.101753630159 -0.0849095992021
10.5 412 31 52.989085 -0.14324882194 -0.408835087346 0.500000586993 -0.23689056382 2.13451886066e-06 -0.101753720649 -0.0850640234977
10.6 416 36 62.790078 -0.14394504974 -0.407926174599 0.500000630727 -0.236890710778 2.2265499971e-06 -0.101753788731 -0.0852167325553
10.7 420 33 56.556891 -0.144632886282 -0.407019872419 0.50000067612 -0.236890802107 2.30337950999e-06 -0.10175383356 -0.085367361979
10.8 424 35 59.185134 -0.145312543398 -0.406116390807 0.500000723737 -0.236890871338 2.40844551323e-06 -0.101753872094 -0.0855155671563
10.9 428 33 61.670897 -0.145984227981 -0.405215909775 0.500000772381 -0.23689085184 2.44294408629e-06 -0.10175387334 -0.0856610209986
11 432 33 74.223715 -0.146648174641 -0.404318585362 0.500000821701 -0.236890803782 2.46817069164e-06 -0.101753862661 -0.0858034176555
11.1 436 37 74.996845 -0.147304643053 -0.403424569977 0.500000871432 -0.236890706873 2.4929481706e-06 -0.101753834752 -0.085942485836
11.2 440 33 65.678364 -0.147953861887 -0.40253397477 0.500000920628 -0.236890541089 2.44070509e-06 -0.101753774205 -0.0860779757207
11.3 444 33 63.192537 -0.148596102306 -0.401646904251 0.500000969443 -0.236890407696 2.40154647822e-06 -0.101753729233 -0.0862096672222
11.4 448 32 66.491844 -0.149231621453 -0.400763438228 0.500001016486 -0.236890179476 2.29574451954e-06 -0.101753651404 -0.0863373841134
11.5 452 38 68.356306 -0.149860702609 -0.399883643695 0.500001062032 -0.236890000913 2.21277320229e-06 -0.101753581878 -0.0864609632947
11.6 456 34 65.1995 -0.150483601864 -0.399007549704 0.500001104507 -0.236889759271 2.05162431794e-06 -0.101753490932 -0.0865802974681
11.7 460 33 64.745793 -0.151100586047 -0.39813516932 0.50000114467 -0.236889478871 1.91604240718e-06 -0.101753383369 -0.0866952726785
11.8 464 35 80.565057 -0.151711939857 -0.397266499924 0.500001181603 -0.236889188513 1.74122298908e-06 -0.101753274354 -0.0868058565806
11.9 468 43 85.576745 -0.152317898425 -0.396401523978 0.500001214514 -0.2368888544 1.53187298197e-06 -0.101753141266 -0.0869120113323
12 470 35 90.231717 -0.152918725366 -0.395540184324 0.50000124394 -0.236888524325 1.34118506175e-06 -0.101753010368 -0.0870137472575
12.1 472 37 82.048183 -0.15351466031 -0.394682420111 0.500001268396 -0.236888195406 1.07722162513e-06 -0.101752879021 -0.0871111146797
12.2 474 41 88.18988 -0.154105938597 -0.393828148256 0.500001287083 -0.236887867388 7.74849393426e-07 -0.101752747383 -0.0872041803026
12.3 476 37 92.013104 -0.15469278352 -0.392977257902 0.500001299839 -0.236887520322 4.62526046786e-07 -0.101752607327 -0.0872930375664
12.4 478 38 95.290081 -0.155275397356 -0.392129661662 0.500001306241 -0.236887155338 1.47026398601e-07 -0.101752460272 -0.08737783929
12.5 480 36 70.981268 -0.155853975226 -0.391285220233 0.500001305716 -0.236886825125 -2.19156762862e-07 -0.10175232446 -0.087458695071
12.6 482 36 84.663511 -0.156428694134 -0.390443791126 0.500001297458 -0.2368865114 -6.19763870995e-07 -0.10175219615 -0.0875358172616
12.7 484 41 93.672041 -0.156999717463 -0.389605229839 0.500001280839 -0.236886198565 -1.04312619214e-06 -0.101752069342 -0.0876094039357
12.8 486 33 87.099382 -0.157567188032 -0.388769375705 0.500001257065 -0.236885936705 -1.4195103882e-06 -0.101751956606 -0.0876796652662
12.9 488 35 88.186409 -0.158131234822 -0.387936050663 0.500001224546 -0.236885690801 -1.86166200254e-06 -0.101751851694 -0.0877468432188
13 490 37 94.250975 -0.158691953595 -0.387105113981 0.500001183085 -0.236885424383 -2.30373735049e-06 -0.101751737427 -0.0878111825024
13.1 492 34 91.999961 -0.159249448315 -0.386276374069 0.500001131825 -0.236885222152 -2.8061886754e-06 -0.10175165631 -0.0878729527119
13.2 494 36 101.859809 -0.159803805037 -0.38544965505 0.500001070746 -0.236885094385 -3.29029906867e-06 -0.101751589562 -0.0879324297936
13.3 496 35 97.763328 -0.160355030558 -0.384624788728 0.500000999098 -0.236884967081 -3.83779007554e-06 -0.10175152635 -0.0879898908183
13.4 498 35 93.89864 -0.160903202214 -0.383801598025 0.500000918179 -0.236884888148 -4.30916076323e-06 -0.101751493232 -0.0880456204723
13.5 500 35 84.008669 -0.161448317513 -0.382979904544 0.500000826862 -0.236884860385 -4.82627222142e-06 -0.101751473656 -0.0880999078399
13.6 500 36 84.736428 -0.161990389079 -0.382159553536 0.50000072541 -0.236884874381 -5.33144123669e-06 -0.101751468271 -0.0881530286021
13.7 500 34 79.216235 -0.162529396451 -0.381340384982 0.500000614105 -0.236884939564 -5.81737185069e-06 -0.101751481611 -0.0882052775391
13.8 500 33 83.065377 -0.163065310404 -0.380522245892 0.50000049294 -0.23688502201 -6.30622198214e-06 -0.101751504636 -0.0882569207006
13.9 500 35 85.659369 -0.163598086064 -0.379704996985 0.500000362627 -0.236885155769 -6.76021800908e-06 -0.101751546996 -0.0883082301447
14 500 35 86.332783 -0.164127652427 -0.378888509607 0.500000224041 -0.236885329682 -7.15931489269e-06 -0.101751605083 -0.0883594579335
14.1 500 35 94.686549 -0.16465397752 -0.378072665521 0.500000077086 -0.236885508676 -7.55463396216e-06 -0.101751668261 -0.088410859027
14.2 500 36 87.033112 -0.165176965078 -0.377257350775 0.499999921708 -0.236885771683 -7.97452169528e-06 -0.101751762221 -0.0884626613071
14.3 500 38 94.652593 -0.165696520158 -0.376442466789 0.49999975728 -0.236886041782 -8.4053369101e-06 -0.101751861027 -0.0885150844213
14.4 500 36 88.419956 -0.166212540989 -0.375627968571 0.499999585225 -0.236886359502 -8.77491637041e-06 -0.101751980709 -0.0885683341314
14.5 500 35 98.235871 -0.166724939003 -0.374813722121 0.499999406758 -0.236886767552 -9.06456702525e-06 -0.101752136948 -0.0886225644862
14.6 500 35 100.504764 -0.167233603122 -0.373999736524 0.499999221898 -0.236887076661 -9.38736204537e-06 -0.101752252853 -0.0886779696449
14.7 500 36 102.00865 -0.167738410425 -0.373185962131 0.499999031611 -0.236887486737 -9.64170477175e-06 -0.10175241064 -0.0887346640145
14.8 500 35 86.609929 -0.168239272637 -0.372372363889 0.499998837127 -0.236887914002 -9.83572997025e-06 -0.101752577156 -0.0887927713802
14.9 500 36 83.377489 -0.168736062749 -0.37155894639 0.499998638569 -0.236888353959 -1.00134689039e-05 -0.101752750069 -0.0888523896573
15 500 35 82.311127 -0.169228661704 -0.37074570365 0.499998436876 -0.236888855531 -1.0148534521e-05 -0.101752946733 -0.0889135934005
15.1 500 35 87.931479 -0.169716980932 -0.369932654782 0.499998233044 -0.236889290994 -1.02293955508e-05 -0.101753120741 -0.0889764280831
15.2 500 37 91.030758 -0.170200903051 -0.369119860729 0.499998026448 -0.236889745123 -1.03398244363e-05 -0.101753299343 -0.0890409259076
15.3 500 34 79.027707 -0.17068032251 -0.368307369552 0.499997819937 -0.23689028136 -1.0332498361e-05 -0.101753510734 -0.0891071050427
15.4 500 35 87.983976 -0.171155161883 -0.367495215456 0.499997614746 -0.236890808739 -1.02220723638e-05 -0.101753719137 -0.0891749381696
15.5 500 36 84.100523 -0.171625325861 -0.366683496527 0.499997411498 -0.236891294599 -1.01041271668e-05 -0.101753916869 -0.089244385015
15.6 500 35 95.759253 -0.172090747396 -0.365872267474 0.499997211693 -0.236891802015 -9.9049661806e-06 -0.101754122941 -0.0893153985133
15.7 500 35 100.863697 -0.172551330024 -0.365061628512 0.499997014866 -0.236892276774 -9.72657758282e-06 -0.101754318971 -0.0893879041858
15.8 500 35 86.872291 -0.17300704842 -0.364251699636 0.499996822965 -0.236892660985 -9.47163388851e-06 -0.10175447748 -0.0894618049227
15.9 500 43 89.69078 -0.173457842593 -0.363442571678 0.499996636592 -0.236893092202 -9.16759647257e-06 -0.101754657206 -0.0895369959038
16 500 39 90.0141 -0.17390367105 -0.362634353173 0.499996456464 -0.236893527516 -8.83555060752e-06 -0.101754837388 -0.0896133522863
16.1 500 37 98.672763 -0.174344522616 -0.361827194703 0.499996282799 -0.236893891078 -8.48577922388e-06 -0.10175498773 -0.0896907376045
16.2 500 37 91.530336 -0.174780370516 -0.361021195887 0.49999611748 -0.236894267164 -8.03195739646e-06 -0.101755147177 -0.0897689911975
16.3 500 42 79.324286 -0.175211232022 -0.360216469786 0.499995961666 -0.236894577853 -7.54194096579e-06 -0.101755280774 -0.0898479593505
16.4 500 35 74.530571 -0.175637108335 -0.359413159934 0.499995815902 -0.236894875724 -7.03985133354e-06 -0.101755408355 -0.0899274825856
16.5 500 37 84.678744 -0.176058031125 -0.358611389414 0.499995680218 -0.236895103833 -6.51219654613e-06 -0.101755510439 -0.0900073842144
16.6 500 39 87.873902 -0.176474034246 -0.35781127856 0.499995555468 -0.236895353748 -5.94941110645e-06 -0.101755615668 -0.0900874722813
16.7 500 37 74.528205 -0.176885165099 -0.357012952364 0.499995442635 -0.236895530502 -5.34999247929e-06 -0.101755696665 -0.0901675743441
16.8 500 35 90.551548 -0.177291498406 -0.356216525947 0.499995341975 -0.236895586263 -4.71872810976e-06 -0.101755739244 -0.0902474983493
16.9 500 35 81.784561 -0.177693085731 -0.355422113669 0.499995254648 -0.236895647129 -4.05194182545e-06 -0.101755783038 -0.0903270763418
17 500 38 85.69268 -0.178090014497 -0.354629811742 0.49999517967 -0.23689566915 -3.43005683779e-06 -0.101755800492 -0.0904061125673
17.1 500 37 80.55845 -0.178482382136 -0.353839754853 0.499995117384 -0.236895598419 -2.78255865453e-06 -0.101755783702 -0.0904844231018
17.2 500 48 92.527902 -0.178870290285 -0.353051999366 0.499995070026 -0.236895498333 -2.04662592538e-06 -0.101755758816 -0.0905618613786
17.3 500 45 88.195625 -0.179253846144 -0.352266640332 0.499995035757 -0.236895444659 -1.40156962888e-06 -0.101755748725 -0.0906382480667
17.4 500 48 113.764353 -0.179633162667 -0.351483755532 0.499995014043 -0.236895326874 -7.69882657577e-07 -0.10175571407 -0.090713425399
17.5 500 42 85.126917 -0.180008361774 -0.35070340596 0.499995005441 -0.236895218973 -1.44079880051e-07 -0.101755680747 -0.0907872535345
17.6 500 40 65.106687 -0.18037956514 -0.349925644185 0.499995009051 -0.236895011488 4.7702006175e-07 -0.101755610773 -0.0908596052522
17.7 500 38 68.300428 -0.180746908132 -0.349150519562 0.499995024802 -0.236894735683 1.08503752744e-06 -0.10175551216 -0.0909303602885
17.8 500 38 79.009318 -0.181110507121 -0.348378068594 0.499995052376 -0.23689444395 1.66884477517e-06 -0.101755407531 -0.0909993946113
17.9 500 45 78.3698 -0.181470523351 -0.347608302921 0.499995091537 -0.236894031108 2.24200694984e-06 -0.10175525562 -0.0910666323638
18 500 40 90.681578 -0.181827074949 -0.346841232119 0.499995141888 -0.236893667255 2.7810520099e-06 -0.101755123084 -0.0911319774379
18.1 500 39 92.10163 -0.18218031147 -0.346076878474 0.49999520194 -0.236893203817 3.26634547191e-06 -0.101754949229 -0.0911953741968
18.2 500 38 90.702146 -0.182530348271 -0.34531521095 0.49999527233 -0.236892787487 3.76790589713e-06 -0.101754792485 -0.0912567681688
18.3 500 36 71.510574 -0.182877318984 -0.344556208525 0.499995353465 -0.23689234831 4.28705821397e-06 -0.101754624017 -0.0913161500647
18.4 500 42 77.380405 -0.183221340464 -0.343799856295 0.499995443891 -0.23689187202 4.74458192634e-06 -0.101754439851 -0.0913734823057
18.5 500 37 90.21972 -0.183562556668 -0.343046078442 0.499995545147 -0.236891239811 5.27396876786e-06 -0.101754196677 -0.0914287484204
18.6 500 37 77.195066 -0.183901072644 -0.342294858416 0.499995653647 -0.236890715153 5.60984425903e-06 -0.101753990873 -0.0914820064621
18.7 500 52 106.558379 -0.184236997274 -0.34154611964 0.499995770101 -0.236890178428 6.00187137445e-06 -0.101753780087 -0.0915332698347
18.8 500 37 84.823735 -0.184570417876 -0.340799786972 0.499995893515 -0.236889701871 6.31164765113e-06 -0.101753591972 -0.0915825862014
18.9 500 37 73.257146 -0.184901472009 -0.340055811199 0.499996021489 -0.236889000242 6.52850604933e-06 -0.101753313041 -0.0916300013527
19 500 46 101.50716 -0.185230213383 -0.33931410117 0.499996153772 -0.236888481986 6.72608894768e-06 -0.101753104519 -0.091675601878
19.1 500 36 65.238275 -0.185556727043 -0.338574572329 0.499996291443 -0.236887969714 6.96973297106e-06 -0.101752897916 -0.0917194652269
19.2 500 40 68.468524 -0.185881085909 -0.337837128812 0.499996432893 -0.236887440655 7.14861343229e-06 -0.101752683992 -0.0917616958368
19.3 500 37 89.759928 -0.186203348718 -0.337101685607 0.499996577128 -0.236886939756 7.27436631052e-06 -0.101752479342 -0.0918023861426
19.4 500 37 86.991955 -0.186523559511 -0.336368141597 0.499996724094 -0.236886456259 7.40291953131e-06 -0.101752284648 -0.0918416656936
19.5 500 38 94.320718 -0.186841748756 -0.335636394805 0.499996873638 -0.236885991795 7.51267458942e-06 -0.101752091115 -0.091879651774
19.6 500 40 92.790285 -0.187157973597 -0.334906351655 0.499997024624 -0.236885405436 7.56885994018e-06 -0.101751855613 -0.0919164671005
19.7 500 35 67.25266 -0.187472237117 -0.334177912584 0.499997175947 -0.23688498779 7.55342089359e-06 -0.101751680107 -0.0919522572814
19.8 500 37 91.630725 -0.187784541158 -0.333450990104 0.499997326687 -0.236884575343 7.52096450047e-06 -0.101751505345 -0.0919871625746
19.9 500 41 100.386863 -0.188094911045 -0.332725474707 0.499997477983 -0.236884151805 7.53606032686e-06 -0.101751323194 -0.0920213326851
20 500 38 95.225131 -0.188403319491 -0.332001288392 0.499997628339 -0.236883797429 7.49242718285e-06 -0.101751171902 -0.0920548950094
20.1 500 36 68.847204 -0.188709759625 -0.331278327531 0.499997777804 -0.236883436779 7.41687280145e-06 -0.101751017318 -0.092088001326
20.2 500 42 70.51303 -0.189014196861 -0.330556523 0.499997924885 -0.236883162835 7.2882723511e-06 -0.101750895612 -0.0921207969719
20.3 500 38 81.531431 -0.18931660979 -0.329835790135 0.499998069066 -0.23688290426 7.13589007318e-06 -0.101750777863 -0.0921534166745
20.4 500 39 83.937787 -0.189616932405 -0.329116057035 0.499998210345 -0.236882699329 6.98387617172e-06 -0.101750688543 -0.0921860046583
20.5 500 39 85.560867 -0.189915161665 -0.328397266787 0.499998347959 -0.236882448396 6.79734552737e-06 -0.10175057373 -0.0922186770317
20.6 500 49 86.321854 -0.190211218177 -0.327679359387 0.499998481512 -0.236882369896 6.58129208582e-06 -0.101750528691 -0.0922515761055
20.7 500 48 87.350146 -0.190505049096 -0.326962285659 0.499998611703 -0.236882371176 6.39941688751e-06 -0.101750516089 -0.0922848150942
20.8 500 51 98.823932 -0.190796594273 -0.326246002786 0.499998738121 -0.236882385215 6.20527978234e-06 -0.101750505015 -0.0923184986211
20.9 500 42 67.312957 -0.191085789005 -0.325530474383 0.499998859611 -0.236882417324 5.95482871728e-06 -0.10175050541 -0.0923527324735
21 500 38 87.359726 -0.191372563755 -0.32481568299 0.499998976478 -0.236882460642 5.73595628993e-06 -0.101750508993 -0.0923875975963
21.1 500 44 90.464699 -0.191656866196 -0.324101586412 0.499999089147 -0.236882519053 5.53222229408e-06 -0.101750517837 -0.0924231740014
21.2 500 39 93.628435 -0.191938621834 -0.323388221995 0.499999196114 -0.236882633743 5.24911133063e-06 -0.101750547612 -0.0924595148935
21.3 500 39 89.370217 -0.19221774231 -0.322675568624 0.499999299132 -0.236882828063 5.05613500853e-06 -0.101750611888 -0.092496711989
21.4 500 39 87.685139 -0.192494184923 -0.321963631663 0.499999398547 -0.236882977181 4.87422381501e-06 -0.101750656791 -0.0925347958051
21.5 500 38 77.238895 -0.192767893033 -0.321252440466 0.499999493247 -0.236883136068 4.6502819933e-06 -0.101750713696 -0.0925737935605
21.6 500 51 91.467069 -0.193038790578 -0.32054200824 0.499999585236 -0.236883385952 4.51506034894e-06 -0.101750803094 -0.0926137367195
21.7 500 48 93.522565 -0.193306822398 -0.319832373171 0.499999673658 -0.236883727059 4.3337670631e-06 -0.101750930151 -0.0926546252873
21.8 500 42 67.488205 -0.193571918497 -0.319123580661 0.499999759348 -0.236884075983 4.2026795165e-06 -0.101751058136 -0.0926964804219
21.9 500 39 94.849831 -0.193834054838 -0.318415663843 0.499999842205 -0.236884319963 4.0768706922e-06 -0.101751148576 -0.092739255524
22 500 38 83.197196 -0.194093167992 -0.317708691335 0.499999922328 -0.236884643236 3.94940795895e-06 -0.101751270881 -0.0927829361921
22.1 500 43 92.270578 -0.194349224417 -0.317002732152 0.499999999085 -0.236884941772 3.79694186181e-06 -0.101751377886 -0.0928274838496
22.2 500 38 86.944694 -0.194602234252 -0.316297803526 0.500000076487 -0.236885119338 3.82798567806e-06 -0.101751454172 -0.0928728420678
22.3 500 42 87.757051 -0.194852112502 -0.315593999529 0.500000152738 -0.236885551801 3.78837991095e-06 -0.101751619339 -0.0929189907042
22.4 500 47 95.576565 -0.195098877344 -0.314891389362 0.500000226589 -0.236885807327 3.68412477536e-06 -0.101751719672 -0.0929658237682
22.5 500 47 80.825188 -0.195342508571 -0.314190049747 0.500000300095 -0.236886135808 3.65072210166e-06 -0.101751849654 -0.0930132905996
22.6 500 39 66.967381 -0.195583000201 -0.313490051213 0.500000372863 -0.236886483344 3.63866595158e-06 -0.101751987507 -0.0930612968387
22.7 500 39 91.43487 -0.195820348766 -0.312791460871 0.500000445764 -0.236886804133 3.65889088377e-06 -0.101752113362 -0.093109751263
22.8 500 39 76.164926 -0.196054578223 -0.312094367398 0.500000518549 -0.236887065614 3.65602983953e-06 -0.101752215104 -0.0931585652613
22.9 500 42 72.449418 -0.196285726665 -0.311398849477 0.500000592486 -0.236887298524 3.727681132e-06 -0.101752310222 -0.0932076441137
23 500 39 81.415047 -0.196513811647 -0.310704960724 0.500000667487 -0.236887584602 3.79009150238e-06 -0.101752423265 -0.0932568771143
23.1 500 40 74.591924 -0.196738844214 -0.310012791812 0.500000744868 -0.236887889186 3.92530218635e-06 -0.10175254629 -0.0933061670662
23.2 500 39 88.132111 -0.196960872236 -0.309322387781 0.500000824089 -0.236888057346 4.02247611746e-06 -0.101752616015 -0.0933554144433
23.3 500 39 93.127524 -0.197179968895 -0.308633844974 0.50000090417 -0.236888213773 4.08644209735e-06 -0.101752679871 -0.0934045059937
23.4 500 39 74.933145 -0.197396184116 -0.307947192634 0.50000098761 -0.2368883878 4.24196401578e-06 -0.101752750373 -0.0934533393401
23.5 500 47 87.895013 -0.197609570443 -0.307262509355 0.500001073227 -0.236888587333 4.36321176978e-06 -0.101752834525 -0.0935018013789
23.6 500 39 70.05984 -0.197820203993 -0.306579833568 0.500001161641 -0.23688880052 4.49720117711e-06 -0.101752924805 -0.0935497941345
23.7 500 38 78.292493 -0.198028118453 -0.305899225829 0.500001253002 -0.236889021211 4.66368569577e-06 -0.101753020148 -0.0935972393464
23.8 500 52 82.798799 -0.198233425478 -0.305220719024 0.500001346852 -0.236889107066 4.7896497634e-06 -0.101753055755 -0.0936440218176
23.9 500 55 84.776217 -0.198436186891 -0.304544346516 0.500001444791 -0.23688920686 4.99875389576e-06 -0.101753099826 -0.0936900640317
24 500 40 82.378692 -0.198636476502 -0.30387013822 0.500001545993 -0.236889309642 5.16725852938e-06 -0.101753147175 -0.0937352833771
24.1 500 47 90.143242 -0.198834406845 -0.303198131271 0.500001651078 -0.236889273334 5.36310883589e-06 -0.101753137361 -0.0937796103172
24.2 500 40 90.078615 -0.199030013079 -0.302528294799 0.500001763161 -0.236889198462 5.7230869809e-06 -0.101753117326 -0.0938229724586
24.3 500 44 82.57063 -0.199223397053 -0.30186065876 0.500001878298 -0.236889043908 5.8643069668e-06 -0.101753069899 -0.0938653130065
24.4 500 41 85.443845 -0.199414656226 -0.301195219166 0.500001996734 -0.236888948358 6.03150659699e-06 -0.101753025368 -0.0939065725333
24.5 500 40 94.939795 -0.199603900693 -0.300531979703 0.500002118055 -0.236888837378 6.16500258432e-06 -0.101752981527 -0.093946723236
24.6 500 38 73.964269 -0.19979117388 -0.299870922945 0.500002244085 -0.236888752165 6.39736047815e-06 -0.101752956477 -0.0939857239963
24.7 500 53 94.746169 -0.199976557832 -0.29921201927 0.500002374886 -0.236888636968 6.62973356094e-06 -0.10175291583 -0.0940235539817
24.8 500 40 94.070948 -0.200160121141 -0.298555239678 0.50000250855 -0.236888512002 6.76337208093e-06 -0.101752873085 -0.0940601988308
24.9 500 40 85.315364 -0.200341948435 -0.297900573546 0.500002644275 -0.236888288587 6.86491000277e-06 -0.101752788098 -0.0940956655565
25 500 38 78.6225 -0.200522125103 -0.297247947938 0.500002782927 -0.236888054557 6.99996473414e-06 -0.101752689142 -0.0941299343884
25.1 500 41 72.447616 -0.200700704149 -0.296597344304 0.500002923565 -0.236887867568 7.08949490637e-06 -0.101752621399 -0.0941630446905
25.2 500 40 83.643573 -0.200877742439 -0.295948694305 0.500003066283 -0.236887625008 7.19069236433e-06 -0.101752534132 -0.0941950100471
25.3 500 40 82.043526 -0.201053301751 -0.295301953521 0.500003210165 -0.236887442423 7.24425380522e-06 -0.101752460827 -0.0942258626071
25.4 500 37 77.029816 -0.20122743891 -0.294657074803 0.500003356113 -0.236887263228 7.33743535638e-06 -0.101752389997 -0.094255643635
25.5 500 47 76.246975 -0.201400169937 -0.294013997966 0.500003503486 -0.236887056477 7.39744132332e-06 -0.101752316798 -0.0942843938294
25.6 500 39 93.740394 -0.201571565809 -0.293372653223 0.500003651087 -0.236886733426 7.40194372409e-06 -0.101752190216 -0.0943121685175
25.7 500 40 90.581227 -0.201741622942 -0.292732976424 0.500003800165 -0.236886524782 7.45958184502e-06 -0.101752105011 -0.0943390363014
25.8 500 40 81.129592 -0.201910390725 -0.292094890856 0.50000394848 -0.236886186874 7.40371222371e-06 -0.101751973871 -0.0943650666824
25.9 500 40 78.235819 -0.202077917547 -0.291458365511 0.500004094644 -0.236885968673 7.28947976099e-06 -0.101751882128 -0.0943903298174
26 500 43 79.476853 -0.202244167751 -0.290823298358 0.500004241969 -0.236885764002 7.34262697585e-06 -0.101751803254 -0.0944148890934
26.1 500 45 73.973832 -0.202409132081 -0.290189629497 0.500004388338 -0.236885553875 7.27649248926e-06 -0.101751718413 -0.0944388522144
26.2 500 39 74.105552 -0.202572863367 -0.289557316475 0.500004530667 -0.236885250402 7.06375734243e-06 -0.101751588665 -0.0944622889869
26.3 500 46 82.504956 -0.202735339336 -0.288926283404 0.500004670387 -0.236885033008 6.91621352632e-06 -0.101751502414 -0.0944852772152
26.4 500 41 81.441652 -0.202896539719 -0.28829647249 0.50000480666 -0.23688487585 6.72958194916e-06 -0.10175143902 -0.0945079186354
26.5 500 41 89.21247 -0.203056446906 -0.28766784718 0.500004940214 -0.236884742169 6.59143366344e-06 -0.101751381944 -0.0945302933439
26.6 500 44 81.931649 -0.203215043906 -0.287040304128 0.500005070581 -0.236884556004 6.43116528003e-06 -0.101751305179 -0.0945524976676
26.7 500 42 80.630872 -0.203372287004 -0.286413822374 0.500005197014 -0.236884455357 6.21219087031e-06 -0.101751262936 -0.0945746112607
26.8 500 42 80.500845 -0.203528166643 -0.285788393226 0.500005316511 -0.236884378123 5.86142723149e-06 -0.101751227366 -0.0945967013675
26.9 500 41 72.748866 -0.203682645631 -0.285163935408 0.500005433268 -0.236884237372 5.72128181676e-06 -0.10175116726 -0.0946188576769
27 500 55 95.68083 -0.203835695862 -0.284540443153 0.500005546219 -0.23688415334 5.50854058561e-06 -0.101751130232 -0.0946411725258
27.1 500 40 81.720077 -0.203987218234 -0.283917826312 0.5000056551 -0.236884064474 5.31339234198e-06 -0.101751093524 -0.0946636798576
27.2 500 47 90.43066 -0.204137222407 -0.28329610211 0.500005756818 -0.236883999061 4.93549279175e-06 -0.101751059792 -0.0946864973412
27.3 500 40 91.697417 -0.204285653347 -0.282675271459 0.500005851604 -0.236883985919 4.59556871737e-06 -0.101751047777 -0.0947096703425
27.4 500 39 72.993121 -0.204432461448 -0.282055290417 0.500005940601 -0.236883967332 4.28675087411e-06 -0.101751035963 -0.0947332438699
27.5 500 45 74.661213 -0.204577603524 -0.281436167452 0.500006022549 -0.2368840204 3.93231086859e-06 -0.101751052115 -0.0947572730287
27.6 500 40 74.005267 -0.204721024753 -0.280817893941 0.500006097547 -0.236884103428 3.5893079114e-06 -0.101751078916 -0.0947818066204
27.7 500 46 72.435133 -0.204862675256 -0.280200485694 0.500006164902 -0.236884212253 3.21114495573e-06 -0.101751114485 -0.0948068900667
27.8 500 39 92.82488 -0.205002531464 -0.279583958863 0.500006225042 -0.236884269784 2.84399700386e-06 -0.101751132729 -0.0948325292184
27.9 500 39 78.855872 -0.205140528732 -0.278968302204 0.500006278826 -0.236884375734 2.52561864733e-06 -0.101751170689 -0.0948587680361
28 500 57 99.360823 -0.205276643069 -0.278353565886 0.500006325027 -0.236884539929 2.15763013712e-06 -0.101751231267 -0.0948856033975
28.1 500 52 90.633905 -0.205410832763 -0.277739764706 0.500006365042 -0.236884683252 1.84255767954e-06 -0.101751286602 -0.0949130506725
28.2 500 45 78.238532 -0.205543057466 -0.2771269301 0.500006398724 -0.236884834401 1.53029761784e-06 -0.101751343859 -0.0949411023568
28.3 500 41 91.76638 -0.205673283035 -0.276515084107 0.500006426241 -0.23688498774 1.23655119559e-06 -0.101751402569 -0.0949697587315
28.4 500 41 73.830748 -0.205801491446 -0.275904286338 0.500006447174 -0.236885138874 9.10261817429e-07 -0.101751460222 -0.0949989988581
28.5 500 58 119.348301 -0.205927659026 -0.27529456794 0.500006462778 -0.236885305768 6.51289731868e-07 -0.101751524452 -0.0950287932439
28.6 500 43 65.921261 -0.206051763377 -0.274685970711 0.500006472375 -0.236885457087 3.49816003865e-07 -0.101751585065 -0.0950591225636
28.7 500 54 68.703038 -0.206173794298 -0.274078547729 0.50000647652 -0.236885607376 9.65042875681e-08 -0.101751644029 -0.0950899372866
28.8 500 42 89.320627 -0.206293732327 -0.273472347187 0.500006476069 -0.236885760995 -1.23874769248e-07 -0.101751703271 -0.0951212111223
28.9 500 40 74.113018 -0.206411597646 -0.272867411834 0.500006470569 -0.236885839272 -3.62853159994e-07 -0.101751732817 -0.0951528912588
29 500 44 79.817801 -0.206527390988 -0.272263782084 0.500006460825 -0.236885984502 -5.72956542759e-07 -0.101751790084 -0.095184929419
29.1 500 41 78.27384 -0.206641090597 -0.271661535484 0.500006447371 -0.236886171953 -7.3980977551e-07 -0.101751864521 -0.0952172638464
29.2 500 45 74.538741 -0.206752736392 -0.271060730816 0.50000643006 -0.236886322771 -9.20360965523e-07 -0.101751915969 -0.095249835687
29.3 500 37 74.167808 -0.206862327738 -0.270461372873 0.500006410712 -0.236886357993 -1.02124973678e-06 -0.101751934256 -0.095282586984
29.4 500 55 110.191211 -0.206969912362 -0.269863550152 0.500006386757 -0.236886446774 -1.2410523558e-06 -0.101751975189 -0.0953154436098
29.5 500 39 72.9118 -0.207075504783 -0.269267287171 0.500006360705 -0.236886508604 -1.3484909813e-06 -0.101752003087 -0.095348329956
29.6 500 41 83.504668 -0.207179124334 -0.268672636775 0.50000633231 -0.236886594543 -1.43628478693e-06 -0.101752038847 -0.0953811988721
29.7 500 50 78.90738 -0.207280838677 -0.268079653815 0.500006302069 -0.236886618006 -1.52669691187e-06 -0.101752049039 -0.0954139759831
29.8 500 49 87.395649 -0.207380666511 -0.267488361207 0.500006271244 -0.236886635334 -1.54041214291e-06 -0.101752058912 -0.0954465813532
29.9 500 43 85.216685 -0.207478666397 -0.266898786519 0.500006240214 -0.236886590956 -1.54084990703e-06 -0.101752046617 -0.0954789582064
30 500 42 101.935572 -0.207574860532 -0.266310977996 0.500006209738 -0.236886592121 -1.49490811008e-06 -0.101752052565 -0.0955110492362
30.1 500 44 93.020911 -0.20766931296 -0.265724945822 0.500006179146 -0.236886488832 -1.49723070574e-06 -0.101752016291 -0.0955427839781
30.2 500 53 95.536143 -0.207762098753 -0.265140726887 0.500006148034 -0.236886413905 -1.52724239141e-06 -0.101751989842 -0.0955740909155
30.3 500 44 69.168573 -0.207853251565 -0.264558330262 0.500006117665 -0.236886373228 -1.50786426817e-06 -0.101751979269 -0.0956049349548
30.4 500 39 82.886417 -0.207942831148 -0.263977773411 0.500006087326 -0.236886279945 -1.48670644383e-06 -0.101751950061 -0.0956352361542
30.5 500 65 105.733003 -0.208030903625 -0.263399067519 0.500006057438 -0.236886194833 -1.46087060385e-06 -0.10175192001 -0.0956649573586
30.6 500 43 73.013082 -0.20811751085 -0.262822205311 0.500006027986 -0.236886049548 -1.44411975776e-06 -0.101751870884 -0.0956940595008
30.7 500 44 95.977592 -0.20820271648 -0.262247191825 0.500005998613 -0.236885903771 -1.42447666401e-06 -0.101751815541 -0.0957224985697
30.8 500 39 74.529461 -0.208286589898 -0.261674030583 0.500005969796 -0.236885738263 -1.38695086922e-06 -0.101751753932 -0.0957502318855
30.9 500 45 82.10255 -0.20836918299 -0.261102717955 0.500005942494 -0.23688554026 -1.31767533943e-06 -0.101751679066 -0.0957772542469
31 500 44 87.130855 -0.208450551573 -0.26053319196 0.500005916408 -0.236885252284 -1.24633433289e-06 -0.101751569038 -0.0958035084099
31.1 500 62 101.960254 -0.208530749279 -0.259965468005 0.50000589244 -0.236885068407 -1.15237832479e-06 -0.101751499973 -0.0958290217267
31.2 500 44 73.310944 -0.208609818484 -0.259399507434 0.500005869901 -0.236884844136 -1.08814669813e-06 -0.101751416048 -0.0958537653678
31.3 500 41 97.0843 -0.208687822618 -0.258835302801 0.500005847623 -0.236884617232 -1.06405805472e-06 -0.10175133061 -0.095877739669
31.4 500 42 96.339489 -0.208764782786 -0.258272802099 0.500005827062 -0.236884358844 -9.83353680942e-07 -0.101751234576 -0.0959009479678
31.5 500 44 85.376819 -0.208840788746 -0.257711961759 0.500005806603 -0.236884108789 -9.83386246739e-07 -0.10175113812 -0.0959233909849
31.6 500 52 97.948723 -0.208915840271 -0.257152759688 0.500005788296 -0.236883915701 -8.81416048856e-07 -0.101751068467 -0.0959451031893
31.7 500 56 83.391693 -0.208989980604 -0.256595154803 0.500005770503 -0.23688367473 -8.69672317702e-07 -0.101750978038 -0.0959660969721
31.8 500 39 83.409267 -0.209063231124 -0.256039089696 0.500005753224 -0.236883417584 -8.43063333443e-07 -0.101750881979 -0.0959863832029
31.9 500 51 92.854108 -0.209135636735 -0.255484531776 0.500005735223 -0.236883172111 -8.81017184328e-07 -0.101750788389 -0.0960060090671
32 500 61 95.439503 -0.20920721123 -0.254931433481 0.500005717574 -0.23688290752 -8.80358853435e-07 -0.101750687811 -0.0960250065665
32.1 500 47 68.58581 -0.209277967241 -0.254379734955 0.500005699893 -0.236882665276 -8.86551463068e-07 -0.101750596661 -0.0960434200637
32.2 500 41 66.865304 -0.20934791859 -0.25382940189 0.500005681513 -0.236882443865 -9.23534640491e-07 -0.101750512109 -0.0960612841272
32.3 500 40 68.449717 -0.209417083819 -0.253280376265 0.500005661916 -0.236882218762 -9.93235295677e-07 -0.101750424597 -0.0960786586475
32.4 500 55 123.962139 -0.209485456552 -0.252732619697 0.500005641921 -0.236882016654 -1.0199290408e-06 -0.101750349259 -0.0960955966414
32.5 500 52 70.58135 -0.209553029403 -0.252186088453 0.500005621605 -0.236881798107 -1.06117852873e-06 -0.101750265914 -0.0961121557524
32.6 500 45 94.614853 -0.209619799676 -0.251640736034 0.500005598537 -0.236881573442 -1.1943035015e-06 -0.101750177813 -0.0961283617339
32.7 500 43 92.11273 -0.209685763287 -0.251096492394 0.500005572289 -0.23688129332 -1.36494985768e-06 -0.10175007082 -0.0961442936077
32.8 500 46 91.444752 -0.209750911436 -0.250553335277 0.500005542691 -0.236881161678 -1.54584905921e-06 -0.101750014745 -0.0961600218912
32.9 500 48 125.234901 -0.209815212585 -0.250011207181 0.500005509297 -0.236881053931 -1.74579988724e-06 -0.101749972501 -0.0961756059899
33 500 44 88.859636 -0.209878673054 -0.249470103243 0.500005470011 -0.236880991494 -2.00316811223e-06 -0.101749949927 -0.0961911088699
33.1 500 54 107.509985 -0.209941199029 -0.248930012943 0.500005428445 -0.236880940351 -2.1653305138e-06 -0.101749932661 -0.0962065409484
33.2 500 42 93.11152 -0.210002873058 -0.248390833736 0.500005377178 -0.236880724086 -2.65015433237e-06 -0.101749841189 -0.0962219955379
33.3 500 42 91.980702 -0.210063597577 -0.247852575525 0.500005321894 -0.236880712114 -2.87535959503e-06 -0.101749837335 -0.0962375604951
33.4 500 40 92.682246 -0.210123339283 -0.247315193072 0.500005261385 -0.236880768141 -3.15110386274e-06 -0.101749859327 -0.096253235708
33.5 500 45 79.081394 -0.210182080449 -0.246778713248 0.500005193686 -0.236880947275 -3.49928238088e-06 -0.101749930593 -0.0962691007921
33.6 500 53 82.50836 -0.210239805945 -0.246243099812 0.500005119068 -0.236881041715 -3.85626612811e-06 -0.10174996769 -0.0962851910211
33.7 500 43 75.881647 -0.210296456388 -0.245708343262 0.500005039588 -0.236881162317 -4.10812456286e-06 -0.101750016076 -0.0963015441361
33.8 500 43 78.681425 -0.210352019162 -0.245174437505 0.50000495425 -0.236881305348 -4.39435089122e-06 -0.10175007595 -0.0963181688873
33.9 500 42 84.182603 -0.210406396317 -0.244641393168 0.500004864772 -0.23688149868 -4.60050953598e-06 -0.101750155882 -0.0963351452629
34 500 44 103.823582 -0.210459590743 -0.244109190181 0.50000476708 -0.236881663931 -4.9994841258e-06 -0.101750215227 -0.0963524816952
34.1 500 43 78.963615 -0.210511593192 -0.243577861166 0.500004661685 -0.236881929375 -5.37692630003e-06 -0.101750322466 -0.0963702034771
34.2 500 58 121.449384 -0.210562373961 -0.243047394526 0.50000454927 -0.236882092765 -5.74752728546e-06 -0.101750384723 -0.0963883075743
34.3 500 45 68.938903 -0.210611889117 -0.242517818431 0.500004432267 -0.236882269292 -5.98791414048e-06 -0.101750456183 -0.0964068416035
34.4 500 39 78.99475 -0.210660094386 -0.241989142914 0.500004308988 -0.236882583948 -6.2899370085e-06 -0.10175058329 -0.096425803986
34.5 500 48 72.405167 -0.210706973745 -0.241461395413 0.500004180382 -0.236882858542 -6.55570343382e-06 -0.10175069407 -0.0964451899985
34.6 500 42 100.969645 -0.210752502419 -0.240934599104 0.500004046223 -0.23688312864 -6.82099423495e-06 -0.101750802262 -0.0964649979664
34.7 500 42 98.125405 -0.210796654813 -0.240408785555 0.500003906311 -0.236883413668 -7.0907865063e-06 -0.101750914606 -0.0964852300615
34.8 500 41 99.429154 -0.210839413778 -0.239883984966 0.50000376181 -0.236883724641 -7.32163424071e-06 -0.101751041963 -0.0965058688074
34.9 500 41 91.352546 -0.21088077841 -0.239360226994 0.500003612394 -0.236884004559 -7.55806778334e-06 -0.101751153959 -0.0965268999049
35 500 48 74.727511 -0.210920728079 -0.238837545898 0.500003458735 -0.236884293492 -7.76642951367e-06 -0.101751270955 -0.0965483027836
35.1 500 45 80.029006 -0.210959266547 -0.238315968392 0.500003300897 -0.23688458221 -7.97397713017e-06 -0.101751384552 -0.0965700560181
35.2 500 44 80.601037 -0.210996362893 -0.237795543485 0.500003138733 -0.236884877287 -8.16937760158e-06 -0.101751504245 -0.0965921064835
35.3 500 54 83.266301 -0.211032062565 -0.237276311087 0.500002973183 -0.236885166916 -8.33670888147e-06 -0.101751624548 -0.0966144560115
35.4 500 43 79.952384 -0.211066341737 -0.23675829791 0.500002802112 -0.236885425388 -8.60993765184e-06 -0.101751722297 -0.0966370229371
35.5 500 56 77.207915 -0.211099204583 -0.236241548752 0.50000262818 -0.236885669531 -8.7463900806e-06 -0.101751823936 -0.0966598224693
35.6 500 44 90.958924 -0.211130686948 -0.235726089925 0.500002449283 -0.236885885715 -8.98267830835e-06 -0.101751909676 -0.0966827702303
35.7 500 47 86.07848 -0.211160794551 -0.235211962086 0.50000226783 -0.236886142694 -9.10585756298e-06 -0.101752014826 -0.0967058422126
35.8 500 57 124.970923 -0.211189549932 -0.234699199679 0.500002084979 -0.236886382942 -9.18210390759e-06 -0.101752113639 -0.0967289854619
35.9 500 57 96.777244 -0.21121697167 -0.234187835274 0.500001900575 -0.23688659847 -9.2449285561e-06 -0.101752202411 -0.0967521519871
36 500 40 94.581852 -0.211243083453 -0.23367788465 0.500001715553 -0.236886784208 -9.26957264501e-06 -0.101752278482 -0.0967752935931
36.1 500 45 103.29269 -0.211267909029 -0.233169432088 0.500001529039 -0.236887040816 -9.30412938323e-06 -0.101752381645 -0.096798366751
36.2 500 44 97.305543 -0.211291501057 -0.232662437039 0.500001341355 -0.236887067021 -9.36669289642e-06 -0.101752394206 -0.0968213077735
36.3 500 43 95.552294 -0.211313883411 -0.232156920745 0.500001153411 -0.236887226077 -9.37823919721e-06 -0.1017524586 -0.0968440916934
36.4 500 49 97.070139 -0.211335106575 -0.231652952004 0.500000965094 -0.23688746495 -9.38444422608e-06 -0.101752551322 -0.096866679002
36.5 500 39 71.024951 -0.211355199108 -0.23115051243 0.500000778461 -0.23688757415 -9.31274038807e-06 -0.101752599236 -0.0968889930222
36.6 500 43 132.0067 -0.211374196019 -0.230649624855 0.50000059252 -0.236887712152 -9.2503828911e-06 -0.101752655101 -0.0969110159469
36.7 500 44 81.791926 -0.211392138669 -0.230150275887 0.500000408355 -0.236887809478 -9.17941191229e-06 -0.101752694934 -0.0969326967307
36.8 500 49 95.281013 -0.211409080795 -0.229652534007 0.500000223893 -0.236888017823 -9.14103400357e-06 -0.101752771849 -0.0969540130969
36.9 500 45 109.731304 -0.211425079702 -0.229156317095 0.500000040639 -0.236888020584 -9.07307325917e-06 -0.101752772028 -0.096974905037
37 500 45 100.421443 -0.211440135606 -0.228661685974 0.499999861047 -0.236888090682 -8.87427889637e-06 -0.101752815484 -0.0969953678492
37.1 500 45 95.342098 -0.211454335453 -0.228168624632 0.499999683026 -0.236888129162 -8.80619172577e-06 -0.101752828611 -0.0970153775176
37.2 500 44 78.381786 -0.211467692744 -0.22767711827 0.499999508173 -0.236888090509 -8.64106683416e-06 -0.101752813896 -0.0970348803617
37.3 500 47 74.595267 -0.211480262407 -0.227187133124 0.499999334964 -0.236888017051 -8.55940042187e-06 -0.101752781984 -0.0970538884385
37.4 500 43 100.89048 -0.21149208672 -0.226698652232 0.499999164397 -0.236888000229 -8.42711391381e-06 -0.10175277327 -0.0970723647983
37.5 500 43 93.4188 -0.211503193837 -0.226211691769 0.499998997913 -0.236888022804 -8.20302374103e-06 -0.101752785438 -0.0970903262294
37.6 500 44 94.753915 -0.211513636354 -0.225726229631 0.499998834333 -0.23688795767 -8.05641793485e-06 -0.101752758881 -0.0971077411477
37.7 500 45 86.226081 -0.211523420314 -0.22524219188 0.499998675379 -0.236887806976 -7.83277182888e-06 -0.10175270001 -0.0971246097918
37.8 500 46 80.851748 -0.211532607092 -0.22475957187 0.499998519599 -0.236887742924 -7.67536065974e-06 -0.10175267373 -0.097140959646
37.9 500 55 113.515386 -0.211541197344 -0.224278383052 0.499998368062 -0.236887656763 -7.44978700021e-06 -0.101752639274 -0.0971567849298
38 500 51 99.287264 -0.211549254823 -0.223798537018 0.499998217371 -0.236887377325 -7.38632658996e-06 -0.101752522399 -0.0971720600706
38.1 500 54 69.264949 -0.211556776042 -0.223320015473 0.499998072568 -0.23688728385 -7.15267673573e-06 -0.101752484845 -0.0971868622176
38.2 500 46 95.741275 -0.211563768595 -0.222842775804 0.499997931536 -0.236887120825 -6.95743125296e-06 -0.101752419681 -0.0972011879297
38.3 500 44 76.321739 -0.211570275066 -0.222366793252 0.499997793186 -0.236886979668 -6.81942203657e-06 -0.101752360815 -0.0972150550247
38.4 500 70 113.429636 -0.211576291959 -0.221892036776 0.499997659197 -0.236886814995 -6.60705073124e-06 -0.101752296505 -0.0972285017222
38.5 500 57 76.66085 -0.211581834936 -0.221418462217 0.499997529337 -0.23688659961 -6.41841414771e-06 -0.10175221076 -0.0972415322995
38.6 500 52 141.241808 -0.211586898725 -0.220946035129 0.499997402829 -0.236886369419 -6.24944647018e-06 -0.101752118254 -0.0972542015661
38.7 500 48 76.5693 -0.21159148539 -0.220474715268 0.499997279946 -0.236886117689 -6.09759078487e-06 -0.101752017097 -0.0972665355983
38.8 500 47 78.042753 -0.21159557343 -0.220004430365 0.499997158156 -0.236885850389 -6.02081114735e-06 -0.101751908666 -0.0972785759164
38.9 500 60 98.947077 -0.211599211421 -0.219535206041 0.499997037289 -0.236885721258 -5.97216547145e-06 -0.10175185438 -0.0972903540156
39 500 49 90.407235 -0.211602350257 -0.219066968806 0.49999691898 -0.236885502246 -5.87091878188e-06 -0.101751766869 -0.0973019115868
39.1 500 44 73.428362 -0.211604989838 -0.218599700617 0.499996801886 -0.236885295648 -5.80225272447e-06 -0.10175168261 -0.0973133015564
39.2 500 64 95.231192 -0.21160712597 -0.218133386681 0.49999668616 -0.236885061046 -5.7457030909e-06 -0.10175158786 -0.0973245553875
39.3 500 51 68.312347 -0.211608730893 -0.21766797454 0.499996572266 -0.236884815074 -5.6708505354e-06 -0.101751488945 -0.0973357200376
39.4 500 48 69.498654 -0.211609781256 -0.217203441691 0.499996459173 -0.236884566075 -5.63424417637e-06 -0.101751389072 -0.0973468376591
39.5 500 70 122.960742 -0.211610267455 -0.216739773067 0.499996346675 -0.236884340149 -5.61116196984e-06 -0.101751298507 -0.0973579355765
39.6 500 46 67.730885 -0.211610168038 -0.216276940845 0.499996235119 -0.236884062463 -5.57800051157e-06 -0.101751186789 -0.0973690747338
39.7 500 60 68.068607 -0.211609438454 -0.215814935343 0.499996123794 -0.236883808065 -5.56658694251e-06 -0.101751085393 -0.0973802737649
39.8 500 49 83.688205 -0.211608037706 -0.215353720317 0.499996012338 -0.23688355157 -5.58211906665e-06 -0.101750982458 -0.0973915906328
39.9 500 54 80.013378 -0.211605972224 -0.214893299105 0.499995898676 -0.236883387415 -5.69099801475e-06 -0.101750916237 -0.0974030421441
40 500 47 104.556228 -0.211603231047 -0.214433660481 0.499995783441 -0.236883261795 -5.76640786198e-06 -0.101750864451 -0.0974146827629
40.1 500 50 104.050473 -0.211599760536 -0.213974828806 0.499995668752 -0.236883104719 -5.73773310295e-06 -0.101750804335 -0.0974265134469
40.2 500 48 93.935581 -0.211595505056 -0.213516786022 0.499995553543 -0.236882904292 -5.77709590636e-06 -0.101750723751 -0.0974385720309
40.3 500 59 164.466969 -0.211590487145 -0.213059515718 0.499995435525 -0.236882770657 -5.91830129579e-06 -0.101750667422 -0.0974508739411
40.4 500 48 101.408611 -0.21158466779 -0.21260305654 0.499995313604 -0.236882632223 -6.08268232062e-06 -0.101750608161 -0.0974634440419
40.5 500 43 77.635632 -0.211578012773 -0.212147387102 0.49999519124 -0.236882467236 -6.14869885175e-06 -0.101750543673 -0.097476322642
40.6 500 60 119.421436 -0.211570499279 -0.21169252639 0.49999506772 -0.236882286706 -6.21336149147e-06 -0.101750472622 -0.0974894993842
40.7 500 44 81.499094 -0.211562074528 -0.211238468091 0.499994943201 -0.23688213333 -6.27502051829e-06 -0.101750410784 -0.0975029838687
40.8 500 49 84.576448 -0.211552756588 -0.210785267005 0.499994814987 -0.236882150467 -6.43240180139e-06 -0.1017504176 -0.097516781417
40.9 500 62 113.272192 -0.211542538437 -0.210332931776 0.499994684285 -0.236882058915 -6.56166643399e-06 -0.101750381548 -0.0975309114887
41 500 47 76.769266 -0.2115313719 -0.209881476237 0.499994552905 -0.236881932941 -6.61207055329e-06 -0.1017503318 -0.0975453421362
41.1 500 46 87.254927 -0.211519246563 -0.209430909611 0.499994418839 -0.236881886789 -6.73316660029e-06 -0.101750312963 -0.0975600854491
41.2 500 62 105.887211 -0.211506175533 -0.208981284147 0.499994282464 -0.236881911094 -6.84217202469e-06 -0.101750322048 -0.0975751258328
41.3 500 62 114.328683 -0.211492133042 -0.208532615951 0.4999941454 -0.236881862759 -6.89303234587e-06 -0.101750302786 -0.0975904541431
41.4 500 51 81.920562 -0.211477112612 -0.208084932835 0.499994007462 -0.236881811409 -6.93845735883e-06 -0.101750282963 -0.0976060447535
41.5 500 49 96.774442 -0.211461094083 -0.207638246378 0.499993867968 -0.236881772222 -7.01124121694e-06 -0.101750269216 -0.0976218905994
41.6 500 45 87.374504 -0.211444095279 -0.207192605168 0.499993727256 -0.236881815924 -7.07820723128e-06 -0.101750287188 -0.09763796636
41.7 500 46 102.927281 -0.211426116138 -0.206748026209 0.499993583577 -0.236881865449 -7.19866614831e-06 -0.101750302512 -0.097654239728
41.8 500 48 93.457442 -0.211407184256 -0.206304558528 0.499993438645 -0.236881993418 -7.25377717653e-06 -0.101750354358 -0.0976706877157
41.9 500 43 88.542796 -0.211387299499 -0.205862211746 0.49999329123 -0.236882051563 -7.37178112507e-06 -0.101750378885 -0.0976872791828
42 500 49 84.050554 -0.211366446062 -0.205421002895 0.499993143635 -0.236882087762 -7.40410312696e-06 -0.101750394978 -0.0977039901114
42.1 500 49 121.930027 -0.211344660286 -0.204980989115 0.499992995032 -0.236882242025 -7.42170943066e-06 -0.101750458712 -0.097720787187
42.2 500 48 190.560882 -0.211321986733 -0.20454215382 0.499992845188 -0.236882386567 -7.47926347249e-06 -0.101750514854 -0.0977376223618
42.3 500 43 137.766074 -0.21129840833 -0.204104585482 0.499992696028 -0.236882503721 -7.43820725126e-06 -0.10175056356 -0.0977544811328
42.4 500 55 131.317202 -0.211273927458 -0.203668194577 0.499992546433 -0.236882598357 -7.46013122003e-06 -0.1017505992 -0.0977713116108
42.5 500 46 87.162442 -0.211248646839 -0.203233134105 0.499992398965 -0.236882987948 -7.30191314505e-06 -0.101750758076 -0.0977880818639
42.6 500 62 106.674273 -0.211222551383 -0.202799336446 0.499992252337 -0.236883084033 -7.2849774347e-06 -0.101750795451 -0.0978047743053
42.7 500 47 69.203231 -0.211195670961 -0.202366840275 0.499992107911 -0.236883182956 -7.19488678368e-06 -0.101750834455 -0.0978213270338
42.8 500 44 78.181749 -0.21116801894 -0.201935645385 0.499991965194 -0.236883288493 -7.09811768065e-06 -0.101750880125 -0.0978377245461
42.9 500 50 79.024199 -0.211139655113 -0.201505761619 0.499991822999 -0.236883461437 -7.06117495316e-06 -0.101750949166 -0.0978539291159
43 500 43 83.918893 -0.211110584877 -0.201077204369 0.499991682646 -0.236883608046 -6.96136828248e-06 -0.101751008909 -0.0978699116755
43.1 500 52 77.350116 -0.211080872015 -0.200649983891 0.499991544161 -0.236883814361 -6.86510159218e-06 -0.101751090598 -0.0978856450992
43.2 500 44 91.547372 -0.211050517671 -0.200224076631 0.499991408338 -0.236883926234 -6.73816569156e-06 -0.101751136853 -0.0979011087415
43.3 500 45 79.872562 -0.211019580052 -0.19979952581 0.499991274771 -0.236884115742 -6.60246635518e-06 -0.10175121217 -0.0979162727033
43.4 500 51 97.768756 -0.210988060745 -0.199376267177 0.499991142473 -0.236884251218 -6.54207635463e-06 -0.101751266958 -0.0979311156883
43.5 500 49 92.392266 -0.210956039919 -0.198954339315 0.499991011276 -0.236884540804 -6.46322897846e-06 -0.101751381738 -0.0979456283166
43.6 500 60 104.552289 -0.210923534881 -0.198533698388 0.49999088347 -0.236884758097 -6.30722152206e-06 -0.101751468939 -0.0979597739585
43.7 500 50 92.001682 -0.21089055332 -0.198114361109 0.499990758525 -0.236884920419 -6.14776492459e-06 -0.101751536119 -0.0979735473237
43.8 500 57 102.485532 -0.210857112986 -0.197696294788 0.499990636735 -0.236885120146 -6.00817150088e-06 -0.101751615101 -0.0979869434178
43.9 500 50 96.325893 -0.210823293656 -0.197279487892 0.499990514864 -0.236885389967 -5.96941678557e-06 -0.101751722082 -0.0979999664897
44 500 51 103.312031 -0.210789115149 -0.196863896477 0.499990397037 -0.236885582371 -5.80569821411e-06 -0.101751798971 -0.0980125936744
44.1 500 48 80.150788 -0.21075455872 -0.196449511487 0.499990282269 -0.236885706356 -5.65001993665e-06 -0.101751849829 -0.0980248287579
44.2 500 72 131.016999 -0.210719672851 -0.196036320024 0.499990171775 -0.236885927312 -5.43627677871e-06 -0.101751939676 -0.0980366780449
44.3 500 51 66.573957 -0.210684464921 -0.19562427997 0.499990065397 -0.23688607431 -5.25128987847e-06 -0.101751998091 -0.0980481315788
44.4 500 60 70.946798 -0.210648966341 -0.195213378423 0.499989962159 -0.236886297497 -5.0819154748e-06 -0.101752088607 -0.0980592367366
44.5 500 45 78.847433 -0.210613172342 -0.194803567889 0.499989862847 -0.236886473456 -4.88377001216e-06 -0.101752157803 -0.0980699757817
44.6 500 59 75.908285 -0.210577114519 -0.194394834392 0.499989766954 -0.236886690944 -4.70455226315e-06 -0.101752241074 -0.0980803772458
44.7 500 49 104.383496 -0.210540790311 -0.193987153148 0.499989674442 -0.236886877707 -4.53906437108e-06 -0.101752317414 -0.0980904610306
44.8 500 45 73.090838 -0.21050421004 -0.193580473416 0.499989584024 -0.236887134476 -4.42887403039e-06 -0.101752416916 -0.0981002452298
44.9 500 65 96.933646 -0.210467379694 -0.193174783509 0.499989497479 -0.236887347986 -4.24302864239e-06 -0.101752502501 -0.0981097468881
45 500 45 87.07475 -0.210430294727 -0.192770036104 0.499989414763 -0.236887502331 -4.05727452525e-06 -0.101752563026 -0.0981189864108
45.1 500 47 77.868593 -0.210392967769 -0.19236623926 0.499989335158 -0.23688775604 -3.88941699423e-06 -0.101752664416 -0.0981280099894
45.2 500 53 91.229382 -0.210355353446 -0.191963306067 0.499989258583 -0.236887882531 -3.73877904913e-06 -0.101752714282 -0.0981368316203
45.3 500 46 75.649376 -0.210317472934 -0.191561242628 0.499989183644 -0.236888105693 -3.6277785214e-06 -0.1017528042 -0.0981454908556
45.4 500 68 137.826259 -0.210279326143 -0.191160027776 0.499989112418 -0.236888317694 -3.47076219428e-06 -0.101752887382 -0.0981539978984
45.5 500 46 68.247212 -0.210240896444 -0.190759617818 0.499989045578 -0.236888427398 -3.26628173977e-06 -0.10175293067 -0.0981623825347
45.6 500 53 70.632927 -0.21020215124 -0.190360014101 0.499988982273 -0.236888628509 -3.07693241862e-06 -0.101753011409 -0.0981707072107
45.7 500 50 99.590357 -0.210163073797 -0.189961152818 0.499988923081 -0.236888768201 -2.87268809966e-06 -0.101753065743 -0.0981789882847
45.8 500 47 103.386519 -0.210123657592 -0.189563062352 0.499988866536 -0.236889061358 -2.70167751746e-06 -0.101753173621 -0.0981872444805
45.9 500 45 93.539877 -0.210083894061 -0.189165739671 0.499988814658 -0.236889242593 -2.48920556898e-06 -0.101753252378 -0.0981955118869
46 500 48 84.114806 -0.210043776118 -0.188769142851 0.499988765828 -0.236889358576 -2.3365907808e-06 -0.101753299222 -0.0982038193313
46.1 500 63 82.368071 -0.210003232169 -0.188373238502 0.499988720245 -0.23688932159 -2.18420232668e-06 -0.101753296176 -0.0982121922072
46.2 500 68 113.72924 -0.209962265406 -0.18797803482 0.499988679474 -0.236889429558 -1.95831324622e-06 -0.101753338631 -0.0982206458963
46.3 500 48 74.538051 -0.209920854344 -0.18758353139 0.499988642549 -0.236889492975 -1.76804510962e-06 -0.10175336456 -0.098229225563
46.4 500 47 102.238074 -0.209878961062 -0.187189696607 0.499988608801 -0.236889601583 -1.60386926707e-06 -0.101753409108 -0.0982379640395
46.5 500 45 75.581028 -0.209836583249 -0.186796564012 0.49998857873 -0.23688974799 -1.40400382179e-06 -0.101753468063 -0.0982468687783
46.6 500 49 89.885174 -0.209793696196 -0.186404139529 0.499988552924 -0.236889844854 -1.20080955609e-06 -0.101753508599 -0.0982559785858
46.7 500 54 88.660234 -0.209750258099 -0.186012380027 0.499988531944 -0.236889843009 -9.63515354366e-07 -0.101753506543 -0.0982652520629
46.8 500 66 108.821545 -0.209706276887 -0.185621364849 0.499988514843 -0.236889965273 -7.42625868022e-07 -0.101753555457 -0.098274749471
46.9 500 66 116.618007 -0.209661718806 -0.185231055843 0.499988502183 -0.236889968102 -5.60688015436e-07 -0.101753557525 -0.0982844366093
47 500 50 85.670715 -0.209616560249 -0.184841449686 0.49998849308 -0.236889917897 -3.71944179345e-07 -0.101753539067 -0.0982943934487
47.1 500 49 109.813471 -0.209570777034 -0.184452595563 0.499988487649 -0.236889973199 -1.69898011871e-07 -0.101753563017 -0.098304594713
47.2 500 47 98.659245 -0.20952437878 -0.184064508311 0.499988485446 -0.236889962125 1.78000870987e-10 -0.101753562364 -0.0983150202287
47.3 500 47 101.96012 -0.209477312715 -0.183677191438 0.499988487064 -0.236889903506 1.85990480281e-07 -0.101753541572 -0.0983256808789
47.4 500 49 101.166524 -0.209429619767 -0.183290669741 0.499988491778 -0.236889888118 3.45955761052e-07 -0.10175353529 -0.0983365807512
47.5 500 47 95.232097 -0.20938125816 -0.182904947727 0.499988500399 -0.236889792986 5.31988723053e-07 -0.101753498355 -0.0983476976136
47.6 500 52 95.320713 -0.209332219113 -0.182520086203 0.499988512754 -0.236889688719 7.31103794442e-07 -0.10175345999 -0.0983590503855
47.7 500 51 88.335343 -0.209282514579 -0.182136045767 0.499988527277 -0.236889529123 8.35166770047e-07 -0.101753398046 -0.0983706091964
47.8 500 70 91.83639 -0.209232133266 -0.181752879215 0.499988546102 -0.236889396593 1.04552430246e-06 -0.101753348039 -0.0983823618623
47.9 500 60 90.428607 -0.209181077328 -0.181370603913 0.499988569756 -0.236889191649 1.2740934088e-06 -0.101753268851 -0.0983942911391
48 500 49 105.774287 -0.209129337188 -0.180989239653 0.499988597337 -0.236889016751 1.48685970402e-06 -0.101753203317 -0.0984063934412
48.1 500 49 95.858969 -0.20907693538 -0.180608842583 0.499988628965 -0.236888845816 1.68871288237e-06 -0.101753139054 -0.0984186277151
48.2 500 45 79.931451 -0.209023865989 -0.180229392998 0.499988664565 -0.236888610456 1.88390515948e-06 -0.101753047568 -0.0984309850213
48.3 500 63 174.868085 -0.208970146046 -0.179850944574 0.499988703894 -0.236888389474 2.06757997403e-06 -0.101752962425 -0.0984434486802
48.4 500 51 125.348729 -0.208915779895 -0.179473486418 0.499988748267 -0.236888133531 2.29366208271e-06 -0.101752861047 -0.0984559538756
48.5 500 43 129.594927 -0.208860794035 -0.179097063807 0.499988796205 -0.236887917241 2.48575508574e-06 -0.101752779698 -0.098468542183
48.6 500 65 151.000885 -0.208805201107 -0.178721689724 0.499988847938 -0.236887680122 2.67077831173e-06 -0.101752686311 -0.0984811502643
48.7 500 74 184.535749 -0.208749020872 -0.178347378882 0.499988904427 -0.236887448018 2.89693171159e-06 -0.101752596031 -0.0984937408653
48.8 500 71 149.397846 -0.208692266977 -0.177974145747 0.499988964116 -0.236887117597 3.03861813946e-06 -0.101752470089 -0.0985062948816
48.9 500 51 178.125208 -0.208634932402 -0.177601968235 0.499989026702 -0.236886829853 3.19119252248e-06 -0.101752358026 -0.0985188135316
49 500 50 182.64503 -0.208577100445 -0.177230923632 0.499989092903 -0.236886656297 3.39349705966e-06 -0.101752290758 -0.0985312570564
49.1 500 49 176.309174 -0.208518754728 -0.176860986711 0.499989162255 -0.236886355274 3.54508745624e-06 -0.10175217398 -0.0985435948282
49.2 500 47 139.320657 -0.208459941921 -0.176492180357 0.499989234388 -0.236886107383 3.68352216639e-06 -0.101752076578 -0.0985558064656
49.3 500 69 178.099489 -0.208400686732 -0.176124492412 0.499989309154 -0.236885813238 3.78643256109e-06 -0.101751960902 -0.0985678525025
49.4 500 59 175.342769 -0.208341011132 -0.175757929938 0.499989386182 -0.236885519327 3.88787565879e-06 -0.101751842699 -0.0985797088696
49.5 500 54 196.082881 -0.208280938997 -0.175392490675 0.499989464799 -0.236885258121 3.96161906754e-06 -0.101751742059 -0.0985913938233
49.6 500 58 186.25549 -0.208220493952 -0.175028178161 0.499989546253 -0.236884948326 4.0962358232e-06 -0.101751615352 -0.098602862047
49.7 500 51 139.91916 -0.208159712074 -0.174664990979 0.499989629121 -0.236884629464 4.16355532483e-06 -0.101751485357 -0.0986140779187
49.8 500 49 140.717626 -0.208098592542 -0.174302890713 0.499989713376 -0.236884333061 4.23632101323e-06 -0.101751367453 -0.098625059375
49.9 500 54 142.764428 -0.208037180657 -0.173941910807 0.499989798507 -0.236884105315 4.27514171183e-06 -0.1017512762 -0.098635775218
50 500 47 126.689162 -0.207975521239 -0.173582016814 0.499989883918 -0.236883880354 4.2962702001e-06 -0.101751183332 -0.0986462068895
50.1 500 55 135.201604 -0.207913616457 -0.173223200274 0.499989970291 -0.236883659156 4.32335533184e-06 -0.101751094341 -0.0986563579049
50.2 500 50 158.716869 -0.207851489048 -0.172865444808 0.499990057336 -0.236883446022 4.34843514532e-06 -0.101751003788 -0.0986662184526
50.3 500 63 144.276191 -0.207789161508 -0.172508730691 0.499990144063 -0.236883175329 4.32594244754e-06 -0.101750895916 -0.0986757851356
50.4 500 59 192.874821 -0.207726626419 -0.172153014902 0.499990231161 -0.236882950202 4.3414517087e-06 -0.101750804634 -0.0986850606624
50.5 500 52 189.407735 -0.20766393125 -0.171798312062 0.499990318828 -0.236882807492 4.38304574221e-06 -0.101750744367 -0.0986940503134
50.6 500 47 179.859041 -0.20760110207 -0.171444624045 0.499990407196 -0.236882663133 4.41653304229e-06 -0.101750682955 -0.0987027397741
50.7 500 50 180.845446 -0.207538120645 -0.171091855367 0.499990495104 -0.236882491902 4.39282485158e-06 -0.101750608297 -0.0987111540353
50.8 500 51 195.208117 -0.20747502893 -0.170740049187 0.49999058311 -0.236882433107 4.39248349871e-06 -0.101750579634 -0.0987192934809
50.9 500 47 129.649311 -0.207411827521 -0.170389150031 0.499990670998 -0.236882307846 4.38595608723e-06 -0.101750522783 -0.0987271756754
51 500 64 179.636346 -0.207348513122 -0.17003913071 0.499990758942 -0.236882195708 4.37129667157e-06 -0.101750470013 -0.0987347992819
51.1 500 67 171.378603 -0.207285089814 -0.16968997263 0.499990846954 -0.236882109411 4.36003997977e-06 -0.101750427765 -0.0987421946075
51.2 500 59 156.643632 -0.207221558454 -0.169341646439 0.499990934446 -0.236882067655 4.33429001581e-06 -0.101750399074 -0.0987493563118
51.3 500 50 137.627896 -0.207157912413 -0.168994108116 0.499991021362 -0.23688207644 4.31923884442e-06 -0.101750393977 -0.0987563434971
51.4 500 53 99.511914 -0.207094149395 -0.168647432132 0.499991107635 -0.236882163541 4.29245988281e-06 -0.101750418807 -0.0987631461192
51.5 500 52 104.410975 -0.207030292633 -0.168301436795 0.499991190778 -0.236882167717 4.12072650699e-06 -0.101750409876 -0.098769788422
51.6 500 50 85.211537 -0.206966306982 -0.167956197112 0.499991274143 -0.236882251748 4.13506198751e-06 -0.101750433125 -0.0987763011714
51.7 500 58 85.314622 -0.206902183283 -0.16761168879 0.499991356817 -0.236882387964 4.09595451741e-06 -0.101750476259 -0.0987826983971
51.8 500 51 88.337283 -0.206837925104 -0.167267876275 0.499991437586 -0.236882574162 4.0079747657e-06 -0.101750539331 -0.098789006275
51.9 500 56 83.03774 -0.206773522465 -0.166924747938 0.499991518048 -0.236882746626 3.99423029823e-06 -0.101750598391 -0.0987952607416
52 500 67 104.659912 -0.206708963561 -0.166582284219 0.499991596147 -0.236882900428 3.86980594346e-06 -0.101750645233 -0.0988014576413
52.1 500 51 72.278971 -0.2066442202 -0.166240456003 0.49999167247 -0.236883103485 3.75543244504e-06 -0.101750711151 -0.0988076337175
52.2 500 51 78.27541 -0.20657928884 -0.165899268103 0.499991747595 -0.236883344898 3.71295383803e-06 -0.101750794808 -0.0988138211456
52.3 500 67 134.118177 -0.206514135798 -0.165558705238 0.499991821725 -0.23688361652 3.66165766457e-06 -0.101750887595 -0.0988200336438
52.4 500 58 95.517279 -0.206448748695 -0.165218747277 0.499991894922 -0.236883913547 3.59984909495e-06 -0.10175098942 -0.0988262966925
52.5 500 67 121.260644 -0.206383108436 -0.164879405243 0.499991967042 -0.236884215117 3.5667585664e-06 -0.101751095626 -0.0988326444692
52.6 500 47 79.220122 -0.206317194167 -0.164540656927 0.499992036991 -0.23688450165 3.43929321197e-06 -0.101751196392 -0.0988390450794
52.7 500 48 124.56496 -0.206250987278 -0.164202517526 0.499992105673 -0.236884839982 3.38882054743e-06 -0.101751316829 -0.0988455933114
52.8 500 70 150.577239 -0.206184470475 -0.163864970004 0.499992172071 -0.236885247686 3.25141521052e-06 -0.101751469438 -0.0988522881562
52.9 500 70 171.026105 -0.206117623517 -0.163528021085 0.499992235994 -0.236885571816 3.14292172707e-06 -0.101751584316 -0.0988590956322
53 500 55 98.065267 -0.206050411882 -0.163191676985 0.49999229802 -0.236885893872 3.04279847262e-06 -0.101751699807 -0.0988660580173
53.1 500 46 99.426818 -0.205982810393 -0.162855874925 0.499992358348 -0.23688628961 2.99384909508e-06 -0.101751846111 -0.0988731857861
53.2 500 47 101.546138 -0.205914863932 -0.162520766545 0.49999241884 -0.236886766976 3.0187448298e-06 -0.101752025962 -0.0988804912422
53.3 500 53 112.730581 -0.205846503663 -0.162186196527 0.499992478304 -0.236887138927 2.96201480545e-06 -0.101752161213 -0.098887983969
53.4 500 48 87.227744 -0.205777762944 -0.161852328266 0.499992539468 -0.236887542479 3.06228432878e-06 -0.101752313765 -0.0988956649602
53.5 500 54 90.341919 -0.205708578937 -0.161519090981 0.499992600806 -0.236887894845 3.06545841915e-06 -0.101752441672 -0.098903532953
53.6 500 48 93.823982 -0.205638933313 -0.161186524464 0.499992663082 -0.236888275386 3.11814348902e-06 -0.101752582499 -0.0989115905852
53.7 500 62 95.503696 -0.205568838005 -0.160854647336 0.499992725563 -0.236888729055 3.14172804014e-06 -0.101752753277 -0.0989198420157
53.8 500 54 113.534586 -0.205498312812 -0.160523459043 0.499992787711 -0.236889148086 3.13838362376e-06 -0.101752911341 -0.0989282839416
53.9 500 58 94.272845 -0.205427340545 -0.160192956082 0.499992850375 -0.236889555028 3.17047450507e-06 -0.101753059831 -0.0989368910434
54 500 61 84.834246 -0.205355889696 -0.159863218518 0.499992916021 -0.236889883827 3.31310401128e-06 -0.101753182311 -0.098945682387
54.1 500 60 115.331973 -0.205283966672 -0.159534226873 0.49999298257 -0.236890246786 3.36350903438e-06 -0.101753316726 -0.0989546466489
54.2 500 66 89.24469 -0.205211572093 -0.159206001956 0.499993050378 -0.236890612592 3.40485699695e-06 -0.101753455273 -0.0989637498097
54.3 500 67 183.230939 -0.205138720492 -0.158878566766 0.499993119276 -0.236890943207 3.48404717621e-06 -0.101753577592 -0.0989729897305
54.4 500 51 85.2774 -0.205065394141 -0.158551936315 0.499993193411 -0.23689121603 3.71013543037e-06 -0.101753674916 -0.0989823590172
54.5 500 53 113.078646 -0.204991587596 -0.158226119589 0.499993268633 -0.236891618125 3.82959291859e-06 -0.101753828165 -0.0989918403356
