fbr_green_sep_irlm_v1 L 100 U 0.1 V 0.1 dt 0.1 cutoff 0.0001 steps 201
# t ReG00 ImG00 ReG01 ImG01 maxBondDim n_active   (vs chain: max|dG|=9.7409e-05)
0 0 -0.499999997029 0 -0.267988753713 20 14
0.1 -0.00347067954985 -0.499955323526 -0.00633722011112 -0.267844284675 19 14
0.2 -0.00693678993808 -0.49982156682 -0.0126570388094 -0.267411503406 18 14
0.3 -0.0103524901882 -0.499600027394 -0.0189421623434 -0.266692204032 18 14
0.4 -0.013837203211 -0.499288935425 -0.0251510723605 -0.265691691105 20 13
0.5 -0.0172626133463 -0.4988919636 -0.0313400607355 -0.264407190532 19 13
0.6 -0.0206657209342 -0.498409629723 -0.0374247600786 -0.262850210441 18 13
0.7 -0.0240423786761 -0.497843654793 -0.0433976513547 -0.261027091235 17 13
0.8 -0.027388880881 -0.497195977404 -0.0492590845457 -0.258943105264 17 13
0.9 -0.0306988123904 -0.496469000212 -0.05498619991 -0.256608084414 17 13
1 -0.0339678268681 -0.49566514455 -0.0605721948577 -0.254029975626 18 13
1.1 -0.0372018399194 -0.494786606511 -0.0659953094244 -0.251221007949 18 13
1.2 -0.0403962927364 -0.493836195941 -0.0712489922972 -0.248190976794 19 13
1.3 -0.0435381360801 -0.492817728698 -0.0763153407309 -0.244953691854 18 13
1.4 -0.0466222383408 -0.491735022685 -0.0811896424702 -0.24152010971 19 13
1.5 -0.0496356036853 -0.490592205561 -0.0858710957747 -0.237900198294 19 13
1.6 -0.0526525784918 -0.489385067339 -0.0902888702406 -0.234131032701 20 13
1.7 -0.0555576689213 -0.48812889599 -0.094529900971 -0.230191903882 20 13
1.8 -0.0584049457417 -0.486821701647 -0.0985145750088 -0.22612616408 20 13
1.9 -0.0612547922084 -0.485459311321 -0.102306654675 -0.221919173669 21 13
2 -0.0639450682992 -0.484065517495 -0.105861239132 -0.217602911368 20 13
2.1 -0.0666553290796 -0.482620862999 -0.109124737179 -0.21321860314 20 13
2.2 -0.0693114812577 -0.48113809777 -0.112152800286 -0.208754551085 21 13
2.3 -0.0719001786768 -0.479622643498 -0.114979776838 -0.204205841373 22 13
2.4 -0.0743072473326 -0.478095825411 -0.11754950219 -0.199617637105 22 13
2.5 -0.0767065529138 -0.47653517204 -0.119848462467 -0.195015163023 22 13
2.6 -0.0791174253158 -0.474939894424 -0.121869245398 -0.190421682045 22 13
2.7 -0.0813794419149 -0.473339751377 -0.123705751755 -0.185794277742 23 13
2.8 -0.0836878259787 -0.471704836822 -0.125317810319 -0.18117374443 22 13
2.9 -0.0857966329549 -0.470081485406 -0.126689790261 -0.176587934275 22 13
3 -0.0880155712586 -0.468416799558 -0.127823261524 -0.172054331376 22 13
3.1 -0.0901172018447 -0.466755059688 -0.128708275893 -0.167599558248 22 13
3.2 -0.0920944581967 -0.465101581991 -0.129420880607 -0.163183779913 23 13
3.3 -0.0940560159104 -0.463437905025 -0.129924336551 -0.158852495437 23 13
3.4 -0.0959416202885 -0.461778641983 -0.130242533258 -0.154604351988 22 13
3.5 -0.0978049729643 -0.460115191158 -0.13035658311 -0.150473332121 22 13
3.6 -0.0995920863539 -0.458460763332 -0.130298448484 -0.146450529766 22 13
3.7 -0.101346504835 -0.456809208971 -0.130091582546 -0.142532280992 22 13
3.8 -0.103048261436 -0.455166549296 -0.129742415574 -0.138729293977 22 13
3.9 -0.104704735826 -0.45353301785 -0.129226969163 -0.135081061889 22 13
4 -0.106317789295 -0.451910075525 -0.128584327867 -0.131567899385 22 13
4.1 -0.107889349378 -0.450298954096 -0.127834728827 -0.128185722985 23 13
4.2 -0.109421334056 -0.448700727165 -0.126974007342 -0.124953901385 23 13
4.3 -0.110936008999 -0.447111361842 -0.126018642864 -0.121870743023 22 13
4.4 -0.112396763955 -0.445541112368 -0.124985026163 -0.118933411777 23 13
4.5 -0.113799287915 -0.443992431829 -0.123883099963 -0.116144587552 23 13
4.6 -0.115192307881 -0.442454038774 -0.122719476038 -0.113509684814 23 13
4.7 -0.11655532253 -0.440932013972 -0.121508565959 -0.111024723322 23 13
4.8 -0.117890152236 -0.439426607159 -0.120261419743 -0.108688142404 24 13
4.9 -0.119198581068 -0.437937932576 -0.118988743052 -0.106497632043 25 13
5 -0.120482367783 -0.436466230214 -0.117700863678 -0.104450140906 25 13
5.1 -0.121743204745 -0.435011390534 -0.116407569703 -0.102541904791 25 13
5.2 -0.122982731308 -0.433573287702 -0.115118259949 -0.100768570756 26 13
5.3 -0.124202497067 -0.432151626138 -0.113841693151 -0.0991251341843 25 13
5.4 -0.12540403064 -0.430746131727 -0.112586090588 -0.0976060882787 25 13
5.5 -0.126588735154 -0.429356386408 -0.111359110779 -0.0962054656875 25 13
5.6 -0.127757991087 -0.427981873181 -0.110167671782 -0.0949168095136 25 13
5.7 -0.128913061105 -0.426622174956 -0.109018100551 -0.0937333325857 26 13
5.8 -0.130055156745 -0.425276664531 -0.107916062839 -0.0926479750332 26 13
5.9 -0.131185369855 -0.423944548969 -0.106866483472 -0.0916533335977 25 13
6 -0.132304679132 -0.422625065287 -0.105873607672 -0.0907418643602 26 13
6.1 -0.133414074282 -0.421317729895 -0.104941014837 -0.0899059271178 26 13
6.2 -0.134514310228 -0.420021528116 -0.104071584873 -0.0891377715655 26 13
6.3 -0.13560616366 -0.418735500527 -0.103267445623 -0.0884296225821 27 13
6.4 -0.136690332781 -0.417459078244 -0.102530158145 -0.0877737557615 27 13
6.5 -0.137767325955 -0.41619134352 -0.101860587956 -0.0871625847119 26 13
6.6 -0.138837603761 -0.414931366287 -0.101258866777 -0.0865885484538 26 13
6.7 -0.139901531382 -0.413678341741 -0.100724685887 -0.08604438996 26 13
6.8 -0.140959425863 -0.41243136338 -0.100257027938 -0.0855230836928 26 13
6.9 -0.142011479106 -0.41118960593 -0.099854411277 -0.085017845054 26 13
7 -0.143057840137 -0.409952392655 -0.0995147301485 -0.0845222046215 25 13
7.1 -0.144098451978 -0.40871869609 -0.0992354805254 -0.0840301133495 25 13
7.2 -0.145133389572 -0.407488060724 -0.0990137735604 -0.0835358414215 25 13
7.3 -0.146162556295 -0.406259749196 -0.0988461534556 -0.083034083181 25 13
7.4 -0.147185796949 -0.405033042245 -0.0987290440428 -0.0825201531639 25 13
7.5 -0.148202792666 -0.403807160562 -0.098658307202 -0.0819895054603 25 13
7.6 -0.149213179913 -0.402581391361 -0.0986297475448 -0.081438272761 25 13
7.7 -0.150216850069 -0.401355686365 -0.0986388659261 -0.0808630350274 25 13
7.8 -0.151213451366 -0.400129665948 -0.0986811279948 -0.0802610639224 25 13
7.9 -0.152202468727 -0.398902571863 -0.0987514905978 -0.0796297852056 25 13
8 -0.153183635243 -0.397674331219 -0.0988453510672 -0.0789673490731 25 13
8.1 -0.154156361503 -0.396444606412 -0.0989577662244 -0.0782723337244 25 13
8.2 -0.155120381727 -0.395213377932 -0.099083872933 -0.0775437682348 25 13
8.3 -0.156075073206 -0.393980477048 -0.0992188475168 -0.0767812531389 26 13
8.4 -0.157020039847 -0.392745546137 -0.0993581508759 -0.0759849084009 25 13
8.5 -0.157954842324 -0.391508763381 -0.0994969036665 -0.0751549314986 26 13
8.6 -0.158879040599 -0.390270192164 -0.099631019226 -0.0742924123595 27 13
8.7 -0.159792288745 -0.38903006858 -0.099756107287 -0.0733984771065 27 13
8.8 -0.16069410317 -0.38778844288 -0.0998683354873 -0.0724748374319 27 13
8.9 -0.161584121584 -0.386545457344 -0.0999639141243 -0.0715234141777 27 14
9 -0.162461994369 -0.385301194282 -0.100039560548 -0.0705465391522 28 14
9.1 -0.163327477488 -0.38405645364 -0.100092114488 -0.069546709503 26 14
9.2 -0.164180488191 -0.382811425983 -0.100118810531 -0.0685266879116 25 14
9.3 -0.165020558004 -0.381566370126 -0.100117292252 -0.06748953121 31 14
9.4 -0.165847511969 -0.380321378089 -0.100085426216 -0.0664383307447 31 14
9.5 -0.166661041553 -0.379076880212 -0.100021572324 -0.0653764063312 31 14
9.6 -0.16746167057 -0.377834361569 -0.099924284711 -0.0643070841399 30 14
9.7 -0.168248481367 -0.37659261489 -0.0997926448065 -0.0632338526688 30 14
9.8 -0.169022110531 -0.375353227591 -0.099626071997 -0.0621602158369 30 14
9.9 -0.169782633273 -0.374116941754 -0.0994243392893 -0.0610895543184 30 14
10 -0.170529587102 -0.372882910331 -0.0991874878305 -0.0600253581048 30 14
10.1 -0.171263506702 -0.371652280693 -0.0989159330605 -0.0589708765637 30 14
10.2 -0.171984365614 -0.370425253959 -0.0986104629529 -0.0579293930853 30 14
10.3 -0.172692380085 -0.369202511939 -0.0982722627024 -0.0569040221007 30 14
10.4 -0.173388144292 -0.367984896847 -0.0979025662956 -0.0558978144018 30 14
10.5 -0.174071513348 -0.366771911772 -0.0975030276948 -0.0549132652172 30 14
10.6 -0.174742863283 -0.365564242438 -0.0970756548447 -0.0539531126478 30 14
10.7 -0.175402783853 -0.364362439518 -0.0966224160898 -0.0530195945305 30 14
10.8 -0.176051182649 -0.363166151262 -0.0961457023533 -0.0521148391743 30 14
10.9 -0.176688862202 -0.361976390689 -0.0956477990225 -0.051240612202 30 14
11 -0.177315965079 -0.360792967587 -0.0951315774858 -0.0503985577558 30 14
11.1 -0.177932899864 -0.359616106674 -0.0945995532864 -0.0495898560514 30 14
11.2 -0.178540397722 -0.358446148474 -0.094054714211 -0.0488156110384 30 15
11.3 -0.179138623816 -0.357283198216 -0.0934997974844 -0.0480764865607 32 15
11.4 -0.179727973797 -0.356127100903 -0.092937781147 -0.0473728714843 31 14
11.5 -0.180309097548 -0.354978184889 -0.0923714692647 -0.0467049176678 30 15
11.6 -0.180882377976 -0.353836447923 -0.091803846526 -0.0460725126406 31 15
11.7 -0.181448110854 -0.352701642618 -0.0912376180237 -0.0454751566842 32 15
11.8 -0.182006938883 -0.351573902919 -0.0906756109699 -0.044912303248 32 15
11.9 -0.182559212147 -0.350453339564 -0.0901205090884 -0.0443830118545 33 15
12 -0.183105332438 -0.349339545035 -0.0895747210258 -0.0438860722067 32 15
12.1 -0.183645681062 -0.348232496826 -0.0890406287623 -0.043420102183 32 15
12.2 -0.184180267796 -0.347131263774 -0.0885204969798 -0.042983565128 32 15
12.3 -0.184710264601 -0.346037439791 -0.0880163474603 -0.0425746416419 32 15
12.4 -0.185235390072 -0.344949280862 -0.0875299748496 -0.0421914068042 33 15
12.5 -0.185756107354 -0.343867121854 -0.0870630588869 -0.0418317943713 33 15
12.6 -0.186272555958 -0.342790244682 -0.0866169985944 -0.0414936006332 32 15
12.7 -0.186785432511 -0.34171934844 -0.0861928917172 -0.0411745051359 32 15
12.8 -0.187294263953 -0.34065296148 -0.0857917879922 -0.0408721760657 32 15
12.9 -0.187799764786 -0.339591542476 -0.0854143225486 -0.0405841543566 34 15
13 -0.18830204269 -0.338534870502 -0.0850609931647 -0.0403080017672 33 15
13.1 -0.188800860432 -0.337481858049 -0.0847320695497 -0.0400412602163 35 15
13.2 -0.189296814504 -0.336433109679 -0.0844274773917 -0.0397814814049 34 15
13.3 -0.189789465617 -0.335387660881 -0.0841471048698 -0.039526287194 34 15
13.4 -0.190279406317 -0.334345805996 -0.0838903763692 -0.0392732725329 34 15
13.5 -0.190765932873 -0.333306436289 -0.0836567482687 -0.0390202529678 35 15
13.6 -0.191249641921 -0.332269748706 -0.0834452964193 -0.0387650029534 37 15
13.7 -0.191730205729 -0.331235623063 -0.0832550057195 -0.038505536396 40 15
13.8 -0.19220748552 -0.330203576976 -0.0830846888513 -0.038239870995 37 15
13.9 -0.192681670195 -0.329173590329 -0.082932889763 -0.037966330935 37 15
14 -0.193152517031 -0.328145242788 -0.0827980550085 -0.0376832544245 39 15
14.1 -0.193619747309 -0.327118275128 -0.0826786301771 -0.037389318308 38 15
14.2 -0.194083319737 -0.326092616015 -0.0825728224563 -0.0370831368797 39 15
14.3 -0.194542968771 -0.325067931022 -0.0824787879218 -0.0367637291663 38 15
14.4 -0.194998652105 -0.324044458809 -0.0823945652171 -0.0364301983164 38 15
14.5 -0.195450233512 -0.323022073171 -0.0823182385199 -0.0360819007823 40 15
14.6 -0.195897166518 -0.321999951676 -0.0822478192441 -0.0357183752178 41 15
14.7 -0.196339625545 -0.320979265415 -0.0821812968166 -0.0353393127049 39 15
14.8 -0.196777196092 -0.319958913689 -0.0821167439493 -0.0349447212962 40 15
14.9 -0.197209679788 -0.318939062828 -0.0820521426491 -0.0345347063917 40 15
15 -0.197637120896 -0.317920506948 -0.0819855804891 -0.0341095727109 40 15
15.1 -0.198058966323 -0.316902228001 -0.0819152266877 -0.0336698378624 40 15
15.2 -0.198475245128 -0.315884789336 -0.0818392520842 -0.0332161394919 39 15
15.3 -0.198885816812 -0.314868548617 -0.0817561636309 -0.0327493760053 40 15
15.4 -0.199290451282 -0.313853214938 -0.0816642572359 -0.032270472379 41 15
15.5 -0.199689185864 -0.312839456082 -0.0815620414544 -0.0317805328777 41 15
15.6 -0.200081605149 -0.311826752715 -0.0814484856998 -0.0312808854465 41 15
15.7 -0.200467710459 -0.310815467096 -0.0813220976022 -0.0307727783049 42 15
15.8 -0.200847197269 -0.309805622325 -0.0811820829789 -0.0302577170224 42 15
15.9 -0.201220489169 -0.308798078383 -0.0810275487925 -0.0297372118918 40 15
16 -0.201587069499 -0.307792028059 -0.0808577178315 -0.029212798918 40 15
16.1 -0.201947118974 -0.306788489526 -0.0806723148569 -0.0286862019522 42 15
16.2 -0.202300492436 -0.305787279886 -0.0804708481884 -0.0281589802434 42 15
16.3 -0.202647322187 -0.304788810681 -0.0802531599419 -0.027632859383 42 15
16.4 -0.202987707848 -0.303793284569 -0.0800192336956 -0.0271094424075 43 15
16.5 -0.203321687915 -0.302800787595 -0.0797692607189 -0.0265903804881 42 15
16.6 -0.203649137749 -0.301811463298 -0.0795036116117 -0.0260772787953 43 15
16.7 -0.203970172779 -0.300825464797 -0.0792226997996 -0.0255716586404 42 15
16.8 -0.204285067065 -0.299843256758 -0.0789272505253 -0.025075002774 43 16
16.9 -0.204593888651 -0.298864745119 -0.0786178640555 -0.0245886620062 41 15
17 -0.204896698004 -0.2978902091 -0.0782955414303 -0.0241141460531 42 15
17.1 -0.205193556564 -0.296919585514 -0.0779612980108 -0.0236522673416 43 16
17.2 -0.205484963397 -0.295953429042 -0.0776162849302 -0.0232043195813 42 15
17.3 -0.205770973979 -0.294991755477 -0.077261706515 -0.0227712186446 43 15
17.4 -0.206051515153 -0.294034248681 -0.0768989026235 -0.0223535825149 43 16
17.5 -0.206327094265 -0.293081546869 -0.0765289851564 -0.0219526442746 42 16
17.6 -0.206598006706 -0.29213354608 -0.0761536369307 -0.0215684180355 42 16
17.7 -0.20686402262 -0.291189917016 -0.0757742838309 -0.0212014747442 43 16
17.8 -0.207125791382 -0.290251328378 -0.0753922741048 -0.0208520366483 42 16
17.9 -0.207383277853 -0.289317434174 -0.0750091681348 -0.0205201913917 42 16
18 -0.20763690191 -0.288388455953 -0.0746264124729 -0.0202058757552 42 16
18.1 -0.207886928808 -0.287464317794 -0.0742455008095 -0.0199090082317 42 16
18.2 -0.208133063852 -0.286544461878 -0.0738678473354 -0.0196291975593 43 16
18.3 -0.208376079512 -0.285629548461 -0.0734947044584 -0.0193659204861 43 16
18.4 -0.208615962355 -0.284719064112 -0.0731275266879 -0.0191186480574 42 16
18.5 -0.208853056547 -0.283813368154 -0.0727674074437 -0.018886627127 42 16
18.6 -0.209087335892 -0.282912042741 -0.0724156525774 -0.0186690628863 44 16
18.7 -0.209319121732 -0.282014967788 -0.072073196214 -0.0184649895495 43 16
18.8 -0.209548329912 -0.281121839959 -0.071741030273 -0.0182734058629 43 17
18.9 -0.209775751764 -0.28023318828 -0.0714200087962 -0.0180932401097 45 16
19 -0.210000849518 -0.279348228275 -0.071110894956 -0.0179232730231 43 16
19.1 -0.210223851748 -0.278467009765 -0.070814375607 -0.0177623557944 44 16
19.2 -0.210444940159 -0.277589412295 -0.0705309351624 -0.0176090787658 46 17
19.3 -0.210664219054 -0.276715165792 -0.0702606660065 -0.0174622849134 49 17
19.4 -0.210881844521 -0.275844077125 -0.070003956133 -0.0173205854118 46 17
19.5 -0.211097835339 -0.274976224659 -0.069760837364 -0.0171826465027 50 17
19.6 -0.211312018805 -0.274110976536 -0.0695314509204 -0.0170471895983 50 17
19.7 -0.211524574705 -0.273248476277 -0.0693155333947 -0.0169128869186 48 17
19.8 -0.21173559452 -0.27238867223 -0.0691127847821 -0.016778468336 50 17
19.9 -0.211944975328 -0.271531116163 -0.0689228192197 -0.0166427001478 46 17
20 -0.212152726252 -0.270676089994 -0.0687451117672 -0.0165044278651 49 17
