# SIAM impurity greater Green function, spin-symmetric FBR
# L=1000 U=0.1 V=0.1 dt=0.1 tmax=500 E_gs=-317.400748941
# t  n_active  bond_dim  wall_s  ReG00  ImG00  n0  ReC0n  ImC0n  E_psi0  E_B
0 32 81 5.053506 0 -0.499999996696 0.500000001292 -0.213682351447 0 -1000 -1000
0.1 34 60 8.643627 -0.00323896212927 -0.499968731726 0.500000001365 -0.213682458849 8.35939597979e-10 -0.12149503031 -0.0567143787249
0.2 38 55 8.691782 -0.00647547821877 -0.499875004759 0.500000001437 -0.213682723946 3.73060050733e-09 -0.121495103597 -0.0567573110609
0.3 42 56 8.838688 -0.00970711095817 -0.499719023026 0.500000001649 -0.213683143426 1.26161227416e-08 -0.121495237042 -0.056843020071
0.4 44 57 8.251575 -0.0129314412755 -0.499501130243 0.50000000211 -0.213683709617 2.66509759255e-08 -0.121495427917 -0.0569712105714
0.5 44 56 9.092251 -0.0161460778968 -0.499221805184 0.500000002855 -0.213684413638 4.18785622264e-08 -0.121495672833 -0.0571414402555
0.6 48 58 9.110425 -0.0193486658283 -0.498881659445 0.500000003894 -0.213685256374 5.64847014355e-08 -0.121495972139 -0.0573531210987
0.7 52 55 9.320015 -0.0225368952339 -0.498481434414 0.50000000517 -0.213686231354 6.93835983461e-08 -0.12149632393 -0.057605524989
0.8 56 59 9.435626 -0.0257085098731 -0.498021997628 0.500000006708 -0.213687332549 8.09426814561e-08 -0.121496725654 -0.0578977869255
0.9 58 56 9.857726 -0.0288613149762 -0.497504338706 0.50000000846 -0.213688554117 9.06767695134e-08 -0.121497175523 -0.0582289070477
1 62 54 9.857106 -0.03199318561 -0.496929564304 0.500000010383 -0.213689885614 9.8407144799e-08 -0.121497669371 -0.0585977596211
1.1 66 56 10.303613 -0.0351020735276 -0.496298892993 0.500000012428 -0.213691321004 1.0348654924e-07 -0.121498205242 -0.059003094618
1.2 70 52 10.127333 -0.0381860142246 -0.495613649434 0.500000014562 -0.213692849302 1.06481436809e-07 -0.121498778812 -0.0594435471064
1.3 74 55 10.768712 -0.0412431341996 -0.494875257639 0.500000016714 -0.213694460003 1.06365278201e-07 -0.12149938613 -0.0599176432996
1.4 78 54 10.622628 -0.0442716556254 -0.494085235026 0.500000018843 -0.213696145505 1.04396592013e-07 -0.121500024427 -0.0604238058574
1.5 82 51 10.92359 -0.0472699031321 -0.493245184297 0.500000020905 -0.21369789251 9.89356911241e-08 -0.12150068857 -0.0609603659299
1.6 86 56 11.668168 -0.0502363080123 -0.492356786636 0.500000022822 -0.2136996919 9.07236872562e-08 -0.121501375076 -0.0615255664825
1.7 90 52 11.52321 -0.0531694122241 -0.491421793832 0.500000024545 -0.21370153148 8.01934422431e-08 -0.121502079313 -0.0621175747592
1.8 94 56 12.233426 -0.0560678732735 -0.490442019502 0.500000026027 -0.213703399214 6.5824216706e-08 -0.121502796551 -0.0627344892491
1.9 98 59 13.889808 -0.0589304667594 -0.489419331412 0.500000027207 -0.21370528462 4.86569911768e-08 -0.121503522742 -0.0633743500532
2 102 55 12.39225 -0.0617560877888 -0.488355643649 0.500000028003 -0.21370717786 2.92954450507e-08 -0.121504254282 -0.0640351477756
2.1 106 56 14.971916 -0.0645437549895 -0.487252906106 0.50000002838 -0.213709065113 6.61921064921e-09 -0.12150498554 -0.064714833853
2.2 110 55 13.290429 -0.0672926089154 -0.48611309873 0.500000028263 -0.213710936671 -1.68064815862e-08 -0.121505712909 -0.0654113295398
2.3 114 56 13.88389 -0.070001915304 -0.484938219504 0.500000027661 -0.213712780194 -4.37171890493e-08 -0.121506431342 -0.0661225355052
2.4 118 55 14.663094 -0.072671063671 -0.48373027845 0.500000026509 -0.213714586014 -7.24991726822e-08 -0.121507137137 -0.0668463433789
2.5 122 55 14.202492 -0.0752995663501 -0.482491288552 0.500000024762 -0.213716345127 -1.02812381791e-07 -0.121507826756 -0.0675806447029
2.6 126 55 14.958479 -0.0778870579288 -0.481223256272 0.50000002238 -0.213718047202 -1.34637051935e-07 -0.121508496063 -0.0683233398145
2.7 122 56 15.037562 -0.0804332922495 -0.479928175195 0.500000019346 -0.213719683109 -1.67199155137e-07 -0.121509141454 -0.0690723484508
2.8 124 58 15.18211 -0.0829381411721 -0.478608016241 0.500000015671 -0.213721243683 -2.00746927594e-07 -0.121509759209 -0.0698256184519
2.9 128 57 17.92426 -0.0854015904453 -0.477264721478 0.500000011316 -0.213722721578 -2.33822263525e-07 -0.121510346414 -0.0705811352522
3 132 63 16.685087 -0.0878237365207 -0.4759001961 0.500000006253 -0.213724109167 -2.66841662514e-07 -0.121510899939 -0.0713369301177
3.1 136 59 15.743977 -0.0902047820025 -0.474516301054 0.500000000574 -0.213725400526 -2.99740514465e-07 -0.121511417297 -0.0720910895568
3.2 140 60 16.89717 -0.0925450322246 -0.473114846805 0.49999999424 -0.213726590184 -3.32731465204e-07 -0.121511896187 -0.0728417618255
3.3 144 57 20.38756 -0.0948448882809 -0.471697587779 0.499999987274 -0.213727673596 -3.63659723634e-07 -0.121512334767 -0.0735871657254
3.4 146 57 17.003934 -0.0971048439434 -0.470266215457 0.49999997971 -0.213728644864 -3.93501926319e-07 -0.121512730567 -0.0743255960006
3.5 144 64 19.905796 -0.0993254779174 -0.468822353543 0.499999971551 -0.213729503451 -4.21822682061e-07 -0.121513083231 -0.0750554339138
3.6 148 59 17.365776 -0.101507448116 -0.467367554229 0.499999962826 -0.21373024619 -4.4703396818e-07 -0.121513391361 -0.0757751470048
3.7 152 84 29.500703 -0.10365148608 -0.465903292093 0.499999953631 -0.213730871184 -4.70769875202e-07 -0.121513653944 -0.0764832995361
3.8 108 67 18.022276 -0.105758390376 -0.464430961971 0.49999994402 -0.213731376234 -4.90958476643e-07 -0.121513870062 -0.0771785539643
3.9 112 66 14.675558 -0.107829018048 -0.462951874058 0.499999933989 -0.213731765231 -5.09296218044e-07 -0.121514041131 -0.077859679659
4 114 64 15.077489 -0.109864279876 -0.461467254134 0.499999923623 -0.213732037644 -5.24392060891e-07 -0.121514166716 -0.0785255501628
4.1 118 64 15.34066 -0.11186513209 -0.459978238824 0.499999912988 -0.213732194704 -5.36388690875e-07 -0.121514247134 -0.0791751499669
4.2 122 65 15.713881 -0.113832569666 -0.458485875229 0.499999902141 -0.213732239631 -5.4560413238e-07 -0.121514283454 -0.0798075765186
4.3 124 62 16.020571 -0.115767618894 -0.456991120026 0.499999891158 -0.213732175269 -5.50630348435e-07 -0.121514276659 -0.080422040443
4.4 126 66 16.297201 -0.117671330961 -0.455494838623 0.499999880093 -0.213732005732 -5.52402623871e-07 -0.121514228226 -0.0810178670609
4.5 130 63 16.355671 -0.119544774341 -0.453997806288 0.499999869046 -0.213731736091 -5.50314906284e-07 -0.121514139995 -0.0815944970177
4.6 132 66 19.226036 -0.121389028587 -0.452500707897 0.499999858108 -0.213731370434 -5.4372119077e-07 -0.121514013346 -0.0821514842581
4.7 134 67 20.320789 -0.12320517679 -0.451004139851 0.499999847316 -0.213730915217 -5.34032834853e-07 -0.121513850826 -0.0826884961611
4.8 138 66 17.592814 -0.124994300178 -0.449508611191 0.49999983674 -0.213730377202 -5.20916408698e-07 -0.121513654849 -0.0832053122705
4.9 142 65 17.011275 -0.126757470234 -0.448014545655 0.499999826493 -0.213729762078 -5.03536915413e-07 -0.121513427567 -0.0837018207034
5 146 64 18.016468 -0.128495745094 -0.446522285141 0.499999816648 -0.213729078596 -4.81470790095e-07 -0.1215131723 -0.084178014788
5.1 150 70 20.509581 -0.130210161718 -0.445032092106 0.49999980728 -0.213728332531 -4.55602337109e-07 -0.121512891179 -0.0846339921091
5.2 154 70 19.367257 -0.131901732184 -0.443544154106 0.499999798501 -0.213727532331 -4.24160770979e-07 -0.121512587529 -0.0850699484765
5.3 158 76 21.76584 -0.133571437225 -0.442058584599 0.499999790352 -0.213726685574 -3.90575460605e-07 -0.121512264154 -0.0854861731414
5.4 160 76 20.045244 -0.13522022322 -0.4405754314 0.499999782939 -0.213725800045 -3.51665471625e-07 -0.121511924088 -0.0858830447742
5.5 164 74 27.310304 -0.136848997106 -0.439094676903 0.499999776323 -0.213724884432 -3.10026336224e-07 -0.121511570641 -0.0862610266482
5.6 168 71 23.000492 -0.138458621624 -0.437616245718 0.49999977063 -0.213723944248 -2.60780442854e-07 -0.121511206106 -0.0866206591195
5.7 172 69 21.92783 -0.14004991442 -0.436140007397 0.499999765927 -0.21372299042 -2.11325685813e-07 -0.121510834555 -0.0869625563853
5.8 176 74 27.562354 -0.141623643669 -0.434665782804 0.499999762257 -0.213722031036 -1.58251528392e-07 -0.121510459248 -0.0872873974027
5.9 178 70 24.518719 -0.143180525091 -0.433193349157 0.499999759676 -0.213721070648 -1.00269370357e-07 -0.121510082034 -0.0875959212244
6 182 73 21.782223 -0.144721221309 -0.43172244354 0.499999758271 -0.213720118122 -4.0535663463e-08 -0.121509706311 -0.0878889187922
6.1 186 74 38.37504 -0.146246340621 -0.430252770827 0.499999758112 -0.213719180186 2.28654010587e-08 -0.121509334825 -0.0881672274515
6.2 190 71 25.371239 -0.147756433368 -0.42878400803 0.499999759243 -0.21371826311 9.31009464297e-08 -0.121508970128 -0.0884317229089
6.3 194 75 27.56331 -0.149251993422 -0.427315806726 0.499999761822 -0.213717373965 1.6264258546e-07 -0.12150861491 -0.0886833136701
6.4 198 71 28.468992 -0.150733459723 -0.425847802966 0.49999976582 -0.213716517023 2.34169660891e-07 -0.121508270934 -0.0889229323686
6.5 202 69 26.070455 -0.152201212176 -0.424379620043 0.49999977128 -0.213715700519 3.08925658908e-07 -0.121507941608 -0.0891515301195
6.6 206 71 28.920779 -0.153655575231 -0.422910872487 0.49999977827 -0.213714925918 3.8516008076e-07 -0.121507627578 -0.089370069195
6.7 210 85 35.814514 -0.155096818412 -0.421441172471 0.499999786775 -0.213714199304 4.61256961858e-07 -0.121507331224 -0.0895795157561
6.8 214 76 52.791869 -0.156525158299 -0.419970134413 0.499999796775 -0.213713523766 5.39203565377e-07 -0.121507054083 -0.0897808341575
6.9 218 75 55.470213 -0.157940758296 -0.418497378522 0.499999808382 -0.213712901763 6.22498906425e-07 -0.121506797253 -0.0899749801663
7 222 74 43.497597 -0.159343733238 -0.417022534624 0.49999982169 -0.213712336302 7.029317717e-07 -0.12150656183 -0.0901628954827
7.1 226 77 46.55674 -0.160734150013 -0.415545247165 0.499999836493 -0.213711831969 7.78840627654e-07 -0.121506349742 -0.0903455017258
7.2 230 73 33.050603 -0.162112030258 -0.414065179214 0.499999852878 -0.21371138577 8.56980014811e-07 -0.121506160031 -0.0905236930338
7.3 234 70 37.45307 -0.163477354833 -0.41258201425 0.499999870837 -0.213711002784 9.31295742235e-07 -0.121505994846 -0.0906983344712
7.4 238 75 48.924765 -0.164830066728 -0.411095459481 0.499999890155 -0.21371068119 1.00274441283e-06 -0.121505853552 -0.0908702552954
7.5 242 84 53.971205 -0.1661700709 -0.409605252188 0.499999910808 -0.213710418507 1.07101571529e-06 -0.121505735299 -0.0910402439483
7.6 246 75 36.091504 -0.16749724369 -0.408111154078 0.499999932972 -0.213710218469 1.13462295604e-06 -0.121505641606 -0.0912090456486
7.7 250 79 41.07452 -0.168811431658 -0.406612960302 0.499999956309 -0.213710078497 1.19307679751e-06 -0.121505571861 -0.0913773575047
7.8 254 78 37.499189 -0.170112455742 -0.405110499554 0.499999980732 -0.213709997479 1.24662631839e-06 -0.121505525587 -0.0915458273538
7.9 258 75 39.227617 -0.171400117855 -0.403603633222 0.500000006222 -0.213709971847 1.29470936483e-06 -0.121505501442 -0.0917150488316
8 250 76 99.416325 -0.172674201921 -0.40209225846 0.50000003268 -0.213710000242 1.33990392297e-06 -0.121505499218 -0.0918855611814
8.1 192 76 37.039832 -0.173934480673 -0.400576308289 0.50000006015 -0.213710074467 1.37534653998e-06 -0.121505515553 -0.0920578460561
8.2 196 77 29.111816 -0.175180712926 -0.399055747592 0.500000088059 -0.213710201047 1.40494354822e-06 -0.121505553317 -0.0922323276723
8.3 200 76 30.078786 -0.176412655648 -0.39753058252 0.500000116458 -0.213710369148 1.42701836703e-06 -0.121505608281 -0.0924093706835
8.4 204 78 31.146055 -0.177630061523 -0.396000851242 0.500000145215 -0.213710579665 1.44130029994e-06 -0.121505680816 -0.0925892828837
8.5 208 78 33.056131 -0.178832685221 -0.394466626411 0.500000174208 -0.213710825346 1.44893994988e-06 -0.121505768317 -0.0927723096119
8.6 206 77 32.860985 -0.180020283212 -0.392928015055 0.500000203263 -0.213711103138 1.44847378253e-06 -0.12150586962 -0.0929586405077
8.7 210 78 31.251484 -0.181192622758 -0.391385154968 0.500000232275 -0.213711404312 1.4409595829e-06 -0.121505981187 -0.0931484074944
8.8 208 86 31.719971 -0.182349479521 -0.389838215924 0.500000260988 -0.213711732833 1.42229401021e-06 -0.121506104485 -0.0933416882982
8.9 212 79 32.200573 -0.183490644088 -0.388287396028 0.500000289278 -0.213712078146 1.39684107396e-06 -0.121506236092 -0.0935385017356
9 216 79 34.558151 -0.184615920466 -0.386732919521 0.500000316882 -0.213712440388 1.35984290876e-06 -0.121506375213 -0.0937388192152
9.1 216 78 34.194242 -0.185725132296 -0.385175036231 0.50000034381 -0.213712808647 1.32156622078e-06 -0.121506518662 -0.0939425608599
9.2 220 75 34.487256 -0.186818122527 -0.383614017117 0.500000369908 -0.213713181717 1.27623316642e-06 -0.121506664844 -0.0941496003292
9.3 224 78 33.330905 -0.187894755673 -0.382050153522 0.500000394996 -0.213713558064 1.2222468715e-06 -0.12150681371 -0.0943597688092
9.4 222 78 35.01743 -0.188954920816 -0.380483754789 0.500000418932 -0.213713930528 1.16141644724e-06 -0.121506962378 -0.0945728556852
9.5 226 81 35.602189 -0.189998529346 -0.378915143792 0.500000441588 -0.213714298734 1.09419904368e-06 -0.12150711097 -0.0947886096238
9.6 230 78 35.215892 -0.191025520135 -0.377344656546 0.500000462881 -0.213714652305 1.02406003341e-06 -0.121507254292 -0.0950067543432
9.7 230 87 36.414034 -0.192035857294 -0.375772635166 0.500000482736 -0.213714992573 9.51009552184e-07 -0.121507394038 -0.0952269798597
9.8 234 82 37.87736 -0.193029531972 -0.374199432226 0.500000501028 -0.213715315769 8.70398209306e-07 -0.121507528148 -0.0954489486087
9.9 238 83 36.385674 -0.194006560835 -0.372625400069 0.500000517609 -0.213715617005 7.82715268169e-07 -0.121507655018 -0.0956723060181
10 240 85 37.879645 -0.194966989089 -0.371050895472 0.500000532473 -0.213715896202 6.96271962964e-07 -0.121507773661 -0.0958966761157
10.1 244 83 36.696673 -0.195910887835 -0.369476269626 0.500000545633 -0.213716149213 6.09367876658e-07 -0.121507883158 -0.0961216701327
10.2 248 84 43.644137 -0.196838352258 -0.367901872437 0.500000557019 -0.213716378176 5.19827642088e-07 -0.121507984087 -0.0963468905498
10.3 252 82 35.917095 -0.19774950384 -0.36632804642 0.50000056656 -0.213716577166 4.2881094588e-07 -0.12150807392 -0.0965719339263
10.4 256 90 38.915705 -0.198644487902 -0.364755124167 0.500000574273 -0.21371674705 3.3484983605e-07 -0.12150815297 -0.0967963982966
10.5 248 124 59.024795 -0.199523472945 -0.363183428316 0.500000580163 -0.213716885275 2.42512010109e-07 -0.121508220184 -0.09701988012
10.6 252 92 43.49638 -0.200386647374 -0.361613266624 0.500000584277 -0.21371699075 1.48807497054e-07 -0.121508275132 -0.0972419817639
10.7 254 93 45.971736 -0.20123422168 -0.360044934988 0.500000586472 -0.213717067511 6.02911122347e-08 -0.121508319068 -0.0974623178635
10.8 258 98 44.782585 -0.202066420941 -0.358478707951 0.500000586942 -0.213717110656 -2.50043105006e-08 -0.12150835 -0.0976805116367
10.9 262 93 44.703339 -0.202883488705 -0.356914845618 0.500000585697 -0.213717126433 -1.12357323785e-07 -0.12150837031 -0.0978962041063
11 264 81 42.745824 -0.203685681324 -0.355353586391 0.500000582692 -0.213717107822 -2.00342971136e-07 -0.121508377372 -0.0981090590136
11.1 268 85 53.915441 -0.204473267668 -0.35379514955 0.500000577924 -0.21371706172 -2.87362977879e-07 -0.121508373714 -0.0983187539746
11.2 270 89 48.846961 -0.205246527859 -0.352239731999 0.500000571365 -0.213716986125 -3.74574703584e-07 -0.121508358462 -0.0985249959593
11.3 274 81 46.968174 -0.206005747605 -0.350687509039 0.500000563138 -0.213716873645 -4.56369437619e-07 -0.121508328414 -0.098727511504
11.4 278 84 43.83557 -0.206751221212 -0.349138633592 0.5000005533 -0.213716746286 -5.38116572517e-07 -0.12150829195 -0.0989260618257
11.5 282 88 54.891037 -0.207483243517 -0.347593236151 0.500000541946 -0.213716595881 -6.134611703e-07 -0.121508246463 -0.0991204320656
11.6 286 86 53.56273 -0.208202113344 -0.346051423075 0.50000052898 -0.213716420044 -6.88687179069e-07 -0.121508190694 -0.099310440917
11.7 288 90 58.418158 -0.208908126649 -0.344513282278 0.50000051445 -0.213716226822 -7.66842925225e-07 -0.121508127638 -0.0994959341201
11.8 292 84 58.972562 -0.209601577624 -0.342978876533 0.500000498416 -0.213716019254 -8.4046386057e-07 -0.121508058269 -0.0996767901455
11.9 296 81 45.284772 -0.210282754598 -0.341448246204 0.500000480974 -0.21371580658 -9.0718934119e-07 -0.121507985264 -0.0998529232949
12 300 98 53.476617 -0.210951943243 -0.339921411995 0.500000462294 -0.213715580386 -9.7187725422e-07 -0.121507907935 -0.100024277434
12.1 304 102 60.705006 -0.211609414414 -0.338398378248 0.500000442186 -0.213715341329 -1.04056876894e-06 -0.121507824466 -0.100190826827
12.2 308 97 55.87916 -0.212255435081 -0.336879128655 0.500000420688 -0.213715097472 -1.10754227565e-06 -0.121507738731 -0.10035257977
12.3 312 92 60.779336 -0.212890258189 -0.335363626379 0.500000398 -0.213714844903 -1.16804245355e-06 -0.121507648645 -0.100509572507
12.4 316 107 81.965619 -0.213514120928 -0.333851823897 0.500000373955 -0.213714589473 -1.23081252634e-06 -0.121507556782 -0.100661874093
12.5 320 90 59.589245 -0.214127249405 -0.33234365649 0.500000348816 -0.213714337799 -1.28512433822e-06 -0.121507465285 -0.100809580569
12.6 312 141 170.079502 -0.214729855637 -0.330839044356 0.500000322832 -0.213714095143 -1.32470657557e-06 -0.121507376445 -0.100952813573
12.7 316 88 66.406112 -0.215322130488 -0.329337904452 0.500000295914 -0.213713850561 -1.37150374049e-06 -0.121507286537 -0.10109172184
12.8 320 92 73.724492 -0.215904252767 -0.3278401391 0.500000268197 -0.213713614577 -1.4052052491e-06 -0.121507198726 -0.101226470157
12.9 324 91 69.869733 -0.216476382535 -0.326345640489 0.500000239737 -0.213713387735 -1.43513980381e-06 -0.121507113859 -0.101357259208
13 328 87 73.76089 -0.217038659182 -0.32485429895 0.50000021091 -0.213713174602 -1.45206813087e-06 -0.121507033619 -0.101484294852
13.1 332 82 61.160531 -0.217591205543 -0.323365997661 0.50000018178 -0.213712974296 -1.46097254488e-06 -0.121506957449 -0.101607810285
13.2 336 89 68.967459 -0.2181341281 -0.321880619627 0.500000152613 -0.213712794474 -1.46097109132e-06 -0.121506888343 -0.101728051296
13.3 340 90 65.372391 -0.218667514867 -0.320398047389 0.500000123559 -0.213712631745 -1.45082435968e-06 -0.121506825097 -0.10184526642
13.4 344 93 63.251823 -0.21919143485 -0.318918163169 0.500000094671 -0.213712485636 -1.43242840395e-06 -0.121506767621 -0.101959723794
13.5 348 92 106.451368 -0.219705942762 -0.317440851949 0.500000066304 -0.213712361962 -1.40338968795e-06 -0.121506718064 -0.10207169663
13.6 352 92 73.257293 -0.220211071397 -0.315966007558 0.500000038634 -0.213712252604 -1.35548144114e-06 -0.121506673731 -0.102181459023
13.7 356 152 326.688378 -0.220706839468 -0.314493522999 0.500000012148 -0.213712169473 -1.29782589837e-06 -0.121506638509 -0.102289292322
13.8 360 97 75.37349 -0.221193257278 -0.313023302284 0.49999998733 -0.213712121238 -1.22603125025e-06 -0.12150661624 -0.102395482838
13.9 364 99 81.265308 -0.221670311257 -0.311555258416 0.49999996365 -0.213712086239 -1.14748859945e-06 -0.121506597966 -0.102500294153
14 368 94 67.700855 -0.22213798065 -0.310089311417 0.499999941644 -0.213712071294 -1.0562515399e-06 -0.121506587144 -0.102604004606
14.1 372 96 90.800647 -0.222596233038 -0.308625394718 0.499999921514 -0.21371208552 -9.56060786164e-07 -0.121506586947 -0.102706883221
14.2 376 95 78.771285 -0.223045026941 -0.307163454165 0.499999903511 -0.213712119232 -8.44610099544e-07 -0.121506593825 -0.102809175837
14.3 380 99 97.235873 -0.223484305209 -0.30570345091 0.499999887832 -0.213712172917 -7.2056030876e-07 -0.121506607821 -0.102911128486
14.4 384 105 108.711131 -0.223914011285 -0.304245349944 0.499999874748 -0.213712244553 -5.8304795602e-07 -0.121506628238 -0.103012976133
14.5 388 96 136.790182 -0.224334078641 -0.302789136199 0.499999864224 -0.213712339616 -4.45031886891e-07 -0.121506657137 -0.103114933892
14.6 392 96 116.297972 -0.224744433964 -0.301334809793 0.499999856774 -0.213712451571 -2.92929769826e-07 -0.12150669215 -0.103217198081
14.7 394 94 132.555917 -0.225145003497 -0.299882384338 0.499999852397 -0.213712584997 -1.32260365222e-07 -0.121506734895 -0.103319959594
14.8 398 94 111.176859 -0.225535715754 -0.298431884073 0.499999851233 -0.213712727636 3.26206124369e-08 -0.121506780622 -0.103423375652
14.9 402 91 86.261042 -0.225916491448 -0.296983353452 0.49999985356 -0.213712892635 2.03450962868e-07 -0.121506834639 -0.103527596397
15 406 95 101.42504 -0.226287258659 -0.295536845311 0.499999859489 -0.213713078137 3.80623519459e-07 -0.121506896044 -0.10363274268
15.1 410 101 157.899937 -0.226647946609 -0.294092429869 0.499999868822 -0.21371327179 5.55932876119e-07 -0.121506959943 -0.103738918276
15.2 414 103 135.892466 -0.226998487761 -0.292650188772 0.499999881534 -0.213713472567 7.36484535829e-07 -0.121507026195 -0.103846202922
15.3 418 105 180.577071 -0.22733882152 -0.291210219204 0.499999897624 -0.213713683688 9.09214426661e-07 -0.121507095969 -0.103954661292
15.4 422 103 172.73385 -0.227668892594 -0.289772628813 0.499999917182 -0.213713898915 1.08173691254e-06 -0.121507166701 -0.104064329242
15.5 424 93 182.911021 -0.227988655859 -0.288337531137 0.499999940473 -0.213714130712 1.25583441991e-06 -0.121507243447 -0.104175227568
15.6 428 94 94.89828 -0.228298067367 -0.286905054814 0.499999967283 -0.213714352319 1.42984978116e-06 -0.121507315615 -0.104287353557
15.7 432 144 335.743971 -0.228597097148 -0.285475336564 0.499999997583 -0.213714584822 1.59385386604e-06 -0.121507391391 -0.104400687317
15.8 434 98 96.912574 -0.228885732894 -0.284048520419 0.500000031084 -0.213714820737 1.74808138297e-06 -0.121507469172 -0.104515186277
15.9 438 97 210.952637 -0.229163969555 -0.282624758391 0.500000067638 -0.213715050106 1.89803063395e-06 -0.121507541495 -0.104630787585
16 442 104 184.443751 -0.229431809022 -0.28120420657 0.500000106801 -0.21371527344 2.03848720251e-06 -0.121507611974 -0.104747396689
16.1 446 96 120.278022 -0.229689263366 -0.279787027775 0.50000014871 -0.213715492112 2.17284837081e-06 -0.121507679982 -0.104864945041
16.2 450 103 116.526641 -0.229936364987 -0.278373383109 0.500000193364 -0.21371571293 2.29131288774e-06 -0.12150774811 -0.104983317252
16.3 454 100 155.151748 -0.230173157949 -0.276963439919 0.50000024021 -0.213715927948 2.39955015729e-06 -0.121507813269 -0.105102387575
16.4 458 96 126.827486 -0.230399690918 -0.275557365953 0.500000289069 -0.213716129565 2.49851208439e-06 -0.121507872906 -0.105222015018
16.5 462 103 150.478349 -0.230616033027 -0.274155327227 0.500000339758 -0.213716318228 2.57893330574e-06 -0.121507926594 -0.105342061804
16.6 466 103 176.042526 -0.230822263137 -0.272757484183 0.500000391766 -0.213716498368 2.63984391855e-06 -0.12150797641 -0.105462371046
16.7 470 95 142.942938 -0.231018476528 -0.271363998214 0.500000444928 -0.21371666833 2.692844207e-06 -0.121508021556 -0.10558278323
16.8 474 97 113.864302 -0.23120476846 -0.269975024833 0.500000499074 -0.213716832098 2.73202979703e-06 -0.121508063642 -0.105703129693
16.9 478 91 177.359512 -0.23138125506 -0.26859071411 0.500000553983 -0.213716983441 2.75893686869e-06 -0.121508100247 -0.105823242946
17 476 170 381.628374 -0.231548063754 -0.267211209942 0.500000609518 -0.213717127907 2.77386340245e-06 -0.121508133573 -0.105942948711
17.1 480 107 117.698794 -0.231705325501 -0.265836649257 0.500000665055 -0.213717261104 2.77824545082e-06 -0.121508161846 -0.106062072827
17.2 484 101 134.152456 -0.231853187379 -0.264467157448 0.500000720584 -0.213717370013 2.7696881991e-06 -0.121508180245 -0.106180448269
17.3 488 99 150.619384 -0.231991797073 -0.263102855923 0.500000775792 -0.213717464023 2.7483174275e-06 -0.121508192069 -0.106297889866
17.4 492 93 115.011727 -0.232121312675 -0.261743852398 0.500000830458 -0.213717547824 2.71604762845e-06 -0.121508199485 -0.106414253988
17.5 496 105 115.828496 -0.232241898316 -0.260390244798 0.500000884356 -0.213717625284 2.66862244739e-06 -0.12150820379 -0.106529374894
17.6 500 105 243.317493 -0.232353725793 -0.259042120994 0.500000937234 -0.213717686511 2.61007492434e-06 -0.121508201448 -0.106643102393
17.7 504 102 167.199174 -0.232456968224 -0.257699559733 0.500000988237 -0.213717720998 2.54001136885e-06 -0.121508189258 -0.106755290856
17.8 508 97 132.777509 -0.232551796508 -0.256362622437 0.500001038505 -0.213717750912 2.47020476972e-06 -0.121508173949 -0.106865819308
17.9 510 107 272.272441 -0.232638393514 -0.255031362126 0.500001087034 -0.213717767359 2.3868132594e-06 -0.121508152775 -0.106974551718
18 514 111 207.907464 -0.232716941282 -0.253705820271 0.500001133871 -0.213717758293 2.2971467633e-06 -0.121508122194 -0.107081382874
18.1 518 93 188.013378 -0.232787603154 -0.25238602757 0.500001178721 -0.213717745158 2.20232753302e-06 -0.121508089869 -0.107186226609
18.2 522 100 129.029665 -0.232850564138 -0.251071998177 0.500001221936 -0.213717736185 2.09880407472e-06 -0.121508058356 -0.107288996044
18.3 526 106 226.412561 -0.232905998656 -0.249763741255 0.500001262811 -0.213717713282 1.98615092459e-06 -0.121508021902 -0.107389617545
18.4 530 108 265.104358 -0.232954081074 -0.248461253832 0.500001300781 -0.213717672595 1.85634090243e-06 -0.121507978761 -0.107488036511
18.5 534 104 129.798362 -0.232994965595 -0.247164523334 0.500001336227 -0.213717621747 1.7300318191e-06 -0.121507932014 -0.107584222048
18.6 538 220 548.686474 -0.233028814714 -0.245873523001 0.50000136963 -0.213717576464 1.60080874848e-06 -0.121507887272 -0.107678144227
18.7 410 102 152.392561 -0.233055782991 -0.24458822318 0.500001400545 -0.213717538932 1.46668375883e-06 -0.121507845216 -0.107769791705
18.8 412 112 88.709627 -0.233076017397 -0.243308577931 0.500001428542 -0.213717467066 1.32940420355e-06 -0.121507791398 -0.107859175175
18.9 416 105 86.105931 -0.233089659029 -0.242034540271 0.50000145358 -0.213717406619 1.17759286376e-06 -0.121507742265 -0.107946303548
19 420 116 86.272095 -0.233096832892 -0.240766052605 0.500001475726 -0.213717343851 1.03159033053e-06 -0.121507692366 -0.108031216702
19.1 424 116 92.235676 -0.233097663481 -0.239503055796 0.500001494887 -0.213717278462 8.78857431476e-07 -0.121507643691 -0.10811396329
19.2 428 130 106.268038 -0.233092267347 -0.238245483908 0.500001510889 -0.213717203996 7.1703903444e-07 -0.121507590929 -0.108194600405
19.3 430 134 122.604172 -0.233080736526 -0.236993259978 0.500001523643 -0.21371713684 5.59165828327e-07 -0.121507541764 -0.108273193891
19.4 432 148 121.841613 -0.233063170727 -0.235746315264 0.50000153318 -0.213717063401 3.97216008523e-07 -0.121507491171 -0.108349835464
19.5 436 135 129.36816 -0.233039651864 -0.234504571514 0.500001539284 -0.213716994054 2.30804645868e-07 -0.121507443471 -0.108424611246
19.6 438 104 122.51593 -0.233010249674 -0.233267951659 0.500001542247 -0.213716920906 6.79205139215e-08 -0.121507395429 -0.108497627268
19.7 442 112 95.423498 -0.23297503136 -0.232036382183 0.500001541784 -0.213716849306 -9.80819344631e-08 -0.121507349028 -0.108568990337
19.8 446 111 90.477771 -0.232934039885 -0.230809785503 0.500001538178 -0.213716783691 -2.62204633429e-07 -0.121507306182 -0.108638821555
19.9 450 121 90.925967 -0.232887325257 -0.229588087609 0.500001531421 -0.213716741006 -4.24965982564e-07 -0.121507273191 -0.108707236298
20 438 149 175.426903 -0.232834922494 -0.228371215374 0.500001521181 -0.213716682523 -5.96622276965e-07 -0.121507236618 -0.108774371009
20.1 436 112 98.918497 -0.232776850575 -0.227159102374 0.500001507994 -0.213716638748 -7.59522234953e-07 -0.121507208294 -0.108840354255
20.2 440 113 89.882484 -0.232713133904 -0.225951678361 0.500001490983 -0.213716574854 -9.34158633129e-07 -0.121507172903 -0.108905320051
20.3 444 114 93.090197 -0.232643782034 -0.224748891018 0.50000147055 -0.213716521015 -1.105521371e-06 -0.121507143786 -0.108969403027
20.4 448 124 97.845745 -0.232568789095 -0.223550686666 0.500001446755 -0.213716465501 -1.27452527639e-06 -0.12150711579 -0.109032734316
20.5 452 118 93.536245 -0.232488155674 -0.22235701947 0.500001419652 -0.213716410532 -1.44191086524e-06 -0.121507089351 -0.109095452825
20.6 456 129 108.072747 -0.232401873898 -0.221167847216 0.50000138922 -0.213716361545 -1.60527621419e-06 -0.121507067738 -0.109157682067
20.7 458 113 143.5756 -0.232309924522 -0.219983136599 0.500001355435 -0.213716308721 -1.76750502389e-06 -0.121507046373 -0.109219554616
20.8 462 125 96.495606 -0.23221229023 -0.218802864179 0.500001318439 -0.213716255104 -1.92563838221e-06 -0.12150702701 -0.109281183899
20.9 464 117 99.986704 -0.232108946968 -0.217627014365 0.500001278423 -0.213716209021 -2.07613611346e-06 -0.121507012566 -0.109342692019
21 468 133 102.14293 -0.231999874792 -0.216455577308 0.500001235449 -0.213716169465 -2.2225246996e-06 -0.121507002066 -0.109404176537
21.1 458 127 103.234221 -0.231885046682 -0.215288551121 0.500001189431 -0.213716123517 -2.37183857925e-06 -0.121506990833 -0.109465756211
21.2 462 130 100.780367 -0.231764433815 -0.214125945157 0.500001140571 -0.213716072211 -2.51358088228e-06 -0.121506979959 -0.109527512185
21.3 466 124 103.293648 -0.231638014092 -0.212967772503 0.500001088926 -0.213716025959 -2.64817871067e-06 -0.121506972293 -0.109589533228
21.4 470 127 108.592048 -0.231505756828 -0.2118140617 0.500001034589 -0.213715977808 -2.77827201492e-06 -0.121506966015 -0.109651891381
21.5 474 114 106.336765 -0.231367642295 -0.210664842683 0.500000977627 -0.213715926505 -2.91125889458e-06 -0.121506960294 -0.10971465418
21.6 466 125 102.389354 -0.231223647308 -0.209520152848 0.500000918229 -0.213715880088 -3.02804864758e-06 -0.121506957625 -0.109777873209
21.7 468 124 102.704952 -0.231073758045 -0.208380042977 0.500000856317 -0.213715825034 -3.14867625983e-06 -0.121506953682 -0.109841589586
21.8 472 131 102.183281 -0.230917958425 -0.207244562859 0.500000792076 -0.213715771562 -3.25976696656e-06 -0.121506951706 -0.109905837801
21.9 472 132 104.871613 -0.230756242622 -0.206113775111 0.500000725709 -0.213715710056 -3.36172393754e-06 -0.121506948239 -0.109970638149
22 474 137 106.990454 -0.230588609771 -0.204987742538 0.500000657485 -0.213715651235 -3.45641955003e-06 -0.121506946726 -0.110036000829
22.1 476 129 105.729879 -0.230415061081 -0.20386653324 0.500000587452 -0.213715588487 -3.53948203716e-06 -0.121506944926 -0.110101923303
22.2 480 130 107.088527 -0.23023560318 -0.202750224976 0.500000515709 -0.213715523567 -3.62117280484e-06 -0.121506943437 -0.110168401162
22.3 480 137 109.753681 -0.230050254956 -0.201638899141 0.500000442429 -0.213715456606 -3.69525512273e-06 -0.121506942403 -0.110235407822
22.4 484 131 108.072057 -0.229859040459 -0.200532629328 0.500000367788 -0.213715385222 -3.76039606041e-06 -0.121506940207 -0.11030291127
22.5 488 129 115.371075 -0.22966198948 -0.199431504298 0.500000291924 -0.213715315485 -3.81954620318e-06 -0.121506939623 -0.110370878501
22.6 486 134 116.68462 -0.229459140739 -0.198335605093 0.500000214875 -0.213715237853 -3.87120781693e-06 -0.121506936737 -0.110439251323
22.7 490 132 114.85249 -0.229250539932 -0.197245015212 0.500000136832 -0.213715155481 -3.91634814622e-06 -0.121506932367 -0.110507981733
22.8 494 133 116.194096 -0.229036238873 -0.196159823659 0.500000058114 -0.213715076765 -3.95129793596e-06 -0.121506929958 -0.110577000416
22.9 492 142 123.863524 -0.228816300438 -0.195080113971 0.499999978655 -0.213714989044 -3.98412047467e-06 -0.121506924448 -0.110646239098
23 494 144 122.972042 -0.228590788864 -0.194005966308 0.499999898593 -0.213714896558 -4.01117472582e-06 -0.121506917285 -0.110715618758
23.1 496 131 118.625823 -0.228359785807 -0.192937459554 0.49999981808 -0.213714799494 -4.03187213461e-06 -0.121506908666 -0.11078505949
23.2 498 135 116.503015 -0.228123368135 -0.191874674881 0.499999737161 -0.213714702131 -4.04928007525e-06 -0.121506899989 -0.110854478127
23.3 502 129 119.136228 -0.227881624963 -0.190817681396 0.499999655973 -0.213714600781 -4.06044801938e-06 -0.121506889824 -0.110923786561
23.4 502 140 121.472977 -0.227634654269 -0.18976655191 0.49999957452 -0.213714492565 -4.06791197263e-06 -0.121506876795 -0.110992891078
23.5 506 131 125.294642 -0.227382551298 -0.188721343174 0.499999493091 -0.213714385429 -4.06720173608e-06 -0.121506864174 -0.111061707602
23.6 506 135 122.647453 -0.227125424277 -0.187682115571 0.499999411643 -0.213714271112 -4.06439983572e-06 -0.12150684806 -0.111130132015
23.7 508 137 121.024855 -0.226863380556 -0.186648921713 0.499999330197 -0.213714147141 -4.06039652612e-06 -0.121506828618 -0.111198084847
23.8 510 140 122.922446 -0.226596536794 -0.185621806979 0.499999248909 -0.213714023307 -4.05377106205e-06 -0.121506808596 -0.111265472461
23.9 512 137 125.479394 -0.226325006902 -0.184600809729 0.499999167845 -0.213713895822 -4.04231416922e-06 -0.121506786868 -0.111332205671
24 516 138 126.475208 -0.226048913578 -0.183585961911 0.499999087027 -0.213713763235 -4.02896309579e-06 -0.121506762755 -0.111398204606
24.1 516 142 126.672752 -0.225768376712 -0.182577285571 0.499999006473 -0.21371363323 -4.01325291647e-06 -0.121506739026 -0.111463391016
24.2 520 133 131.256174 -0.22548351541 -0.181574799453 0.499998926339 -0.213713488874 -3.99284048667e-06 -0.121506709613 -0.111527683946
24.3 520 138 130.117923 -0.225194458721 -0.180578517411 0.499998846584 -0.213713351115 -3.97175471481e-06 -0.121506681809 -0.111591016083
24.4 522 154 136.37604 -0.224901325049 -0.179588434697 0.499998767172 -0.213713207197 -3.95241763711e-06 -0.121506651559 -0.111653319853
24.5 522 181 167.635887 -0.2246042382 -0.178604552144 0.499998688022 -0.213713064244 -3.93964134818e-06 -0.121506621041 -0.111714544297
24.6 524 139 153.28323 -0.224303316988 -0.177626852102 0.499998609031 -0.213712899943 -3.93506235964e-06 -0.12150658157 -0.11177463712
24.7 526 142 146.31594 -0.223998681288 -0.176655321441 0.499998530448 -0.213712752526 -3.91234373835e-06 -0.121506548671 -0.11183354344
24.8 528 137 146.086812 -0.223690441985 -0.175689930214 0.499998452253 -0.213712593613 -3.89145220136e-06 -0.121506510377 -0.111891251301
24.9 522 153 151.807382 -0.223378715407 -0.174730648388 0.499998374439 -0.213712426486 -3.87627931787e-06 -0.121506468323 -0.111947716651
25 524 178 168.210076 -0.223063607737 -0.173777436146 0.499998296787 -0.213712260689 -3.86899447456e-06 -0.121506426288 -0.112002924472
25.1 524 172 161.929194 -0.222745220497 -0.172830249452 0.499998219264 -0.213712095606 -3.85871646221e-06 -0.121506384334 -0.112056863288
25.2 524 205 180.16538 -0.222423655264 -0.171889041248 0.49999814205 -0.213711919668 -3.84982732449e-06 -0.121506337749 -0.112109532864
25.3 526 184 179.086201 -0.222099003223 -0.170953757315 0.499998064848 -0.213711740316 -3.84776643511e-06 -0.121506288932 -0.112160934946
25.4 524 170 155.422139 -0.221771348302 -0.170024344205 0.499997987819 -0.213711566233 -3.83870194468e-06 -0.121506241827 -0.112211077625
25.5 526 178 173.122286 -0.221440772317 -0.169100738976 0.499997911018 -0.213711391537 -3.82829757681e-06 -0.121506193925 -0.112259991998
25.6 528 181 166.019646 -0.221107351828 -0.168182876105 0.499997834379 -0.213711215454 -3.81564144708e-06 -0.121506144803 -0.112307698541
25.7 530 171 159.296584 -0.220771152092 -0.167270692231 0.499997757973 -0.213711035298 -3.80615254335e-06 -0.121506093838 -0.112354237029
25.8 524 172 160.029411 -0.220432235532 -0.166364118932 0.499997681959 -0.213710858499 -3.78454901991e-06 -0.121506043836 -0.112399644517
25.9 526 177 164.207766 -0.220090658029 -0.165463089154 0.499997606298 -0.213710679477 -3.7662747558e-06 -0.121505992442 -0.112443974115
26 528 198 165.260659 -0.21974646592 -0.164567536971 0.499997531066 -0.213710499047 -3.74258648998e-06 -0.121505940063 -0.112487276806
26.1 530 190 171.101932 -0.219399698359 -0.163677393971 0.499997456299 -0.213710325048 -3.71794933218e-06 -0.121505889725 -0.112529612066
26.2 532 186 167.026664 -0.219050393482 -0.162792592795 0.499997382039 -0.213710157288 -3.68754802334e-06 -0.121505841528 -0.112571042937
26.3 524 159 152.509688 -0.21869858139 -0.161913068327 0.499997308492 -0.213709993043 -3.65061219194e-06 -0.121505794239 -0.112611641694
26.4 524 173 153.248018 -0.218344279433 -0.161038760602 0.499997235877 -0.213709834548 -3.6023116868e-06 -0.121505748937 -0.112651467391
26.5 526 169 155.111906 -0.217987508947 -0.160169603135 0.499997164201 -0.213709682948 -3.55013380651e-06 -0.121505706037 -0.112690603107
26.6 528 138 139.306608 -0.217628278537 -0.15930555026 0.499997093515 -0.213709538435 -3.4966837868e-06 -0.121505665494 -0.112729115944
26.7 530 137 140.225347 -0.217266595332 -0.158446539483 0.499997024015 -0.213709396833 -3.43742235826e-06 -0.121505625903 -0.112767087094
26.8 532 157 147.63067 -0.216902464852 -0.157592527379 0.499996955838 -0.213709270743 -3.36483772567e-06 -0.121505591607 -0.112804588834
26.9 524 150 218.796048 -0.216535883227 -0.156743469207 0.499996889195 -0.213709151857 -3.28851979901e-06 -0.121505560276 -0.11284169557
27 526 145 144.100829 -0.216166843879 -0.155899324278 0.499996824 -0.213709051133 -3.21057519942e-06 -0.121505535316 -0.112878481337
27.1 528 151 146.50123 -0.21579533972 -0.155060061215 0.499996760433 -0.213708952086 -3.12601239445e-06 -0.121505511054 -0.112915026474
27.2 530 132 220.177889 -0.215421362816 -0.1542256529 0.499996698581 -0.213708872086 -3.03774315562e-06 -0.121505493725 -0.112951388342
27.3 532 156 227.939678 -0.215044898107 -0.153396071307 0.499996638865 -0.213708818745 -2.92804766548e-06 -0.121505487253 -0.112987635036
27.4 534 142 146.954059 -0.214665931049 -0.152571302171 0.499996581458 -0.213708778354 -2.80959626004e-06 -0.121505485044 -0.113023833538
27.5 536 151 149.735654 -0.214284445563 -0.151751327595 0.499996525772 -0.21370873942 -2.72761027614e-06 -0.12150548264 -0.113060073406
27.6 536 125 138.599859 -0.213900437634 -0.150936152817 0.499996472005 -0.21370872309 -2.62206240081e-06 -0.121505489428 -0.113096352681
27.7 538 138 158.33003 -0.213513883012 -0.150125763539 0.499996420575 -0.213708724053 -2.51091392253e-06 -0.12150550289 -0.113132754588
27.8 540 123 147.901448 -0.21312477817 -0.149320176677 0.499996371335 -0.213708725128 -2.3981490412e-06 -0.121505516046 -0.113169324347
27.9 542 150 143.980913 -0.212733105498 -0.148519394303 0.49999632457 -0.213708757743 -2.2792222653e-06 -0.121505540841 -0.11320609926
28 544 133 242.089931 -0.212338855605 -0.147723429674 0.499996280296 -0.213708795889 -2.15891421624e-06 -0.121505568198 -0.113243108291
28.1 542 131 211.170689 -0.21194202827 -0.146932305547 0.499996237751 -0.213708843251 -2.06050295564e-06 -0.121505599038 -0.113280379078
28.2 544 128 169.977728 -0.211542617266 -0.146146051959 0.499996197399 -0.213708903727 -1.95790989959e-06 -0.121505634921 -0.113317927689
28.3 546 126 144.331696 -0.211140616925 -0.145364687347 0.499996159082 -0.213708976726 -1.85948845481e-06 -0.121505675387 -0.113355771485
28.4 548 134 141.919409 -0.210736043472 -0.144588251183 0.499996122536 -0.213709088381 -1.77737012396e-06 -0.121505731184 -0.113393920089
28.5 550 295 1420.425741 -0.210328899452 -0.143816772409 0.49999608724 -0.213709210046 -1.71947664546e-06 -0.121505792148 -0.113432371886
28.6 522 149 228.680874 -0.209919197173 -0.143050285862 0.499996053856 -0.213709355637 -1.66185616003e-06 -0.121505862098 -0.11347111564
28.7 524 160 148.484981 -0.209506953366 -0.142288838533 0.499996020991 -0.213709481131 -1.60840404131e-06 -0.12150592264 -0.113510157304
28.8 526 158 164.910335 -0.209092192935 -0.14153246818 0.499995989507 -0.213709602755 -1.54268025779e-06 -0.121505982111 -0.113549482739
28.9 528 147 146.240925 -0.208674948654 -0.140781212841 0.499995958989 -0.213709729855 -1.49347810383e-06 -0.121506043593 -0.113589060764
29 530 155 147.560711 -0.208255245739 -0.140035119426 0.499995929564 -0.213709860518 -1.44687698985e-06 -0.121506106182 -0.113628849935
29.1 532 169 140.291952 -0.207833123733 -0.139294225503 0.499995901091 -0.213710001426 -1.40713138276e-06 -0.121506173015 -0.113668836104
29.2 534 128 142.254993 -0.207408628851 -0.138558581724 0.499995873213 -0.213710145474 -1.3796549451e-06 -0.121506240588 -0.113708977202
29.3 536 154 141.410553 -0.206981806605 -0.137828219318 0.499995845586 -0.213710310683 -1.36814299984e-06 -0.121506316708 -0.113749230145
29.4 538 161 140.549588 -0.206552713778 -0.137103183116 0.499995818251 -0.213710463025 -1.35785481289e-06 -0.121506387745 -0.113789554201
29.5 522 150 143.253904 -0.206121401291 -0.136383513446 0.499995791121 -0.213710614113 -1.3505029087e-06 -0.12150645818 -0.113829898857
29.6 524 159 139.412731 -0.205687936389 -0.135669240037 0.499995763978 -0.213710762342 -1.36084772859e-06 -0.121506527293 -0.11387021766
29.7 522 160 140.683635 -0.205252380578 -0.134960399732 0.49999573652 -0.213710906843 -1.37703216853e-06 -0.121506594896 -0.113910467131
29.8 524 159 143.982333 -0.204814806411 -0.134257012039 0.499995708564 -0.213711048206 -1.4060919858e-06 -0.121506660959 -0.113950577513
29.9 522 167 143.014852 -0.204375290914 -0.13355910982 0.499995680003 -0.213711193881 -1.43970943912e-06 -0.121506728817 -0.113990507894
30 522 156 135.763946 -0.203933909107 -0.132866713979 0.499995650791 -0.213711330779 -1.48008843642e-06 -0.121506792943 -0.114030195141
30.1 524 159 135.362947 -0.203490742362 -0.132179840777 0.499995620667 -0.213711458866 -1.53066958394e-06 -0.121506853576 -0.114069590573
30.2 522 158 137.10225 -0.203045866749 -0.131498502324 0.499995589361 -0.213711581281 -1.59536718739e-06 -0.121506912035 -0.114108641435
30.3 522 152 134.908201 -0.202599368748 -0.130822701241 0.499995556586 -0.213711703114 -1.672365363e-06 -0.121506969915 -0.114147294587
30.4 522 162 135.918055 -0.202151334542 -0.130152446398 0.499995522403 -0.213711820614 -1.74702415112e-06 -0.121507026086 -0.114185498876
30.5 524 159 138.00171 -0.201701847699 -0.129487727863 0.499995486494 -0.213711918587 -1.8347932853e-06 -0.121507074425 -0.114223209255
30.6 526 164 139.026749 -0.201250997454 -0.128828539405 0.499995448782 -0.213712013687 -1.93016485105e-06 -0.121507121516 -0.114260379204
30.7 528 167 142.283262 -0.200798868827 -0.128174864308 0.499995409106 -0.213712098881 -2.02988984919e-06 -0.121507164649 -0.114296970173
30.8 522 165 144.814317 -0.200345540696 -0.127526698165 0.499995367399 -0.213712175983 -2.13366013125e-06 -0.121507204202 -0.114332942866
30.9 524 156 135.418227 -0.19989110399 -0.12688400182 0.499995323534 -0.213712241051 -2.24351192406e-06 -0.121507238679 -0.114368259705
31 526 158 138.994783 -0.199435632459 -0.126246758386 0.499995277468 -0.213712300898 -2.35762897685e-06 -0.121507270861 -0.114402896224
31.1 528 156 138.567257 -0.198979216811 -0.125614932144 0.499995229001 -0.213712350681 -2.47718793561e-06 -0.121507298698 -0.114436824079
31.2 522 160 138.32136 -0.198521928514 -0.124988483232 0.49999517814 -0.213712385329 -2.59734739822e-06 -0.121507320152 -0.114470024392
31.3 524 163 140.078499 -0.198063847629 -0.124367369428 0.499995124905 -0.213712413036 -2.71687481106e-06 -0.12150733843 -0.114502478433
31.4 526 168 143.45787 -0.19760503632 -0.123751551407 0.499995069389 -0.213712434222 -2.83157352771e-06 -0.121507353438 -0.114534172982
31.5 522 171 146.825272 -0.197145573916 -0.123140972701 0.499995011567 -0.213712448793 -2.94220345429e-06 -0.121507365555 -0.114565105331
31.6 522 172 147.121415 -0.196685515762 -0.122535583081 0.499994951496 -0.213712453837 -3.05418699332e-06 -0.121507372984 -0.114595275296
31.7 524 166 142.891148 -0.196224919431 -0.121935322632 0.499994889111 -0.213712455688 -3.16241133698e-06 -0.121507378612 -0.114624683224
31.8 522 163 140.915055 -0.195763847968 -0.121340147866 0.499994824777 -0.213712449039 -3.25924786854e-06 -0.121507380226 -0.114653338122
31.9 524 169 143.81441 -0.195302351163 -0.120749991025 0.499994758614 -0.213712434136 -3.34898699388e-06 -0.121507377992 -0.114681257227
32 522 161 141.826618 -0.194840474038 -0.120164792142 0.499994690651 -0.213712417019 -3.43337246533e-06 -0.121507373918 -0.114708454044
32.1 524 159 138.873134 -0.194378259911 -0.119584490942 0.499994621147 -0.213712394377 -3.50823247485e-06 -0.121507366639 -0.114734953302
32.2 526 173 144.703869 -0.193915742548 -0.119009022416 0.499994550187 -0.213712370281 -3.57420815884e-06 -0.121507358026 -0.114760780064
32.3 522 160 142.28114 -0.193452951027 -0.118438324843 0.499994477972 -0.213712345976 -3.62849955559e-06 -0.121507348149 -0.114785963644
32.4 524 160 141.379574 -0.192989915446 -0.11787234237 0.499994404797 -0.213712318243 -3.67215404961e-06 -0.121507335822 -0.114810539034
32.5 526 166 141.381498 -0.192526655117 -0.117311006313 0.49999433097 -0.213712291936 -3.69829246877e-06 -0.121507323232 -0.114834542578
32.6 528 163 140.550534 -0.192063190572 -0.116754256668 0.49999425658 -0.213712269775 -3.71400896731e-06 -0.121507310921 -0.114858011755
32.7 522 163 140.145658 -0.191599533471 -0.116202039413 0.49999418219 -0.213712252549 -3.71205820138e-06 -0.121507299669 -0.114880988049
32.8 522 171 141.369023 -0.191135694144 -0.115654297152 0.499994107907 -0.213712237703 -3.69558992651e-06 -0.121507287908 -0.114903517551
32.9 524 172 144.844036 -0.190671671929 -0.115110975228 0.499994034193 -0.213712223889 -3.66037216414e-06 -0.121507275625 -0.114925640068
33 522 167 143.009708 -0.190207472861 -0.114572019974 0.499993961193 -0.213712214345 -3.61642770119e-06 -0.121507263549 -0.114947403341
33.1 524 170 143.431943 -0.189743091874 -0.114037385956 0.499993889377 -0.213712215324 -3.55069748662e-06 -0.121507254509 -0.114968858326
33.2 526 172 144.230473 -0.18927852602 -0.113507028007 0.499993818861 -0.213712218561 -3.47538873956e-06 -0.121507244941 -0.114990048983
33.3 528 172 142.593417 -0.188813767325 -0.112980907408 0.499993750085 -0.213712230974 -3.38076426842e-06 -0.121507237918 -0.115011021184
33.4 530 151 146.685436 -0.188348805884 -0.112458987257 0.499993683449 -0.213712252886 -3.26672572182e-06 -0.121507233332 -0.11503181706
33.5 522 155 144.576356 -0.187883631673 -0.111941231059 0.499993619195 -0.213712276092 -3.14148726731e-06 -0.121507228005 -0.115052489812
33.6 522 177 159.803509 -0.187418224085 -0.111427609865 0.499993557556 -0.213712314927 -2.99919448599e-06 -0.121507227557 -0.115073076907
33.7 524 174 162.162778 -0.186952570113 -0.110918102948 0.499993498834 -0.213712363692 -2.84541351986e-06 -0.121507229944 -0.115093620712
33.8 524 172 162.08847 -0.186486659921 -0.11041268374 0.499993443372 -0.213712417466 -2.68181910393e-06 -0.121507233238 -0.115114154798
33.9 526 185 160.543008 -0.186020481491 -0.109911337573 0.499993391246 -0.213712479707 -2.50925145767e-06 -0.121507238421 -0.115134709786
34 524 181 169.842275 -0.185554012954 -0.109414051156 0.499993342738 -0.213712552642 -2.32362311169e-06 -0.121507247155 -0.115155339537
34.1 526 214 181.242993 -0.185087245632 -0.108920819178 0.499993297938 -0.213712636157 -2.1334600345e-06 -0.121507258885 -0.115176057851
34.2 524 225 178.964977 -0.18462016453 -0.108431632374 0.4999932571 -0.213712725847 -1.92560606916e-06 -0.121507272026 -0.11519689442
34.3 524 202 175.755538 -0.184152752459 -0.107946490717 0.499993220589 -0.213712821612 -1.70868351266e-06 -0.121507286464 -0.115217877366
34.4 524 202 171.209899 -0.183685012337 -0.107465402548 0.499993188453 -0.213712918116 -1.48564290851e-06 -0.121507300431 -0.115239021399
34.5 524 187 164.928268 -0.183216932782 -0.106988370736 0.499993160834 -0.213713026369 -1.25417665707e-06 -0.121507317949 -0.115260345399
34.6 526 214 177.715529 -0.182748506563 -0.106515404255 0.499993137987 -0.213713141973 -1.0123509066e-06 -0.121507337482 -0.115281857217
34.7 524 210 195.967909 -0.182279728887 -0.106046515935 0.499993120101 -0.213713262428 -7.57442732244e-07 -0.121507358116 -0.11530356434
34.8 526 194 171.912435 -0.181810610211 -0.105581717941 0.499993107243 -0.213713385354 -5.04041675793e-07 -0.121507378984 -0.115325472501
34.9 528 208 177.925946 -0.18134114701 -0.105121027311 0.499993099493 -0.213713512055 -2.46052532578e-07 -0.121507400301 -0.115347584835
35 530 212 180.499375 -0.180871352158 -0.104664459692 0.499993097031 -0.213713645734 1.93343161065e-08 -0.121507423899 -0.115369894263
35.1 524 217 186.206096 -0.180401234629 -0.104212033258 0.499993099983 -0.213713783132 2.91612544841e-07 -0.121507448158 -0.11539239083
35.2 526 198 175.35245 -0.179930813229 -0.103763774555 0.499993108368 -0.213713928305 5.63183424736e-07 -0.121507475025 -0.115415067907
35.3 524 183 158.676263 -0.179460101363 -0.103319699353 0.499993122298 -0.213714075075 8.41131486927e-07 -0.12150750189 -0.115437908938
35.4 526 196 166.435304 -0.178989126031 -0.102879831868 0.499993141743 -0.213714227714 1.11628800514e-06 -0.121507530291 -0.115460889944
35.5 528 180 166.891038 -0.178517912633 -0.102444187492 0.499993166745 -0.213714379146 1.39567727738e-06 -0.121507557687 -0.115483999335
35.6 530 188 163.427646 -0.178046492228 -0.102012791381 0.499993197348 -0.213714535543 1.67614311664e-06 -0.121507586472 -0.115507205914
35.7 532 193 168.173005 -0.177574887339 -0.101585660231 0.499993233552 -0.213714690501 1.95586882173e-06 -0.121507614321 -0.115530490525
35.8 534 191 159.842964 -0.177103155784 -0.101162808953 0.499993275242 -0.213714851556 2.23313343279e-06 -0.1215076443 -0.115553818459
35.9 536 201 166.094702 -0.176631321544 -0.100744257499 0.499993322671 -0.21371501322 2.51587521988e-06 -0.121507674138 -0.11557716391
36 538 197 165.709804 -0.17615944386 -0.10033001398 0.499993375739 -0.213715175987 2.79678071384e-06 -0.121507704057 -0.115600491813
36.1 540 194 164.918371 -0.175687560594 -0.0999200887236 0.499993434311 -0.213715342141 3.07039138502e-06 -0.121507734989 -0.115623767164
36.2 524 189 163.861913 -0.175215723406 -0.0995144963692 0.499993498486 -0.213715511914 3.35170185409e-06 -0.121507767189 -0.115646966801
36.3 524 198 165.730129 -0.174743982217 -0.0991132360245 0.499993568142 -0.213715680961 3.62220228575e-06 -0.121507799093 -0.11567004807
36.4 526 186 165.619453 -0.174272389724 -0.0987163132886 0.499993643122 -0.213715850761 3.88863493488e-06 -0.121507830913 -0.115692977094
36.5 528 192 164.916255 -0.17380100249 -0.0983237280409 0.499993723341 -0.213716022768 4.14844257461e-06 -0.121507863638 -0.115715724623
36.6 530 185 163.49354 -0.173329875617 -0.097935473041 0.49999380888 -0.213716191107 4.40848135704e-06 -0.121507895066 -0.11573825562
36.7 532 180 159.675555 -0.172859073128 -0.0975515405733 0.499993899521 -0.213716366441 4.66386717753e-06 -0.121507929284 -0.115760533934
36.8 534 190 160.238181 -0.17238864417 -0.0971719150261 0.499993995191 -0.213716538175 4.91057147214e-06 -0.121507962062 -0.115782531041
36.9 536 150 155.075147 -0.171918655716 -0.0967965862632 0.499994095672 -0.213716721011 5.15053373724e-06 -0.121507999537 -0.115804219647
37 538 185 155.403981 -0.171449158572 -0.0964255351457 0.49999420111 -0.213716897723 5.39421324071e-06 -0.121508034523 -0.115825570302
37.1 540 201 160.923574 -0.170980213744 -0.0960587367263 0.499994311126 -0.213717073247 5.61852190314e-06 -0.121508069502 -0.115846557526
37.2 542 186 170.673504 -0.170511882435 -0.0956961580417 0.499994425646 -0.213717253625 5.83310974127e-06 -0.121508106647 -0.115867153751
37.3 524 189 159.175954 -0.170044211917 -0.0953377767053 0.499994544609 -0.213717433781 6.05597692922e-06 -0.121508144247 -0.11588734787
37.4 526 177 154.665737 -0.169577262975 -0.0949835483414 0.499994667633 -0.213717610388 6.25644027305e-06 -0.121508180678 -0.115907109024
37.5 524 179 157.915143 -0.1691110859 -0.0946334399178 0.499994794492 -0.213717795732 6.43862086545e-06 -0.12150822087 -0.115926430317
37.6 526 194 160.70387 -0.168645724829 -0.0942874148533 0.499994925134 -0.213717977003 6.62305807489e-06 -0.121508260043 -0.115945299538
37.7 528 194 159.233591 -0.168181230168 -0.0939454263323 0.499995059082 -0.213718158028 6.78596310139e-06 -0.121508299721 -0.115963704953
37.8 530 186 163.161805 -0.167717652971 -0.093607423625 0.499995196499 -0.213718333565 6.95033141864e-06 -0.12150833804 -0.115981636858
37.9 524 192 167.274609 -0.167255031109 -0.0932733763928 0.499995336845 -0.213718514844 7.09191061619e-06 -0.121508378962 -0.115999095989
38 524 194 171.200012 -0.166793405076 -0.0929432134087 0.499995479965 -0.213718686532 7.22420734359e-06 -0.121508416932 -0.116016088991
38.1 524 194 162.194746 -0.166332814578 -0.0926168899061 0.499995625644 -0.213718863066 7.34600174579e-06 -0.121508457374 -0.116032612127
38.2 524 201 172.081061 -0.16587328183 -0.0922943500862 0.499995773793 -0.213719038516 7.46479713663e-06 -0.121508498159 -0.116048671034
38.3 526 191 165.308799 -0.165414835419 -0.0919755442985 0.499995924141 -0.2137192101 7.57077739972e-06 -0.121508538628 -0.116064277164
38.4 528 184 160.623695 -0.164957504885 -0.0916604136957 0.499996076356 -0.213719371141 7.65693709297e-06 -0.121508575562 -0.116079439867
38.5 530 190 160.566638 -0.164501294428 -0.0913488966986 0.499996230287 -0.213719534571 7.7355049261e-06 -0.12150861433 -0.116094178462
38.6 532 197 160.643862 -0.164046248383 -0.091040950508 0.499996385645 -0.213719694023 7.80356457475e-06 -0.121508652172 -0.116108512156
38.7 534 157 154.898851 -0.163592369721 -0.0907365168342 0.499996542165 -0.213719858869 7.85696300605e-06 -0.12150869298 -0.11612245214
38.8 536 198 165.005161 -0.163139649303 -0.090435540248 0.499996699886 -0.213720010498 7.91135003939e-06 -0.12150872842 -0.116136032942
38.9 538 195 165.402335 -0.162688124182 -0.0901379584738 0.499996858448 -0.213720165035 7.94758248669e-06 -0.121508766992 -0.116149270675
39 540 210 173.044577 -0.162237771645 -0.0898437314573 0.499997017437 -0.213720315286 7.96239843399e-06 -0.121508804635 -0.116162185669
39.1 542 198 164.130912 -0.161788608387 -0.0895527991067 0.499997176877 -0.213720461114 7.97742110226e-06 -0.121508841426 -0.116174816433
39.2 524 200 172.824956 -0.161340627311 -0.0892651209936 0.499997336442 -0.213720605691 7.97617549372e-06 -0.121508878844 -0.116187181935
39.3 524 192 160.837226 -0.16089381607 -0.0889806457294 0.499997495813 -0.213720741729 7.9675427369e-06 -0.121508913616 -0.116199314251
39.4 524 189 159.890185 -0.160448167754 -0.0886993267159 0.499997654961 -0.213720869897 7.94695146865e-06 -0.121508946039 -0.116211242602
39.5 524 204 172.470005 -0.160003668712 -0.088421126029 0.499997813644 -0.213720990576 7.91895723218e-06 -0.121508976206 -0.116222999428
39.6 524 197 168.532885 -0.159560298273 -0.0881460068826 0.49999797158 -0.213721115515 7.8805061135e-06 -0.121509008989 -0.116234610984
39.7 524 185 164.573375 -0.159118060283 -0.0878739359089 0.499998128639 -0.213721227114 7.83278551731e-06 -0.121509037085 -0.116246113995
39.8 526 190 164.689899 -0.158676933902 -0.0876048702191 0.499998284512 -0.213721333686 7.77100494587e-06 -0.121509063957 -0.116257523575
39.9 524 187 160.693998 -0.15823689248 -0.0873387942051 0.499998439357 -0.213721441064 7.71746467834e-06 -0.121509092067 -0.116268879626
40 526 209 166.492956 -0.157797908158 -0.0870756674525 0.499998592978 -0.21372153698 7.65229915142e-06 -0.121509116025 -0.116280204285
40.1 524 187 160.110718 -0.157359998645 -0.0868154840537 0.499998745179 -0.213721626178 7.57848231996e-06 -0.121509137931 -0.116291523574
40.2 526 195 161.276765 -0.156923116246 -0.0865582165004 0.499998896042 -0.213721710359 7.50603046291e-06 -0.121509158673 -0.116302867846
40.3 528 205 170.870988 -0.156487246821 -0.0863038548239 0.499999045379 -0.213721781858 7.42783350513e-06 -0.121509174831 -0.116314252918
40.4 524 199 165.341728 -0.156052377421 -0.0860523727736 0.499999193183 -0.213721853893 7.35183369204e-06 -0.12150919143 -0.11632569888
40.5 526 201 163.10888 -0.15561849227 -0.0858037736504 0.499999339314 -0.213721915099 7.26647150209e-06 -0.121509203981 -0.11633722147
40.6 528 201 171.582235 -0.155185566992 -0.0855580448817 0.499999483761 -0.213721964853 7.18085865154e-06 -0.121509212447 -0.116348846822
40.7 530 295 285.56037 -0.154753587623 -0.0853151816395 0.499999626405 -0.213722012766 7.09574816718e-06 -0.121509220734 -0.11636058399
40.8 530 275 254.14706 -0.154322552513 -0.0850751917415 0.499999767209 -0.213722059152 7.01140707331e-06 -0.121509228343 -0.116372448494
40.9 530 244 255.689037 -0.153892439413 -0.084838072742 0.499999906549 -0.213722090159 6.92797979002e-06 -0.121509229782 -0.116384433746
41 532 222 236.571985 -0.153463246508 -0.0846038233561 0.500000044243 -0.213722117507 6.85148845528e-06 -0.121509230081 -0.116396556325
41.1 530 257 252.16221 -0.153034961603 -0.0843724535276 0.500000180352 -0.213722133807 6.77761826666e-06 -0.121509226055 -0.116408829881
41.2 528 245 243.920805 -0.152607581507 -0.0841439736804 0.500000314769 -0.213722187908 6.69693222539e-06 -0.121509236744 -0.116421229992
41.3 528 250 261.223671 -0.152181108843 -0.0839183915786 0.500000447994 -0.213722190472 6.64289306554e-06 -0.121509227236 -0.116433773754
41.4 528 249 245.273551 -0.151755544314 -0.0836957098752 0.500000579528 -0.213722239118 6.56141656123e-06 -0.121509234031 -0.116446443163
41.5 530 262 255.618643 -0.151330890271 -0.0834759409493 0.50000071016 -0.21372222935 6.51914409915e-06 -0.121509220648 -0.116459256824
41.6 528 249 272.491267 -0.150907160761 -0.0832590945047 0.500000839257 -0.213722275078 6.44865606546e-06 -0.121509226268 -0.116472177083
41.7 530 238 252.069439 -0.150484356889 -0.083045182403 0.500000967925 -0.213722253002 6.43531514601e-06 -0.121509207281 -0.116485218505
41.8 528 230 212.54624 -0.150062498709 -0.0828342085356 0.500001096269 -0.213722241401 6.41602557229e-06 -0.121509191155 -0.116498342964
41.9 530 232 242.441651 -0.149641598869 -0.0826261985386 0.500001224257 -0.213722225014 6.40208125177e-06 -0.121509172875 -0.116511564946
42 528 237 214.402707 -0.14922168121 -0.0824211548803 0.500001352338 -0.213722222519 6.40929230872e-06 -0.121509157347 -0.116524854156
42.1 530 228 221.580657 -0.148802763424 -0.0822190857907 0.500001480551 -0.213722173853 6.41974249705e-06 -0.121509128305 -0.11653820012
42.2 530 244 227.966412 -0.14838486961 -0.0820199962189 0.500001609064 -0.213722147275 6.44111985392e-06 -0.121509104995 -0.116551567981
42.3 530 244 236.525457 -0.147968030746 -0.0818239002063 0.500001737795 -0.213722109291 6.46027604773e-06 -0.121509076811 -0.116564958061
42.4 530 268 254.818862 -0.147552273589 -0.0816307913075 0.50000186713 -0.213722066259 6.49795864781e-06 -0.121509046319 -0.116578330104
42.5 532 262 277.252677 -0.147137631146 -0.0814406768282 0.500001997123 -0.213722027162 6.53767272424e-06 -0.121509016945 -0.116591644155
42.6 534 261 242.554719 -0.146724133119 -0.0812535495172 0.500002128245 -0.213721979433 6.59879790055e-06 -0.121508983889 -0.116604913
42.7 536 251 258.239451 -0.146311817303 -0.0810694175449 0.500002260494 -0.213721936938 6.65424664366e-06 -0.121508952382 -0.116618109711
42.8 538 251 260.049281 -0.145900719793 -0.0808882637476 0.500002394204 -0.213721892224 6.73066278182e-06 -0.121508919275 -0.116631213981
42.9 530 234 230.768204 -0.145490877776 -0.0807100830539 0.500002529303 -0.21372184779 6.81261524061e-06 -0.121508886946 -0.116644178106
43 530 252 269.95693 -0.145082317313 -0.0805348755976 0.500002666236 -0.213721803929 6.89951642082e-06 -0.121508853719 -0.116657003341
43.1 532 246 254.317555 -0.144675067652 -0.0803626362622 0.500002804935 -0.213721764923 6.99403187299e-06 -0.121508822193 -0.116669680918
43.2 534 244 222.091753 -0.144269208864 -0.0801933065574 0.500002945585 -0.213721729337 7.09655396616e-06 -0.121508791895 -0.116682181119
43.3 530 256 234.438973 -0.143864752099 -0.0800268961515 0.500003088356 -0.213721697653 7.20235025909e-06 -0.121508762636 -0.116694486234
43.4 530 268 250.004865 -0.143461750363 -0.0798633639325 0.500003233174 -0.213721666205 7.30643325245e-06 -0.121508733311 -0.11670657004
43.5 532 275 275.519664 -0.143060229688 -0.079702696965 0.50000338021 -0.213721639981 7.4118800315e-06 -0.121508705803 -0.116718440917
43.6 534 220 231.425287 -0.142660225873 -0.0795448695178 0.500003529292 -0.213721624618 7.52586509194e-06 -0.121508682532 -0.116730071098
43.7 536 212 263.948668 -0.142261780183 -0.0793898396055 0.500003680745 -0.213721606678 7.64345406203e-06 -0.121508658018 -0.116741440179
43.8 538 163 140.091604 -0.141864915547 -0.0792375812191 0.500003834537 -0.213721600728 7.76078197056e-06 -0.121508638313 -0.11675254953
43.9 540 232 221.703363 -0.141469671842 -0.079088061638 0.500003991116 -0.213721624535 7.89719548358e-06 -0.121508630324 -0.116763386727
44 540 178 226.411506 -0.141076071725 -0.0789412432999 0.50000414964 -0.213721622171 7.99721742138e-06 -0.1215086118 -0.116773946628
44.1 542 155 213.317394 -0.140684148471 -0.0787970759447 0.500004310331 -0.213721636165 8.10442434698e-06 -0.121508600193 -0.116784226749
44.2 544 186 203.148627 -0.140293926861 -0.0786555356251 0.500004473332 -0.213721660088 8.21609451152e-06 -0.121508592778 -0.116794225315
44.3 544 187 281.989015 -0.139905433703 -0.0785165609369 0.500004638815 -0.213721688655 8.33358171721e-06 -0.121508587426 -0.116803935576
44.4 546 168 211.029679 -0.139518682952 -0.0783801063867 0.500004806168 -0.213721719164 8.43109751112e-06 -0.121508582741 -0.116813364227
44.5 548 169 244.513474 -0.139133689969 -0.0782461365779 0.500004975662 -0.213721763212 8.53170101816e-06 -0.121508583611 -0.116822518314
