# SIAM impurity greater Green function, spin-symmetric FBR
# L=100 U=0.025 V=0.1 dt=0.1 tmax=50 E_gs=-30.8994525853
# t  n_active  bond_dim  wall_s  ReG00  ImG00  n0  ReC0n  ImC0n  E_psi0  E_B
0 20 14 0.019761 0 -0.499999998141 0.500000001966 -0.245968210976 0 -1000 -1000
0.1 24 14 0.281655 -0.00252275412787 -0.499974591846 0.500000001983 -0.245968317727 8.45503382205e-11 -0.105268436291 -0.0548124904961
0.2 28 14 0.402088 -0.0050432939827 -0.499898438344 0.500000001862 -0.24596857051 -8.37407391944e-09 -0.105268508442 -0.0548518028799
0.3 32 14 0.377109 -0.00755941357583 -0.499771733135 0.500000001854 -0.245968970998 1.64983612004e-09 -0.105268639906 -0.054930273558
0.4 36 14 0.513253 -0.0100689244616 -0.499594801028 0.500000002312 -0.245969515613 3.08554531675e-08 -0.105268829492 -0.0550476091528
0.5 38 14 0.567244 -0.0125696639485 -0.49936809462 0.50000000373 -0.245970195497 8.80370158138e-08 -0.105269073777 -0.0552033719873
0.6 42 14 0.593013 -0.0150595063851 -0.499092191283 0.500000006637 -0.245971009151 1.69823257063e-07 -0.105269372488 -0.0553969815899
0.7 46 14 0.641913 -0.0175363670239 -0.4987677923 0.500000011252 -0.245971947222 2.6158027916e-07 -0.105269722441 -0.0556277179583
0.8 50 14 0.722191 -0.0199982116133 -0.498395716788 0.500000017729 -0.245973019208 3.56760053757e-07 -0.105270128763 -0.0558947261758
0.9 54 14 0.801352 -0.0224430680625 -0.497976899824 0.500000025984 -0.245974195339 4.45563769806e-07 -0.105270577991 -0.0561970203958
1 58 14 0.905704 -0.0248690289875 -0.497512386551 0.500000035772 -0.245975477034 5.19735735054e-07 -0.105271069699 -0.0565334883431
1.1 62 14 0.950296 -0.0272742619171 -0.497003327386 0.500000047011 -0.245976858975 5.8903100768e-07 -0.105271601565 -0.0569028984212
1.2 66 13 1.06823 -0.0296570144612 -0.496450972206 0.500000059484 -0.245978325311 6.45305946483e-07 -0.105272168612 -0.057303906834
1.3 70 13 1.055264 -0.0320156208188 -0.495856664746 0.500000073002 -0.245979870232 6.92282458261e-07 -0.105272768702 -0.0577350608294
1.4 74 14 1.167595 -0.0343485074486 -0.495221835636 0.500000087252 -0.245981486977 7.22816039247e-07 -0.105273399228 -0.058194814929
1.5 78 14 1.453606 -0.0366541991552 -0.494547995081 0.500000102024 -0.245983162659 7.4123894416e-07 -0.105274055106 -0.0586815264179
1.6 82 14 1.575691 -0.0389313218727 -0.493836727286 0.500000116986 -0.245984892232 7.4507858326e-07 -0.105274734536 -0.0591934754814
1.7 86 14 1.686268 -0.0411786085415 -0.493089680907 0.500000131873 -0.245986660902 7.33574959204e-07 -0.105275431649 -0.059728869952
1.8 90 14 1.680992 -0.0433949019809 -0.492308562636 0.500000146354 -0.245988458784 7.0569191001e-07 -0.1052761425 -0.0602858489284
1.9 94 15 1.895335 -0.045579158011 -0.491495128349 0.500000160184 -0.245990273124 6.63769089198e-07 -0.105276861804 -0.0608625018573
2 98 15 1.907721 -0.0477304482039 -0.490651175532 0.500000173017 -0.245992095973 6.0540886853e-07 -0.105277586781 -0.0614568716393
2.1 100 15 1.804566 -0.0498479606791 -0.489778534873 0.500000184487 -0.245993915933 5.30219439411e-07 -0.105278312685 -0.0620669692144
2.2 100 17 2.090945 -0.0519310013961 -0.488879061499 0.500000194235 -0.24599572259 4.35966669307e-07 -0.105279035585 -0.0626907767821
2.3 100 15 2.006998 -0.0539789953778 -0.487954627455 0.500000202009 -0.245997506836 3.29378043503e-07 -0.105279751496 -0.0633262638897
2.4 100 16 2.134671 -0.0559914853646 -0.487007113045 0.500000207538 -0.245999260944 2.10932973991e-07 -0.105280457242 -0.0639713993268
2.5 100 15 1.914958 -0.0579681329236 -0.486038397947 0.500000210502 -0.246000976442 7.62415338296e-08 -0.105281149455 -0.0646241521709
2.6 100 15 1.982623 -0.0599087143557 -0.485050355382 0.500000210632 -0.246002639258 -7.05065948154e-08 -0.105281822712 -0.0652825098654
2.7 100 16 2.135098 -0.0618131220557 -0.484044840745 0.500000207729 -0.246004241688 -2.28037047878e-07 -0.105282473685 -0.0659444816692
2.8 100 15 2.059664 -0.0636813580721 -0.483023687661 0.500000201535 -0.246005777166 -3.95161669494e-07 -0.105283099836 -0.066608112504
2.9 100 15 1.946554 -0.0655135351643 -0.481988697351 0.500000191939 -0.246007236134 -5.69591865925e-07 -0.105283696954 -0.0672714891628
3 100 15 2.127686 -0.0673098702133 -0.480941633599 0.5000001788 -0.246008610505 -7.48962048443e-07 -0.105284261692 -0.0679327528329
3.1 100 16 1.997138 -0.0690706825134 -0.479884214292 0.500000162068 -0.246009896066 -9.30629145121e-07 -0.105284792297 -0.0685901019522
3.2 100 17 2.177243 -0.0707963849184 -0.478818110455 0.500000141635 -0.246011086616 -1.11470398506e-06 -0.105285286382 -0.0692418035082
3.3 100 17 2.045706 -0.0724874865391 -0.477744930034 0.500000117649 -0.246012180613 -1.28981602726e-06 -0.105285743087 -0.0698862009638
3.4 100 17 2.15234 -0.0741445785168 -0.476666222266 0.500000090072 -0.246013168772 -1.46758292715e-06 -0.105286158598 -0.0705217165781
3.5 100 19 2.216254 -0.0757683362378 -0.475583466678 0.500000059064 -0.246014053224 -1.63396094472e-06 -0.105286533358 -0.0711468625647
3.6 100 19 2.087324 -0.0773595072823 -0.474498073164 0.500000024809 -0.246014828816 -1.79028540961e-06 -0.105286865673 -0.0717602438666
3.7 100 18 1.940038 -0.0789189090979 -0.473411372393 0.499999987556 -0.246015492567 -1.93503156771e-06 -0.105287153761 -0.0723605638972
3.8 100 17 2.06527 -0.080447418899 -0.472324617595 0.499999947482 -0.246016042038 -2.0696373672e-06 -0.105287396375 -0.0729466290629
3.9 100 18 2.174777 -0.0819459729715 -0.471238978182 0.499999904836 -0.246016478508 -2.18989834572e-06 -0.10528759428 -0.0735173520718
4 100 18 2.231778 -0.0834155591941 -0.470155537377 0.499999860093 -0.246016811111 -2.28538555898e-06 -0.105287750901 -0.074071754821
4.1 100 18 2.320786 -0.0848571909592 -0.469075295938 0.499999813669 -0.246017032032 -2.35960329295e-06 -0.105287863155 -0.0746089714668
4.2 100 18 2.141842 -0.0862719321738 -0.467999159879 0.499999765846 -0.246017144542 -2.4205979235e-06 -0.105287932333 -0.0751282482018
4.3 100 19 2.280444 -0.0876608743746 -0.46692794872 0.499999716901 -0.246017148964 -2.46889257291e-06 -0.105287957385 -0.0756289462084
4.4 100 20 2.279619 -0.0890251192793 -0.465862395777 0.499999667148 -0.246017053209 -2.50038039439e-06 -0.105287942833 -0.0761105399026
4.5 100 19 2.214399 -0.0903657967652 -0.46480313587 0.499999617049 -0.24601686327 -2.5084132479e-06 -0.105287891048 -0.0765726199708
4.6 100 18 2.298956 -0.0916840329435 -0.463750724639 0.499999566929 -0.246016581164 -2.50258212808e-06 -0.105287800537 -0.0770148879846
4.7 100 20 2.344509 -0.0929809622252 -0.462705625127 0.499999517043 -0.246016211239 -2.4838254252e-06 -0.105287673973 -0.077437157631
4.8 100 18 2.228576 -0.0942577115671 -0.461668214549 0.499999467867 -0.246015765155 -2.44013996654e-06 -0.105287515503 -0.0778393484334
4.9 100 19 2.111925 -0.0955153945668 -0.46063879084 0.499999419415 -0.246015238078 -2.39971747392e-06 -0.1052873232 -0.0782214908015
5 100 18 2.164624 -0.0967551092396 -0.459617568733 0.499999371878 -0.246014643112 -2.34997108669e-06 -0.105287102352 -0.0785837141013
5.1 100 19 2.454581 -0.0979779317918 -0.458604690407 0.499999325387 -0.246013988389 -2.29530813718e-06 -0.105286856011 -0.0789262433752
5.2 100 17 2.508939 -0.0991849051599 -0.457600215913 0.499999280357 -0.246013280356 -2.2156614202e-06 -0.105286589343 -0.0792494041367
5.3 100 20 2.273883 -0.100377050923 -0.456604132786 0.499999236774 -0.246012525146 -2.14385146049e-06 -0.105286301188 -0.0795536042231
5.4 100 18 2.362195 -0.101555344799 -0.455616375298 0.499999194579 -0.246011732733 -2.07607117985e-06 -0.105285994644 -0.079839336698
5.5 100 18 2.227412 -0.102720721169 -0.454636803042 0.499999153765 -0.246010910362 -2.00642437285e-06 -0.105285676136 -0.0801071716451
5.6 100 19 2.332353 -0.103874077125 -0.453665222743 0.499999114271 -0.246010066337 -1.94283339256e-06 -0.10528534527 -0.0803577514883
5.7 100 19 2.204123 -0.10501624961 -0.452701393827 0.499999076008 -0.246009209027 -1.88410868477e-06 -0.105285007226 -0.0805917831153
5.8 100 18 2.423201 -0.106148039413 -0.451745019387 0.499999038867 -0.246008345344 -1.83064550907e-06 -0.105284664884 -0.0808100302355
5.9 100 18 2.394997 -0.107270177912 -0.450795767409 0.499999002767 -0.2460074828 -1.7831769833e-06 -0.105284321344 -0.0810133079062
6 100 18 2.503166 -0.108383355072 -0.449853263532 0.499998967503 -0.246006629099 -1.74537216858e-06 -0.105283979438 -0.0812024765731
6.1 100 20 2.543331 -0.109488199618 -0.448917100795 0.49999893293 -0.246005791101 -1.71609938442e-06 -0.105283642186 -0.0813784335703
6.2 100 19 2.505684 -0.110585283372 -0.447986847784 0.499998898844 -0.246004974954 -1.69701453197e-06 -0.105283312215 -0.0815421066273
6.3 100 19 2.578336 -0.111675119914 -0.447062051916 0.499998865053 -0.246004187135 -1.6887730793e-06 -0.105282992011 -0.081694445753
6.4 100 20 2.485693 -0.112758165292 -0.44614223916 0.499998831284 -0.24600343286 -1.69180657246e-06 -0.105282684195 -0.0818364165234
6.5 100 20 2.524365 -0.113834817467 -0.445226928591 0.499998797368 -0.246002717746 -1.70726253868e-06 -0.105282390244 -0.0819689955987
6.6 100 20 2.584541 -0.114905418019 -0.444315631382 0.499998762974 -0.246002047956 -1.73752583335e-06 -0.105282113116 -0.0820931603941
6.7 100 19 2.33021 -0.115970250801 -0.44340785646 0.49999872784 -0.246001423854 -1.77987377097e-06 -0.105281853642 -0.0822098825517
6.8 100 20 2.32479 -0.117029546908 -0.442503115676 0.49999869178 -0.246000853532 -1.83395647833e-06 -0.105281614138 -0.0823201249478
6.9 100 20 2.307388 -0.118083484798 -0.44160092713 0.499998654515 -0.246000337434 -1.90021969053e-06 -0.105281395771 -0.0824248326314
7 100 20 2.515178 -0.119132191541 -0.440700820842 0.499998615805 -0.245999878158 -1.97783238856e-06 -0.105281199436 -0.0825249300582
7.1 100 20 2.478518 -0.120175746629 -0.43980234217 0.499998575409 -0.245999477779 -2.06661469548e-06 -0.105281026223 -0.0826213107693
7.2 100 20 2.594897 -0.121214183434 -0.438905053745 0.499998533174 -0.245999136973 -2.1637590587e-06 -0.105280876471 -0.0827148363403
7.3 100 20 2.533171 -0.122247493681 -0.438008540903 0.499998488868 -0.245998857376 -2.27017097362e-06 -0.10528075083 -0.0828063296745
7.4 100 20 2.566104 -0.123275628686 -0.43711241423 0.499998442382 -0.245998638273 -2.3832714251e-06 -0.105280649406 -0.0828965719445
7.5 100 20 2.596602 -0.124298504956 -0.436216309979 0.499998393565 -0.245998479506 -2.5022612551e-06 -0.105280571982 -0.0829862984095
7.6 100 20 2.672453 -0.125316005271 -0.435319895065 0.499998342363 -0.245998379557 -2.62309772403e-06 -0.105280518427 -0.0830761943876
7.7 100 21 2.680293 -0.126327983225 -0.434422869095 0.499998288714 -0.245998337758 -2.74702725961e-06 -0.105280488151 -0.0831668926721
7.8 100 22 2.446221 -0.12733426736 -0.433524963027 0.499998232504 -0.245998349864 -2.87420136164e-06 -0.105280480207 -0.0832589712429
7.9 100 21 2.759696 -0.128334665994 -0.432625942786 0.499998173787 -0.245998413621 -2.99927010661e-06 -0.105280493379 -0.0833529509796
8 100 20 2.479755 -0.129328966633 -0.431725610658 0.499998112539 -0.245998525484 -3.12209297811e-06 -0.105280526345 -0.083449294649
8.1 100 20 2.388883 -0.130316944246 -0.430823803746 0.499998048865 -0.24599868195 -3.2426748518e-06 -0.105280577857 -0.08354840497
8.2 100 20 2.693089 -0.131298363674 -0.429920394853 0.49999798283 -0.245998878353 -3.35578223567e-06 -0.105280646443 -0.0836506244584
8.3 100 20 2.669241 -0.132272981915 -0.429015294148 0.499997914646 -0.245999110544 -3.45776977196e-06 -0.105280730479 -0.0837562357026
8.4 100 21 2.702052 -0.133240552248 -0.428108446025 0.499997844546 -0.245999374498 -3.54657407298e-06 -0.105280828134 -0.0838654618144
8.5 100 20 2.47822 -0.134200829361 -0.427199830551 0.499997772742 -0.245999666593 -3.6225291856e-06 -0.105280937963 -0.0839784672251
8.6 100 21 2.378522 -0.135153570837 -0.426289460912 0.499997699601 -0.245999980682 -3.68160263165e-06 -0.105281057781 -0.0840953573499
8.7 100 20 2.605986 -0.136098540376 -0.425377383471 0.499997625483 -0.246000310927 -3.72025410689e-06 -0.105281185319 -0.0842161822269
8.8 100 21 2.739352 -0.137035510967 -0.424463674376 0.499997550785 -0.246000655673 -3.73734513041e-06 -0.10528131973 -0.0843409387468
8.9 100 20 2.544562 -0.137964267165 -0.423548441194 0.499997475992 -0.246001006158 -3.72859717822e-06 -0.105281457513 -0.0844695701357
9 100 20 2.714242 -0.138884609816 -0.422631818256 0.499997401661 -0.246001359629 -3.69300557078e-06 -0.105281597442 -0.0846019713712
9.1 100 21 2.718018 -0.139796355254 -0.4217139583 0.499997328004 -0.246001711677 -3.64450614917e-06 -0.105281737616 -0.0847379922101
9.2 100 21 2.556547 -0.140699339022 -0.420795048701 0.49999725621 -0.24600205359 -3.53443711862e-06 -0.105281875539 -0.0848774372601
9.3 100 21 2.63799 -0.141593418057 -0.419875288475 0.499997186604 -0.246002384733 -3.40861783838e-06 -0.105282010178 -0.0850200743184
9.4 100 20 2.705083 -0.142478470141 -0.418954897312 0.499997119908 -0.246002697565 -3.24583813313e-06 -0.105282138444 -0.085165633556
9.5 100 20 2.666025 -0.143354397599 -0.418034109333 0.499997056834 -0.246002990777 -3.04638528227e-06 -0.105282259673 -0.085313814777
9.6 100 20 2.479436 -0.144221127262 -0.417113172386 0.499996998163 -0.246003267611 -2.80639156091e-06 -0.105282373479 -0.0854642883732
9.7 100 20 2.378586 -0.145078609636 -0.416192342005 0.499996944462 -0.246003498308 -2.53915725062e-06 -0.10528247311 -0.0856167039152
9.8 100 21 2.533653 -0.145926823218 -0.41527188187 0.499996896589 -0.246003707486 -2.2287576337e-06 -0.105282563553 -0.0857706871592
9.9 100 20 2.377642 -0.146765769302 -0.41435206057 0.499996855389 -0.2460038803 -1.87584778022e-06 -0.105282639542 -0.0859258503877
10 100 20 2.510398 -0.147595478075 -0.413433146891 0.499996821531 -0.24600401768 -1.4886366426e-06 -0.105282702678 -0.086081795724
10.1 100 20 2.347929 -0.148416001269 -0.412515409921 0.499996795869 -0.246004115378 -1.0592713042e-06 -0.10528274955 -0.0862381171109
10.2 100 21 2.547432 -0.149227419271 -0.411599114895 0.499996779108 -0.246004174389 -5.95324268691e-07 -0.105282782075 -0.0863944038949
10.3 100 21 2.49952 -0.150029833936 -0.410684519939 0.499996772197 -0.24600419452 -8.55746085278e-08 -0.105282799447 -0.0865502488955
10.4 100 20 2.276812 -0.150823367376 -0.409771876948 0.499996775794 -0.246004169544 4.5721581932e-07 -0.1052827991 -0.0867052457857
10.5 100 20 2.328829 -0.151608174005 -0.408861426954 0.499996790718 -0.2460040999 1.04057950689e-06 -0.105282784204 -0.0868590007701
10.6 100 20 2.40724 -0.152384418515 -0.407953397771 0.499996817395 -0.246003986926 1.64452239708e-06 -0.105282748552 -0.0870111291925
10.7 100 21 2.457739 -0.153152286711 -0.407048003043 0.499996856579 -0.246003844123 2.28480290351e-06 -0.105282698649 -0.0871612617983
10.8 100 22 2.650891 -0.15391198309 -0.406145438217 0.499996908765 -0.246003655916 2.94816103304e-06 -0.105282631359 -0.0873090484566
10.9 100 20 2.533105 -0.154663725493 -0.405245889153 0.499996974533 -0.246003427259 3.63922348455e-06 -0.10528254571 -0.0874541569352
11 100 22 2.572281 -0.155407742942 -0.404349515249 0.499997054476 -0.246003151745 4.35704241768e-06 -0.105282444471 -0.0875962824752
11.1 100 21 2.506714 -0.156144288493 -0.403456462997 0.499997149041 -0.24600284946 5.09593524164e-06 -0.105282333493 -0.0877351416844
11.2 100 21 2.599044 -0.156873607919 -0.402566853183 0.499997258421 -0.246002512476 5.84249941601e-06 -0.105282204684 -0.0878704814883
11.3 100 22 2.708875 -0.157595966059 -0.401680779554 0.49999738258 -0.246002141697 6.58515137888e-06 -0.105282065881 -0.0880020784483
11.4 100 20 2.582638 -0.158311623904 -0.400798331412 0.499997522108 -0.246001735546 7.35427400047e-06 -0.105281908368 -0.0881297387512
11.5 100 21 2.411884 -0.159020853589 -0.399919565439 0.499997676884 -0.246001316086 8.11570752981e-06 -0.105281746439 -0.088253299971
11.6 100 21 2.386577 -0.159723924075 -0.399044515935 0.499997846926 -0.246000873838 8.87610588242e-06 -0.105281575445 -0.0883726309371
11.7 100 22 2.516454 -0.16042110116 -0.398173198624 0.4999980319 -0.246000410442 9.61783859526e-06 -0.105281394365 -0.0884876354321
11.8 100 21 2.682158 -0.161112649902 -0.397305607901 0.499998231822 -0.245999939235 1.03573781083e-05 -0.105281209601 -0.0885982492468
11.9 100 23 2.696423 -0.161798840023 -0.396441718169 0.499998446103 -0.245999442486 1.10646575656e-05 -0.105281017609 -0.0887044414511
12 100 21 2.693926 -0.162479907404 -0.395581479708 0.49999867462 -0.245998957541 1.17654772136e-05 -0.105280822737 -0.0888062147635
12.1 100 20 2.678957 -0.163156113025 -0.394724836711 0.499998916894 -0.245998465189 1.24385507829e-05 -0.105280624321 -0.0889036010499
12.2 100 21 2.638284 -0.163827683992 -0.39387170242 0.499999172134 -0.245997986691 1.3070767221e-05 -0.105280429904 -0.0889966616407
12.3 100 21 2.695745 -0.164494840318 -0.393021977648 0.499999439597 -0.245997507036 1.36629947226e-05 -0.105280235303 -0.0890854927946
12.4 100 21 2.400608 -0.165157791908 -0.392175550128 0.49999971863 -0.245997032027 1.42217343671e-05 -0.105280041849 -0.0891702132898
12.5 100 21 2.366904 -0.165816732233 -0.391332292686 0.500000008269 -0.245996573235 1.47297487077e-05 -0.105279854539 -0.0892509719811
12.6 100 20 2.297333 -0.166471838512 -0.390492065791 0.500000307905 -0.245996139727 1.5205867206e-05 -0.105279675998 -0.089327939507
12.7 100 21 2.370766 -0.167123274399 -0.389654720684 0.500000616513 -0.245995722494 1.56295626074e-05 -0.105279503407 -0.089401311006
12.8 100 22 2.848914 -0.16777118147 -0.388820099539 0.50000093301 -0.245995329983 1.59979307708e-05 -0.105279339605 -0.0894712989164
12.9 100 22 2.769118 -0.168415686229 -0.387988034703 0.500001256771 -0.245994963502 1.63342717976e-05 -0.105279185937 -0.0895381368791
13 100 22 2.395532 -0.169056906521 -0.387158362206 0.500001586635 -0.245994616051 1.6609816487e-05 -0.105279039666 -0.0896020714102
13.1 100 21 2.394276 -0.169694924935 -0.386330904959 0.500001921147 -0.245994309305 1.68127945166e-05 -0.105278907347 -0.0896633630579
13.2 100 22 2.390071 -0.170329816371 -0.385505489451 0.500002259294 -0.245994033128 1.69641599372e-05 -0.105278787533 -0.0897222822245
13.3 100 22 2.36624 -0.170961634928 -0.384681940866 0.500002600178 -0.245993796489 1.70709598537e-05 -0.105278682834 -0.0897791085074
13.4 100 22 2.246362 -0.171590415855 -0.383860082685 0.500002942189 -0.245993587836 1.70960941648e-05 -0.105278590946 -0.0898341247142
13.5 100 22 2.334504 -0.172216181058 -0.383039749118 0.500003284191 -0.245993420937 1.70651670198e-05 -0.105278512817 -0.089887617652
13.6 100 21 2.360776 -0.172838930451 -0.382220775189 0.500003624871 -0.245993281068 1.69679263742e-05 -0.105278447266 -0.0899398732992
13.7 100 21 2.29845 -0.173458644208 -0.381403002563 0.500003963026 -0.245993193569 1.68113494459e-05 -0.105278401271 -0.0899911760943
13.8 100 23 2.440884 -0.174075304237 -0.380586281361 0.500004297966 -0.245993128472 1.66202508911e-05 -0.105278366388 -0.0900418026238
13.9 100 23 2.724584 -0.17468885829 -0.379770470116 0.500004627657 -0.245993109291 1.63293071105e-05 -0.105278347991 -0.0900920258027
14 100 23 2.573871 -0.175299258093 -0.378955440654 0.500004951323 -0.245993146478 1.60022645876e-05 -0.105278348344 -0.0901421076962
14.1 100 23 2.481353 -0.175906428528 -0.378141072019 0.500005267793 -0.245993207512 1.56142942213e-05 -0.105278363445 -0.0901922973034
14.2 100 23 2.608565 -0.176510291973 -0.377327258904 0.500005576039 -0.24599330387 1.51783368974e-05 -0.105278391301 -0.0902428343349
14.3 100 22 2.580338 -0.177110767902 -0.376513909953 0.500005875174 -0.245993433604 1.46987304855e-05 -0.105278432918 -0.090293935339
14.4 100 23 2.608592 -0.177707748264 -0.375700940772 0.500006164178 -0.245993597248 1.4169660088e-05 -0.105278492289 -0.0903458073786
14.5 100 23 2.652335 -0.178301136967 -0.374888286539 0.500006442181 -0.245993794124 1.35991139496e-05 -0.105278560125 -0.0903986383077
14.6 100 22 2.712357 -0.178890841169 -0.37407588929 0.500006708389 -0.245994016629 1.29903733522e-05 -0.105278637313 -0.0904525944455
14.7 100 22 2.628345 -0.179476733381 -0.373263728112 0.500006962123 -0.245994268709 1.23498530768e-05 -0.105278726518 -0.0905078225195
14.8 100 25 2.454786 -0.180058707066 -0.372451775329 0.50000720258 -0.245994537962 1.16707853744e-05 -0.105278826568 -0.0905644486113
14.9 100 22 2.33135 -0.180636650041 -0.371640024429 0.500007429152 -0.245994829355 1.09636952458e-05 -0.10527893728 -0.0906225747189
15 100 22 2.730002 -0.181210450274 -0.370828483773 0.500007641352 -0.245995146259 1.02346769423e-05 -0.105279057724 -0.0906822838672
15.1 100 22 2.53041 -0.181780000016 -0.370017173441 0.500007838777 -0.245995477752 9.48662695139e-06 -0.105279185015 -0.0907436318008
15.2 100 22 2.718991 -0.182345195889 -0.36920613203 0.50000802105 -0.245995819713 8.72309988815e-06 -0.105279316126 -0.0908066590789
15.3 100 23 2.701806 -0.182905930651 -0.36839540711 0.500008188025 -0.245996170528 7.95450871941e-06 -0.10527945218 -0.0908713738801
15.4 100 22 2.785025 -0.183462124608 -0.367585061282 0.500008339533 -0.245996527197 7.17857456911e-06 -0.105279587189 -0.0909377747876
15.5 100 23 2.766452 -0.184013687161 -0.366775166976 0.500008475509 -0.245996884665 6.40154027699e-06 -0.1052797269 -0.0910058286637
15.6 100 23 2.665775 -0.184560538349 -0.365965803134 0.500008595954 -0.245997243793 5.62822222075e-06 -0.105279868063 -0.0910754831352
15.7 100 23 2.813469 -0.185102614331 -0.36515707107 0.500008700892 -0.245997597425 4.85611791983e-06 -0.105280006758 -0.0911466801242
15.8 100 24 2.622088 -0.185639854822 -0.364349063683 0.500008790621 -0.245997946075 4.10188315591e-06 -0.105280146267 -0.0912193197052
15.9 100 22 2.526231 -0.186172214419 -0.363541892024 0.50000886526 -0.245998284855 3.35451490068e-06 -0.105280281758 -0.091293311629
16 100 23 2.673823 -0.186699655723 -0.362735670793 0.500008925067 -0.245998611463 2.6223954157e-06 -0.105280413767 -0.0913685280092
16.1 100 22 2.72655 -0.187222158286 -0.361930517991 0.50000897043 -0.245998924985 1.91141721858e-06 -0.105280540791 -0.0914448377381
16.2 100 23 2.389384 -0.187739706091 -0.361126556556 0.500009001711 -0.245999221505 1.21971871753e-06 -0.105280662007 -0.091522095189
16.3 100 23 2.532548 -0.188252301547 -0.360323913446 0.500009019593 -0.245999497034 5.63914530304e-07 -0.105280775686 -0.091600144709
16.4 100 23 2.679302 -0.18875995401 -0.359522715277 0.500009024556 -0.245999754454 -6.72565123871e-08 -0.105280881815 -0.0916788162456
16.5 100 23 2.675831 -0.189262701108 -0.358723083258 0.500009017087 -0.245999984512 -6.72867377857e-07 -0.105280975295 -0.0917579391646
16.6 100 27 2.704292 -0.189760574091 -0.357925144472 0.500008997847 -0.246000192745 -1.24410901552e-06 -0.105281064187 -0.0918373342018
16.7 100 23 2.673309 -0.190253620733 -0.357129021801 0.50000896761 -0.246000387148 -1.77448897971e-06 -0.105281145337 -0.0919168187851
16.8 100 24 2.765885 -0.190741902505 -0.356334832566 0.500008926931 -0.246000544353 -2.27788255526e-06 -0.105281214282 -0.0919962051575
16.9 100 23 2.46449 -0.191225492841 -0.355542687867 0.500008876804 -0.246000670672 -2.73104351499e-06 -0.105281273028 -0.0920753132578
17 100 24 2.787941 -0.191704470808 -0.35475269654 0.500008817879 -0.246000775918 -3.15183475831e-06 -0.105281322013 -0.0921539592087
17.1 100 24 2.615131 -0.192178930088 -0.353964958067 0.500008751022 -0.246000852893 -3.5270156454e-06 -0.105281358898 -0.0922319645339
17.2 100 24 2.445153 -0.192648972406 -0.353179563524 0.500008676973 -0.246000904296 -3.86668065477e-06 -0.105281384699 -0.0923091542676
17.3 100 24 2.892927 -0.193114699216 -0.352396597092 0.50000859651 -0.246000926629 -4.16721845637e-06 -0.105281399965 -0.0923853576347
17.4 100 25 2.749489 -0.193576238689 -0.351616134883 0.500008510619 -0.246000918698 -4.41775192478e-06 -0.105281399832 -0.0924604193477
17.5 100 26 2.484977 -0.19403370368 -0.350838242198 0.500008420068 -0.246000882394 -4.63126183019e-06 -0.105281393724 -0.0925341856445
17.6 100 25 2.473074 -0.194487221169 -0.350062972101 0.500008325296 -0.246000829059 -4.82309490787e-06 -0.105281377865 -0.0926065228336
17.7 100 25 2.458426 -0.194936921803 -0.349290369021 0.500008227503 -0.246000746366 -4.95531947653e-06 -0.105281351231 -0.0926773019884
17.8 100 25 2.861895 -0.19538293862 -0.34852046557 0.500008127208 -0.246000643422 -5.0621317591e-06 -0.10528131546 -0.0927464078168
17.9 100 25 2.461234 -0.195825405137 -0.347753283902 0.500008025166 -0.246000519866 -5.13205696114e-06 -0.105281270901 -0.0928137417706
18 100 25 2.452054 -0.19626445785 -0.346988834141 0.500007921996 -0.246000379897 -5.1718292786e-06 -0.105281218416 -0.0928792157031
18.1 100 25 2.31197 -0.196700229421 -0.346227116318 0.500007818375 -0.246000222982 -5.17802279373e-06 -0.105281158278 -0.0929427605128
18.2 100 25 2.449071 -0.197132855289 -0.345468119913 0.500007714961 -0.246000050273 -5.15302875817e-06 -0.105281090352 -0.0930043223058
18.3 100 25 2.610654 -0.19756246482 -0.344711823308 0.500007612152 -0.245999866495 -5.10901446333e-06 -0.10528101706 -0.0930638610665
18.4 100 26 2.503545 -0.197989182533 -0.343958192988 0.500007510835 -0.245999671839 -5.02185149065e-06 -0.105280938477 -0.0931213534763
18.5 100 26 2.684468 -0.198413135286 -0.34320718887 0.50000741135 -0.245999464938 -4.91933440288e-06 -0.105280853364 -0.0931767917386
18.6 100 26 2.849106 -0.19883443235 -0.342458763508 0.500007314083 -0.245999255185 -4.79767398883e-06 -0.105280766705 -0.0932301865484
18.7 100 27 2.473487 -0.199253194928 -0.341712850816 0.500007219495 -0.245999038244 -4.6546555429e-06 -0.10528067274 -0.0932815579205
18.8 100 26 2.693826 -0.199669521515 -0.34096938658 0.500007127961 -0.245998833224 -4.4945044899e-06 -0.105280583493 -0.0933309509943
18.9 100 28 3.01274 -0.200083508291 -0.340228298187 0.500007039508 -0.245998609855 -4.33537854055e-06 -0.105280489466 -0.0933784179339
19 100 26 2.579682 -0.20049524269 -0.339489504002 0.50000695484 -0.245998412821 -4.14069193656e-06 -0.105280401298 -0.0934240231207
19.1 100 26 2.752421 -0.200904802522 -0.338752918322 0.500006873767 -0.245998200619 -3.95731879986e-06 -0.105280310013 -0.0934678451755
19.2 100 26 2.743416 -0.201312257555 -0.338018450551 0.500006796423 -0.245998010707 -3.76795843143e-06 -0.105280223421 -0.0935099795903
19.3 100 26 2.68777 -0.201717668462 -0.337286008566 0.500006723062 -0.245997813584 -3.56798433377e-06 -0.105280135681 -0.0935505246624
19.4 100 26 2.821347 -0.202121085903 -0.336555492441 0.500006653651 -0.245997631786 -3.37152653926e-06 -0.105280052814 -0.0935895975184
19.5 100 26 2.752608 -0.202522548495 -0.335826807572 0.500006588354 -0.245997459806 -3.16756065944e-06 -0.105279973521 -0.093627320131
19.6 100 26 2.929221 -0.202922088697 -0.335099853841 0.500006526436 -0.245997293794 -3.00278622343e-06 -0.105279896638 -0.0936638149324
19.7 100 26 2.797653 -0.203319722958 -0.334374536926 0.500006468135 -0.245997167136 -2.82499766008e-06 -0.105279831599 -0.0936992187909
19.8 100 26 2.571677 -0.203715469158 -0.333650756589 0.500006413523 -0.245997052247 -2.64518570224e-06 -0.105279769371 -0.0937336692997
19.9 100 26 2.600937 -0.204109321292 -0.332928415354 0.500006362217 -0.245996947678 -2.48652748268e-06 -0.105279714425 -0.0937673115554
20 100 26 2.499811 -0.20450127908 -0.332207430686 0.500006313981 -0.245996857722 -2.3395303362e-06 -0.105279663756 -0.0938002880217
20.1 100 27 2.619475 -0.204891324231 -0.331487709881 0.500006268508 -0.245996790621 -2.20940964041e-06 -0.10527962316 -0.0938327447193
20.2 100 26 2.613941 -0.205279429812 -0.330769171425 0.500006225455 -0.245996745802 -2.09687509842e-06 -0.105279592099 -0.0938648239822
20.3 100 27 2.845587 -0.20566555972 -0.33005173036 0.500006184674 -0.24599671307 -1.99228550557e-06 -0.105279566334 -0.0938966683531
20.4 100 27 2.83882 -0.206049683605 -0.329335329927 0.500006145595 -0.245996702045 -1.91578829747e-06 -0.105279548331 -0.0939284173957
20.5 100 27 2.874705 -0.206431755331 -0.328619898477 0.50000610794 -0.245996708754 -1.8548498838e-06 -0.10527953875 -0.0939602056086
20.6 100 27 2.810373 -0.20681172005 -0.327905379738 0.500006071355 -0.245996732938 -1.81152699523e-06 -0.105279538847 -0.093992161041
20.7 100 27 2.832254 -0.207189515477 -0.32719172806 0.500006035396 -0.245996774999 -1.79080146123e-06 -0.105279546522 -0.0940244053373
20.8 100 27 2.770329 -0.207565101928 -0.3264788898 0.500005999604 -0.245996831542 -1.79369218648e-06 -0.10527955421 -0.0940570510005
20.9 100 28 2.854894 -0.207938400895 -0.325766840247 0.50000596356 -0.245996908894 -1.81686260253e-06 -0.105279581698 -0.0940902056824
21 100 27 2.571366 -0.208309349122 -0.325055561324 0.5000059269 -0.245996993263 -1.85862878644e-06 -0.105279611727 -0.0941239619135
21.1 100 28 2.702124 -0.208677878968 -0.324345027287 0.500005889148 -0.245997101679 -1.92341423502e-06 -0.105279648756 -0.0941584074779
21.2 100 27 2.681407 -0.209043927698 -0.323635238229 0.500005849903 -0.245997210565 -2.00863896892e-06 -0.105279689609 -0.0941936170347
21.3 100 28 2.632752 -0.209407425001 -0.322926189183 0.500005808753 -0.245997342606 -2.1140293513e-06 -0.105279739346 -0.0942296513321
21.4 100 29 2.482904 -0.209768308836 -0.32221789621 0.500005765202 -0.245997486019 -2.2424832076e-06 -0.105279794638 -0.09426656394
21.5 100 28 2.813232 -0.21012651144 -0.321510373423 0.500005719027 -0.245997638107 -2.38269469362e-06 -0.105279854619 -0.0943043940832
21.6 100 27 2.749495 -0.210481978246 -0.320803648255 0.500005669896 -0.245997830618 -2.53557486449e-06 -0.105279923952 -0.0943431684463
21.7 100 28 2.690606 -0.210834644709 -0.320097748326 0.500005617605 -0.245997965768 -2.70236751668e-06 -0.105279987983 -0.0943829027197
21.8 100 29 2.985644 -0.211184457195 -0.31939271226 0.500005561213 -0.245998093885 -2.91786266941e-06 -0.105280052262 -0.0944235994081
21.9 100 28 2.787866 -0.211531371925 -0.318688602433 0.500005501207 -0.245998327761 -3.09933581005e-06 -0.105280142612 -0.094465246402
22 100 28 2.799152 -0.211875349439 -0.31798546171 0.500005437176 -0.245998505928 -3.3057346563e-06 -0.105280221358 -0.0945078286275
22.1 100 23 2.686864 -0.212216342313 -0.317283354919 0.500005367892 -0.245998713269 -3.56984950473e-06 -0.105280310877 -0.0945513114014
22.2 100 31 2.91852 -0.212554326055 -0.316582338539 0.500005294435 -0.24599888802 -3.7825146408e-06 -0.105280389625 -0.0945956503893
22.3 100 23 2.400912 -0.212889275402 -0.315882479766 0.50000521661 -0.245999063555 -4.00314199846e-06 -0.105280471069 -0.0946407927558
22.4 100 27 2.820296 -0.213221173246 -0.315183850559 0.500005134336 -0.24599923784 -4.22553446549e-06 -0.105280553522 -0.0946866762251
22.5 100 25 2.784421 -0.213550011029 -0.314486520765 0.500005047656 -0.245999400767 -4.44586102912e-06 -0.105280633005 -0.0947332309269
22.6 100 26 2.806305 -0.213875783982 -0.313790569521 0.500004956508 -0.245999554052 -4.66759128414e-06 -0.105280710184 -0.0947803757451
22.7 100 26 2.678093 -0.214198500219 -0.313096070208 0.500004861088 -0.245999689958 -4.88049936826e-06 -0.105280782911 -0.0948280255159
22.8 100 24 2.718992 -0.214518174196 -0.312403093086 0.50000476134 -0.245999824329 -5.09513571856e-06 -0.10528085482 -0.0948760891654
22.9 100 25 2.777093 -0.214834820653 -0.31171172111 0.500004657412 -0.245999911574 -5.3037235988e-06 -0.10528092072 -0.0949244695824
23 100 24 2.657928 -0.215148474632 -0.311022024398 0.50000454957 -0.246000026039 -5.49539434206e-06 -0.105280985657 -0.0949730630716
23.1 100 26 2.72017 -0.215459165437 -0.310334076066 0.500004437545 -0.246000123788 -5.7012732062e-06 -0.105281047704 -0.0950217642136
23.2 100 26 2.837787 -0.215766942573 -0.309647939188 0.500004321499 -0.24600018419 -5.89979234834e-06 -0.105281097358 -0.095070470183
23.3 100 26 2.677816 -0.216071846583 -0.308963682835 0.500004201819 -0.246000272222 -6.07457461769e-06 -0.105281156925 -0.0951190729208
23.4 100 26 2.611038 -0.216373940512 -0.308281370724 0.500004078444 -0.246000312694 -6.25482674673e-06 -0.105281203062 -0.0951674658729
23.5 100 24 2.664576 -0.216673279761 -0.307601059318 0.500003951659 -0.246000360418 -6.41921073662e-06 -0.105281250863 -0.0952155406154
23.6 100 24 2.749381 -0.216969930069 -0.306922798761 0.500003821713 -0.246000389849 -6.57059075998e-06 -0.105281290646 -0.0952631971024
23.7 100 23 2.560406 -0.217263967138 -0.306246634485 0.500003688829 -0.246000398246 -6.71181263459e-06 -0.105281322928 -0.0953103310823
23.8 100 25 2.71247 -0.217555456559 -0.305572603638 0.500003553327 -0.246000408402 -6.83481754055e-06 -0.105281356617 -0.095356850152
23.9 100 24 2.741083 -0.21784448893 -0.304900736839 0.500003415378 -0.246000403912 -6.95020574472e-06 -0.105281383216 -0.0954026570222
24 100 24 2.848359 -0.218131128025 -0.304231073886 0.500003275439 -0.246000388603 -7.04144114503e-06 -0.105281416591 -0.0954476724743
24.1 100 26 2.924489 -0.218415465893 -0.303563630848 0.5000031337 -0.24600035944 -7.12377285868e-06 -0.105281433582 -0.0954918115871
24.2 100 27 3.119062 -0.218697588458 -0.302898417266 0.500002990571 -0.246000324133 -7.18590854165e-06 -0.105281447128 -0.0955350049257
24.3 100 25 2.389872 -0.218977572967 -0.302235438884 0.500002846342 -0.246000282815 -7.23497801933e-06 -0.10528145837 -0.0955771913729
24.4 100 29 2.477005 -0.219255510887 -0.301574697787 0.50000270123 -0.246000232862 -7.27058753618e-06 -0.105281464438 -0.0956183129679
24.5 100 26 2.587367 -0.219531482289 -0.300916183276 0.500002555631 -0.246000171516 -7.28747817063e-06 -0.105281467159 -0.0956583224928
24.6 100 27 2.535315 -0.21980557049 -0.300259883171 0.500002409856 -0.246000100575 -7.29010453174e-06 -0.105281465242 -0.0956971816996
24.7 100 25 3.011717 -0.220077851572 -0.299605774515 0.50000226409 -0.246000025435 -7.28376418698e-06 -0.10528146082 -0.0957348617762
24.8 100 24 2.581984 -0.220348410938 -0.298953830507 0.500002118542 -0.245999948173 -7.26607869009e-06 -0.105281452963 -0.0957713435743
24.9 100 26 3.032347 -0.220617318611 -0.298304019305 0.500001973477 -0.245999866647 -7.23845455124e-06 -0.105281443874 -0.0958066216621
25 100 26 2.600167 -0.22088464652 -0.297656298963 0.500001829139 -0.245999774208 -7.19685375755e-06 -0.105281430367 -0.0958406950242
25.1 100 25 2.761594 -0.221150459221 -0.297010624087 0.500001685565 -0.24599968572 -7.15712848602e-06 -0.105281416855 -0.0958735706806
25.2 100 23 2.978701 -0.221414819622 -0.296366949858 0.500001542904 -0.245999600768 -7.10890317693e-06 -0.105281404441 -0.0959052729308
25.3 100 25 2.698572 -0.221677782441 -0.29572522091 0.500001401264 -0.245999513547 -7.05681980459e-06 -0.105281388867 -0.0959358210238
25.4 100 24 2.496783 -0.221939398512 -0.295085378123 0.500001260649 -0.245999430917 -7.00412558267e-06 -0.1052813734 -0.0959652559201
25.5 100 27 2.643719 -0.222199715888 -0.294447367921 0.500001121159 -0.245999349989 -6.94853273075e-06 -0.105281357396 -0.0959936216368
25.6 100 25 2.768281 -0.222458769067 -0.293811122349 0.500000982737 -0.245999276032 -6.89639088423e-06 -0.105281343626 -0.0960209758496
25.7 100 26 2.7638 -0.222716589719 -0.293176579337 0.500000845305 -0.24599920788 -6.84888398144e-06 -0.105281329992 -0.0960473727904
25.8 100 27 3.101434 -0.22297320702 -0.29254367293 0.500000708781 -0.245999146388 -6.80640012435e-06 -0.105281317713 -0.096072881155
25.9 100 25 2.982205 -0.223228638608 -0.291912338233 0.500000573046 -0.245999092404 -6.76949870503e-06 -0.105281307075 -0.0960975715631
26 100 26 3.101708 -0.223482898058 -0.291282509379 0.500000437932 -0.245999049936 -6.74283631293e-06 -0.10528129907 -0.0961215180792
26.1 100 30 2.659824 -0.22373599271 -0.290654121809 0.500000303188 -0.245999011131 -6.72898893517e-06 -0.105281290655 -0.0961448047692
26.2 100 25 2.960998 -0.223987922857 -0.290027109831 0.50000016863 -0.245998983111 -6.72645636547e-06 -0.105281285221 -0.0961675144105
26.3 100 24 2.640653 -0.224238681255 -0.289401414465 0.500000034072 -0.245998967824 -6.73187631881e-06 -0.105281283651 -0.0961897331223
26.4 100 24 2.757572 -0.224488257719 -0.288776973712 0.49999989919 -0.245998962077 -6.75555351536e-06 -0.105281283742 -0.0962115499059
26.5 100 24 2.605847 -0.224736634986 -0.288153731457 0.499999763715 -0.245998966416 -6.79250179823e-06 -0.105281286389 -0.09623305183
26.6 100 24 2.639261 -0.224983791871 -0.287531637486 0.499999627338 -0.245998983732 -6.84459894777e-06 -0.105281292789 -0.0962543327919
26.7 100 26 2.93237 -0.225229702175 -0.286910641482 0.499999489725 -0.245999015288 -6.91389978754e-06 -0.10528130281 -0.0962754749034
26.8 100 24 2.680748 -0.225474331506 -0.286290697949 0.499999350546 -0.245999061244 -6.99944351437e-06 -0.105281317006 -0.096296570063
26.9 100 26 3.077997 -0.225717648995 -0.285671768079 0.499999209507 -0.245999118439 -7.09956732608e-06 -0.105281334281 -0.0963177014337
27 100 24 2.832899 -0.225959615612 -0.285053818183 0.499999066297 -0.245999192446 -7.21428761558e-06 -0.105281356456 -0.0963389510418
27.1 100 29 2.92859 -0.226200191077 -0.284436817585 0.499998920634 -0.245999277697 -7.34426998832e-06 -0.105281381541 -0.0963603924921
27.2 100 31 2.705804 -0.22643933154 -0.283820744611 0.499998772188 -0.245999376748 -7.48952973762e-06 -0.105281410757 -0.0963821010332
27.3 100 27 2.89777 -0.226676990823 -0.28320557877 0.49999862069 -0.245999489758 -7.64664158287e-06 -0.105281444182 -0.0964041426008
27.4 100 26 2.815233 -0.226913126937 -0.282591310427 0.499998466041 -0.245999614507 -7.8091634831e-06 -0.105281481117 -0.0964265820944
27.5 100 25 3.041673 -0.227147691586 -0.28197793003 0.499998308015 -0.24599975205 -7.98194481819e-06 -0.105281521536 -0.0964494754257
27.6 100 26 2.779701 -0.227380639952 -0.281365440958 0.499998146372 -0.245999898352 -8.16525591412e-06 -0.10528156431 -0.0964728656966
27.7 100 27 2.974631 -0.227611925301 -0.280753845943 0.499997981016 -0.246000056083 -8.35390776098e-06 -0.105281610146 -0.0964967963587
27.8 100 27 2.915146 -0.227841505188 -0.280143156899 0.499997811927 -0.246000223316 -8.54158917678e-06 -0.105281659034 -0.0965213035448
27.9 100 26 2.967185 -0.228069336661 -0.279533389206 0.499997639024 -0.246000400352 -8.73254690542e-06 -0.1052817102 -0.0965464100882
28 100 24 2.971359 -0.228295379939 -0.278924564424 0.499997462278 -0.246000580438 -8.92345472273e-06 -0.105281761735 -0.0965721375331
28.1 100 25 2.776105 -0.228519595237 -0.2783167076 0.49999728177 -0.24600076606 -9.10911326193e-06 -0.10528181463 -0.0965984925865
28.2 100 33 2.696228 -0.228741952226 -0.277709850654 0.499997097608 -0.246000953421 -9.28863356046e-06 -0.105281866889 -0.0966254859955
28.3 100 25 2.614993 -0.228962418213 -0.277104028366 0.499996909941 -0.246001142434 -9.46046952505e-06 -0.105281919081 -0.0966531065111
28.4 100 25 2.555122 -0.229180967169 -0.276499278884 0.499996718924 -0.246001335404 -9.62237894904e-06 -0.105281971859 -0.0966813421662
28.5 100 30 2.700227 -0.229397579582 -0.275895644762 0.499996524809 -0.246001521545 -9.77148518187e-06 -0.105282021625 -0.0967101806097
28.6 100 25 2.61954 -0.229612235784 -0.275293168677 0.499996327808 -0.246001704674 -9.90906019508e-06 -0.105282069098 -0.0967395847887
28.7 100 30 2.755209 -0.229824924359 -0.274691900236 0.499996128221 -0.246001885035 -1.00302549219e-05 -0.105282114884 -0.09676952693
28.8 100 25 2.660396 -0.230035635782 -0.274091887084 0.499995926374 -0.246002055873 -1.01348666135e-05 -0.105282156492 -0.0967999652935
28.9 100 25 3.280341 -0.230244370871 -0.273493178619 0.499995722696 -0.246002217571 -1.02177175937e-05 -0.105282194269 -0.0968308564491
29 100 30 2.75239 -0.230451132122 -0.272895827138 0.499995517539 -0.246002367984 -1.02809044738e-05 -0.105282227488 -0.0968621499622
29.1 100 27 2.943252 -0.230655925532 -0.272299881996 0.499995311316 -0.246002508928 -1.03254384132e-05 -0.105282256469 -0.0968937857501
29.2 100 28 2.944578 -0.2308587674 -0.271705395665 0.499995104424 -0.246002639012 -1.0347947105e-05 -0.105282280726 -0.096925706372
29.3 100 28 2.94463 -0.231059673138 -0.27111241596 0.49999489726 -0.24600275366 -1.03512210613e-05 -0.105282298919 -0.0969578507318
29.4 100 25 3.145962 -0.231258670219 -0.270520993477 0.499994690277 -0.246002851376 -1.03321488763e-05 -0.105282310656 -0.0969901497414
29.5 100 30 2.65662 -0.231455785866 -0.269931174143 0.499994483905 -0.246002937058 -1.02896324076e-05 -0.105282317786 -0.0970225354831
29.6 100 31 2.611415 -0.231651053603 -0.269343002773 0.499994278589 -0.24600300975 -1.0226811963e-05 -0.105282319983 -0.0970549383546
29.7 100 29 2.933225 -0.231844508862 -0.268756518289 0.499994074735 -0.246003064591 -1.01432816909e-05 -0.105282316012 -0.0970872864976
29.8 100 28 3.002281 -0.232036196262 -0.268171764496 0.499993872807 -0.246003100562 -1.00368461064e-05 -0.105282304741 -0.0971195093711
29.9 100 28 2.657105 -0.232226158543 -0.267588770556 0.499993673256 -0.246003122069 -9.90964728036e-06 -0.105282288149 -0.0971515360326
30 100 28 2.882591 -0.232414444637 -0.267007571934 0.499993476406 -0.246003126784 -9.7641891564e-06 -0.105282266059 -0.0971833008432
30.1 100 28 2.971912 -0.232601106915 -0.266428192497 0.499993282639 -0.246003112122 -9.60155050259e-06 -0.105282236812 -0.0972147338263
30.2 100 27 2.829576 -0.23278620061 -0.265850657519 0.499993092293 -0.246003084776 -9.42195693546e-06 -0.105282203883 -0.097245772447
30.3 100 29 2.654756 -0.232969779069 -0.265274980978 0.499992905746 -0.246003043582 -9.22560590162e-06 -0.105282165727 -0.0972763530904
30.4 100 28 3.317715 -0.23315189898 -0.264701177931 0.499992723218 -0.24600298938 -9.01764498796e-06 -0.105282123744 -0.0973064179073
30.5 100 26 2.827154 -0.233332623414 -0.264129258168 0.499992545026 -0.246002915099 -8.79530043355e-06 -0.105282075107 -0.0973359158872
30.6 100 26 2.628339 -0.233512006791 -0.263559223833 0.49999237141 -0.246002833762 -8.56225904116e-06 -0.10528202481 -0.0973647933695
30.7 100 28 2.587275 -0.233690110532 -0.26299107174 0.499992202486 -0.246002744548 -8.32364057668e-06 -0.105281972148 -0.0973930116853
30.8 100 30 2.748343 -0.233866992712 -0.262424797603 0.499992038428 -0.246002645267 -8.07780791257e-06 -0.105281916563 -0.097420532504
30.9 100 28 3.10864 -0.234042708078 -0.261860387408 0.499991879303 -0.246002534119 -7.82912488924e-06 -0.105281858406 -0.0974473193394
31 100 27 2.900518 -0.234217319323 -0.261297828016 0.499991725228 -0.246002414412 -7.57495971994e-06 -0.105281798059 -0.0974733499241
31.1 100 31 3.271644 -0.234390874646 -0.260737099089 0.499991576219 -0.246002295002 -7.32254083823e-06 -0.105281738797 -0.0974986032849
31.2 100 29 2.868135 -0.234563431515 -0.260178173102 0.499991432232 -0.246002170671 -7.07097402895e-06 -0.105281679064 -0.097523065422
31.3 100 31 2.905996 -0.234735035366 -0.259621021562 0.499991293282 -0.246002045152 -6.82237462992e-06 -0.10528162035 -0.0975467285094
31.4 100 30 3.163241 -0.234905734163 -0.259065611365 0.499991159261 -0.246001919069 -6.57874374843e-06 -0.105281562974 -0.0975695923208
31.5 100 35 3.719771 -0.23507557106 -0.258511908042 0.499991030075 -0.246001790398 -6.34034273693e-06 -0.105281505524 -0.0975916630557
31.6 100 35 3.45836 -0.235244586936 -0.257959871642 0.499990905604 -0.246001669088 -6.1104101493e-06 -0.105281452431 -0.0976129519932
31.7 100 33 3.13818 -0.235412813535 -0.257409460551 0.499990785594 -0.24600155312 -5.89228281864e-06 -0.105281402496 -0.0976334791976
31.8 100 37 3.594452 -0.235580284443 -0.25686063071 0.499990669836 -0.246001441954 -5.68454070974e-06 -0.105281355906 -0.0976532677429
31.9 100 29 2.970133 -0.23574702633 -0.256313336548 0.499990558098 -0.246001341749 -5.49045065432e-06 -0.105281314897 -0.0976723464823
32 100 31 2.775684 -0.235913060974 -0.255767530826 0.499990450142 -0.246001247351 -5.30734345225e-06 -0.105281277191 -0.0976907518242
32.1 100 34 2.907968 -0.236078407191 -0.255223165834 0.499990345712 -0.246001162257 -5.13811160007e-06 -0.10528124449 -0.0977085236286
32.2 100 32 3.482304 -0.236243077225 -0.254680193277 0.499990244604 -0.246001088235 -4.97917370579e-06 -0.105281217622 -0.0977257047743
32.3 100 28 3.037835 -0.236407080869 -0.254138565113 0.499990146394 -0.246001018789 -4.8423698858e-06 -0.105281192565 -0.0977423457379
32.4 100 27 3.183726 -0.23657042217 -0.253598233004 0.499990050807 -0.246000969857 -4.71971677175e-06 -0.105281177723 -0.0977584951883
32.5 100 31 2.776251 -0.236733099555 -0.253059149365 0.499989957565 -0.246000937401 -4.61095967914e-06 -0.105281170387 -0.0977742090701
32.6 100 27 3.025081 -0.236895108593 -0.252521269699 0.499989866276 -0.246000921509 -4.52139259698e-06 -0.105281170215 -0.0977895472397
32.7 100 29 3.133406 -0.237056440613 -0.251984548701 0.499989776639 -0.246000917065 -4.4465080185e-06 -0.105281176103 -0.097804565167
32.8 100 29 3.166204 -0.237217083018 -0.251448946017 0.499989688372 -0.246000931393 -4.38560880424e-06 -0.105281188943 -0.0978193258408
32.9 100 28 3.389537 -0.237377017667 -0.250914421071 0.499989601183 -0.246000961457 -4.33964598124e-06 -0.105281209665 -0.0978338891216
33 100 30 2.936404 -0.237536226158 -0.250380939089 0.499989514759 -0.24600100356 -4.30805238706e-06 -0.105281235953 -0.097848315264
33.1 100 30 3.329183 -0.237694687121 -0.2498484652 0.49998942883 -0.246001069583 -4.2908557344e-06 -0.105281272701 -0.0978626661943
33.2 100 28 3.488128 -0.23785236857 -0.249316972593 0.499989343151 -0.246001149 -4.28418452678e-06 -0.105281315355 -0.0978770002629
33.3 100 29 3.133822 -0.238009247037 -0.248786433217 0.499989257473 -0.246001242913 -4.29052392973e-06 -0.105281364447 -0.0978913768549
33.4 100 27 3.17395 -0.238165289882 -0.248256824203 0.499989171496 -0.2460013541 -4.31187682336e-06 -0.105281421107 -0.0979058517239
33.5 100 27 2.939064 -0.238320467099 -0.247728128777 0.499989085076 -0.246001479971 -4.3389060209e-06 -0.105281483829 -0.0979204781671
33.6 100 30 3.488713 -0.238474742508 -0.247200334617 0.499988998 -0.246001621618 -4.3769462749e-06 -0.10528155375 -0.0979353041943
33.7 100 27 3.089391 -0.238628085913 -0.246673429086 0.499988910042 -0.246001770392 -4.42540276518e-06 -0.105281627589 -0.0979503790673
33.8 100 27 3.104908 -0.238780461144 -0.246147406948 0.499988821068 -0.24600193649 -4.47972839905e-06 -0.10528170887 -0.0979657439867
33.9 100 31 3.0795 -0.238931833989 -0.245622268332 0.499988730994 -0.246002115439 -4.53810887304e-06 -0.105281795545 -0.0979814393167
34 100 27 3.121981 -0.239082170744 -0.245098015946 0.499988639679 -0.246002303037 -4.60215492349e-06 -0.105281886172 -0.0979974974922
34.1 100 39 3.784578 -0.239231437541 -0.244574657387 0.499988547012 -0.246002498573 -4.67188519482e-06 -0.105281980319 -0.098013945931
34.2 100 33 3.170384 -0.23937960421 -0.244052203421 0.499988452896 -0.246002703208 -4.7470724797e-06 -0.105282078825 -0.0980308089969
34.3 100 34 3.97004 -0.239526640324 -0.243530667571 0.499988357236 -0.246002907355 -4.82410317306e-06 -0.105282177425 -0.0980481051463
34.4 100 28 2.844509 -0.239672516486 -0.24301006968 0.499988260057 -0.246003115669 -4.90183387276e-06 -0.105282278033 -0.0980658464821
34.5 100 28 2.796743 -0.23981720836 -0.242490430493 0.499988161332 -0.246003321819 -4.97721684837e-06 -0.105282377064 -0.0980840420185
34.6 100 34 2.863119 -0.239960693858 -0.241971776495 0.499988061127 -0.246003523725 -5.05038174772e-06 -0.105282475056 -0.0981026937845
34.7 100 30 3.111548 -0.240102951475 -0.24145413382 0.499987959508 -0.246003721178 -5.11931507838e-06 -0.105282571287 -0.0981217973487
34.8 100 28 2.959849 -0.240243966538 -0.240937534895 0.499987856463 -0.246003912135 -5.18896771954e-06 -0.105282664649 -0.0981413453925
34.9 100 30 3.451846 -0.240383724416 -0.240422010838 0.499987752118 -0.246004098995 -5.25188031656e-06 -0.10528275619 -0.098161322189
35 100 34 2.873717 -0.24052221629 -0.239907595907 0.499987646561 -0.246004275839 -5.30881724591e-06 -0.105282843237 -0.0981817097276
35.1 100 29 2.93709 -0.240659434669 -0.239394324962 0.49998753995 -0.246004444909 -5.35935414948e-06 -0.105282926966 -0.0982024843608
35.2 100 25 2.918654 -0.240795379651 -0.238882234913 0.499987432403 -0.246004604236 -5.40228503612e-06 -0.105283006165 -0.0982236180626
35.3 100 28 2.980472 -0.2409300522 -0.238371362328 0.499987324077 -0.246004748065 -5.43785680278e-06 -0.105283078753 -0.0982450774994
35.4 100 31 3.119518 -0.241063458094 -0.237861744651 0.499987215097 -0.246004878019 -5.4666295352e-06 -0.105283144911 -0.0982668270471
35.5 100 33 3.016255 -0.241195606693 -0.237353418487 0.499987105613 -0.246004996429 -5.48777885629e-06 -0.105283205488 -0.0982888286362
35.6 100 26 3.091768 -0.241326512321 -0.236846420468 0.499986995815 -0.246005091934 -5.49927834966e-06 -0.105283256008 -0.0983110370818
35.7 100 30 3.050543 -0.241456192361 -0.236340786346 0.499986885838 -0.246005172133 -5.50411136443e-06 -0.105283299279 -0.098333408935
35.8 100 26 2.921948 -0.241584667458 -0.2358365492 0.499986775855 -0.246005233081 -5.49984191045e-06 -0.105283333746 -0.098355896548
35.9 100 31 3.621097 -0.241711961534 -0.235333741609 0.499986666026 -0.246005275214 -5.48748885032e-06 -0.105283359452 -0.0983784498302
36 100 29 3.248258 -0.2418381029 -0.234832394685 0.499986556465 -0.24600529652 -5.46837890995e-06 -0.105283375354 -0.0984010232679
36.1 100 30 3.100532 -0.241963123356 -0.234332534947 0.499986447496 -0.246005295375 -5.43553537853e-06 -0.105283380823 -0.0984235597268
36.2 100 32 3.398648 -0.242087053903 -0.23383418906 0.499986339234 -0.246005277459 -5.3965327708e-06 -0.105283378145 -0.0984460118623
36.3 100 29 3.520348 -0.242209931575 -0.233337380181 0.49998623183 -0.246005238984 -5.34908166178e-06 -0.105283365675 -0.0984683302182
36.4 100 32 3.322056 -0.242331795836 -0.232842124694 0.499986125434 -0.246005180806 -5.29408321836e-06 -0.105283343537 -0.0984904636852
36.5 100 31 3.303276 -0.242452687068 -0.232348437903 0.499986020236 -0.246005102666 -5.23052326159e-06 -0.105283311808 -0.0985123659161
36.6 100 30 2.978983 -0.242572644759 -0.231856334332 0.499985916428 -0.246005009681 -5.15811189013e-06 -0.105283272729 -0.0985339898376
36.7 100 34 2.931806 -0.242691714356 -0.231365822229 0.499985814163 -0.246004897054 -5.0762048621e-06 -0.105283223757 -0.0985552930209
36.8 100 34 3.568487 -0.242809938139 -0.230876908096 0.499985713636 -0.246004764181 -4.98549593766e-06 -0.105283165092 -0.0985762310109
36.9 100 30 3.052608 -0.242927359747 -0.230389591476 0.49998561496 -0.246004613624 -4.88932741494e-06 -0.105283097688 -0.0985967699667
37 100 30 3.059935 -0.243044022806 -0.229903869803 0.499985518332 -0.246004445779 -4.78446812551e-06 -0.105283020747 -0.0986168711157
37.1 100 34 2.913692 -0.243159971532 -0.229419739099 0.499985423831 -0.246004264123 -4.67421632649e-06 -0.105282936983 -0.0986365036369
37.2 100 30 3.636197 -0.243275248411 -0.228937190578 0.499985331634 -0.246004072619 -4.55627298061e-06 -0.105282847386 -0.0986556402566
37.3 100 28 3.403695 -0.243389895217 -0.228456208187 0.499985241835 -0.246003867243 -4.43271573317e-06 -0.105282750332 -0.0986742596762
37.4 100 29 3.523176 -0.243503954472 -0.227976776387 0.499985154574 -0.246003650646 -4.30358021579e-06 -0.105282647187 -0.0986923427206
37.5 100 28 3.096048 -0.243617463571 -0.227498876112 0.499985069955 -0.246003422855 -4.16872066106e-06 -0.105282537792 -0.0987098778557
37.6 100 27 2.934044 -0.243730460471 -0.227022483109 0.499984988027 -0.246003189618 -4.03249552616e-06 -0.105282424889 -0.0987268477363
37.7 100 29 3.105675 -0.243842977976 -0.226547571873 0.499984908897 -0.246002951519 -3.89007669552e-06 -0.10528230839 -0.0987432499891
37.8 100 30 3.521283 -0.243955049581 -0.226074116744 0.499984832734 -0.246002708553 -3.73923233363e-06 -0.105282188252 -0.0987590863561
37.9 100 31 3.522595 -0.24406670285 -0.225602085059 0.499984759568 -0.246002460041 -3.58689892204e-06 -0.105282064093 -0.0987743630374
38 100 30 3.183718 -0.244177967892 -0.225131443725 0.499984689574 -0.246002211566 -3.42646533244e-06 -0.10528193932 -0.09878908104
38.1 100 30 3.200047 -0.244288862974 -0.224662157775 0.499984622815 -0.246001962693 -3.26199140185e-06 -0.10528181292 -0.0988032647075
38.2 100 28 3.136637 -0.244399410155 -0.224194194914 0.499984559435 -0.246001715881 -3.09018304741e-06 -0.105281686099 -0.0988169212163
38.3 100 30 3.067416 -0.24450962643 -0.223727516621 0.499984499497 -0.2460014697 -2.91667944516e-06 -0.105281558737 -0.0988300778751
38.4 100 30 3.135167 -0.244619523691 -0.223262085802 0.499984443097 -0.246001229576 -2.73689469798e-06 -0.105281432787 -0.0988427582083
38.5 100 30 3.148095 -0.244729112122 -0.222797863713 0.49998439038 -0.24600099538 -2.5506965216e-06 -0.10528130825 -0.0988549918857
38.6 100 30 3.085801 -0.244838397982 -0.222334812396 0.499984341381 -0.246000769433 -2.36189249501e-06 -0.105281186269 -0.0988668098649
38.7 100 29 3.154426 -0.244947382283 -0.221872896622 0.499984296201 -0.246000551387 -2.16785883693e-06 -0.105281066792 -0.0988782474133
38.8 100 29 3.262388 -0.245056063563 -0.221412080295 0.499984255013 -0.246000345209 -1.96492276489e-06 -0.1052809512 -0.0988893421634
38.9 100 28 3.240771 -0.24516444015 -0.220952326855 0.49998421789 -0.246000147563 -1.75863442739e-06 -0.105280838658 -0.0989001342325
39 100 29 2.744302 -0.245272501959 -0.220493600634 0.499984184908 -0.245999962392 -1.54868392912e-06 -0.105280730872 -0.0989106639606
39.1 100 30 3.025032 -0.245380238881 -0.220035870686 0.499984156244 -0.245999788513 -1.32862429777e-06 -0.105280627846 -0.0989209765603
39.2 100 29 3.062176 -0.245487637547 -0.219579106567 0.499984132068 -0.245999628046 -1.10086749987e-06 -0.105280529945 -0.0989311133125
39.3 100 29 3.449447 -0.245594682388 -0.219123279035 0.499984112487 -0.245999480312 -8.67171764292e-07 -0.105280437302 -0.0989411203471
39.4 100 30 3.244657 -0.245701354046 -0.218668363321 0.499984097627 -0.245999345886 -6.25636688144e-07 -0.105280350249 -0.0989510411692
39.5 100 29 3.56362 -0.245807630049 -0.21821433543 0.499984087667 -0.245999225271 -3.76945016124e-07 -0.105280269119 -0.0989609185925
39.6 100 30 3.391076 -0.245913491696 -0.217761175635 0.499984082667 -0.245999119753 -1.24176505096e-07 -0.105280194407 -0.0989707987005
39.7 100 28 3.133196 -0.246018914873 -0.217308866041 0.499984082917 -0.245999026114 1.42873421441e-07 -0.105280125079 -0.0989807204619
39.8 100 31 2.866171 -0.246123873214 -0.216857391953 0.499984088585 -0.24599895129 4.18588154371e-07 -0.105280064 -0.0989907256352
39.9 100 31 3.356762 -0.246228339957 -0.216406742344 0.499984099889 -0.245998890204 7.05137081624e-07 -0.10528000919 -0.0990008527879
40 100 30 2.904624 -0.246332288954 -0.215956909918 0.499984117066 -0.245998847173 1.00619348555e-06 -0.105279962438 -0.0990111378542
40.1 100 31 3.094391 -0.246435692961 -0.215507889629 0.499984140253 -0.245998812642 1.31054011456e-06 -0.105279920668 -0.0990216139926
40.2 100 33 2.960258 -0.246538525722 -0.215059681045 0.499984169618 -0.245998792026 1.62511999654e-06 -0.105279885446 -0.0990323120875
40.3 100 29 3.205625 -0.246640758506 -0.214612284179 0.499984205388 -0.245998782914 1.95102842965e-06 -0.105279856468 -0.0990432598362
40.4 100 35 3.005312 -0.246742368388 -0.214165707144 0.49998424777 -0.245998784667 2.28752419119e-06 -0.105279833251 -0.0990544818087
40.5 100 29 3.415755 -0.246843325544 -0.213719957991 0.499984296995 -0.245998799989 2.63466067519e-06 -0.105279817228 -0.0990659978508
40.6 100 31 3.453132 -0.246943611797 -0.213275045791 0.499984353149 -0.245998819252 2.98766780538e-06 -0.105279804535 -0.0990778243382
40.7 100 30 2.928309 -0.247043204226 -0.212830986255 0.499984416542 -0.245998846028 3.35420039925e-06 -0.10527979651 -0.0990899747275
40.8 100 31 2.921651 -0.247142082601 -0.212387795321 0.499984487296 -0.245998884185 3.72716676705e-06 -0.105279795412 -0.0991024576862
40.9 100 30 3.340693 -0.247240226922 -0.211945492392 0.499984565654 -0.245998929897 4.11245193541e-06 -0.105279799321 -0.0991152791408
41 100 28 3.076574 -0.247337623932 -0.211504098309 0.499984651809 -0.245998979509 4.50753811947e-06 -0.10527980703 -0.0991284394151
41.1 100 40 3.575569 -0.247434259488 -0.211063635488 0.499984745973 -0.245999035204 4.91138457692e-06 -0.105279819016 -0.0991419356624
41.2 100 32 2.971085 -0.247530122448 -0.210624130368 0.499984848224 -0.245999093219 5.3194170517e-06 -0.105279835118 -0.0991557562296
41.3 100 31 3.562457 -0.247625205386 -0.210185608777 0.499984958777 -0.245999150419 5.73919442395e-06 -0.105279852623 -0.0991698961688
41.4 100 30 3.615554 -0.247719502505 -0.209748097852 0.499985077752 -0.245999212241 6.16453388415e-06 -0.105279873983 -0.0991843381614
41.5 100 32 3.136907 -0.247813015595 -0.209311624869 0.499985205255 -0.245999279703 6.59259313001e-06 -0.10527990052 -0.099199066118
41.6 100 31 3.580764 -0.247905739235 -0.208876218859 0.499985341362 -0.245999334598 7.02475682671e-06 -0.10527992441 -0.0992140539058
41.7 100 31 2.907239 -0.247997686381 -0.208441907552 0.499985486186 -0.245999398746 7.46350111328e-06 -0.105279955105 -0.0992292812205
41.8 100 29 3.500946 -0.248088860826 -0.208008720159 0.499985639864 -0.245999460413 7.90630660962e-06 -0.105279985946 -0.0992447195902
41.9 100 29 3.158523 -0.248179272051 -0.207576683934 0.499985802356 -0.245999514517 8.34822319226e-06 -0.105280016746 -0.0992603388032
42 100 29 3.340191 -0.248268933604 -0.207145825952 0.499985973717 -0.245999567715 8.79141781698e-06 -0.105280049906 -0.0992761061289
42.1 100 29 2.809027 -0.248357862218 -0.206716172698 0.49998615394 -0.245999614156 9.23366136728e-06 -0.105280082633 -0.0992919921531
42.2 100 28 2.907741 -0.248446077379 -0.20628774846 0.499986342985 -0.245999659578 9.67293162573e-06 -0.105280117214 -0.0993079546767
42.3 100 29 3.020435 -0.248533599508 -0.205860575519 0.499986540756 -0.24599970064 1.01070250802e-05 -0.10528015234 -0.0993239610152
42.4 100 28 3.022852 -0.248620453743 -0.205434677407 0.499986747229 -0.245999736203 1.05394292808e-05 -0.105280187363 -0.0993399745613
42.5 100 32 3.264848 -0.24870666579 -0.205010070963 0.499986962258 -0.24599976624 1.0962892332e-05 -0.105280222201 -0.0993559567046
42.6 100 30 3.10888 -0.24879226353 -0.20458677407 0.499987185661 -0.245999793262 1.13769166601e-05 -0.105280257725 -0.0993718687495
42.7 100 30 3.162479 -0.248877276839 -0.204164801431 0.499987417272 -0.245999811902 1.17836570882e-05 -0.105280291746 -0.09938767632
42.8 100 32 3.136687 -0.24896173597 -0.203744164689 0.499987656892 -0.245999821729 1.21780426502e-05 -0.105280324615 -0.0994033402218
42.9 100 29 3.14375 -0.249045675292 -0.203324872767 0.499987904264 -0.245999828767 1.25591696518e-05 -0.105280357655 -0.099418827545
43 100 29 4.282886 -0.249129126556 -0.20290693053 0.499988159223 -0.245999827354 1.29316362333e-05 -0.105280389148 -0.0994341004848
43.1 100 28 3.649861 -0.24921212481 -0.202490342815 0.499988421428 -0.24599982487 1.32861721101e-05 -0.105280421477 -0.0994491275208
43.2 100 28 3.166911 -0.249294704813 -0.202075109852 0.499988690633 -0.245999812581 1.36282322908e-05 -0.105280451377 -0.0994638786143
43.3 100 29 2.851893 -0.249376899691 -0.201661229202 0.499988966498 -0.245999797627 1.39520022627e-05 -0.105280481232 -0.0994783246308
43.4 100 35 2.878707 -0.249458744355 -0.201248695453 0.499989248633 -0.245999777368 1.42566168854e-05 -0.105280510079 -0.0994924428571
43.5 100 32 3.295841 -0.249540272182 -0.200837500851 0.499989536747 -0.245999752563 1.4545747324e-05 -0.105280538355 -0.0995062084667
43.6 100 29 3.163395 -0.249621514939 -0.20042763257 0.49998983043 -0.245999722168 1.48147003412e-05 -0.105280565005 -0.0995196047914
43.7 100 31 3.220033 -0.249702506046 -0.200019077731 0.499990129343 -0.245999690475 1.50648544308e-05 -0.105280592018 -0.0995326090568
43.8 100 29 3.155252 -0.249783274389 -0.199611820323 0.499990433035 -0.245999656878 1.52928754812e-05 -0.105280618848 -0.0995452120434
43.9 100 28 3.392948 -0.249863849692 -0.199205841006 0.499990741051 -0.245999619303 1.54984981206e-05 -0.105280644264 -0.0995574039678
44 100 30 3.42891 -0.249944257674 -0.198801120071 0.49999105293 -0.245999575323 1.56800292927e-05 -0.105280667811 -0.0995691795369
44.1 100 31 3.376391 -0.250024524166 -0.198397632243 0.499991368231 -0.245999533427 1.58396263077e-05 -0.105280692639 -0.0995805322256
44.2 100 30 3.40479 -0.250104671496 -0.197995354578 0.499991686568 -0.245999487451 1.59792211312e-05 -0.105280716087 -0.0995914656555
44.3 100 28 3.231402 -0.250184720329 -0.197594259634 0.499992007396 -0.245999442052 1.60916528989e-05 -0.105280739193 -0.0996019813691
44.4 100 30 2.897144 -0.250264688297 -0.197194319421 0.499992330337 -0.245999398858 1.61843192777e-05 -0.105280763459 -0.0996120878915
44.5 100 35 3.63947 -0.250344589837 -0.196795504856 0.499992654868 -0.245999353507 1.62522794065e-05 -0.10528078659 -0.0996217979715
44.6 100 33 3.27423 -0.25042443929 -0.196397786231 0.499992980516 -0.245999307863 1.6294843399e-05 -0.105280809545 -0.0996311238685
44.7 100 30 3.23245 -0.250504243081 -0.196001136861 0.499993306803 -0.245999257533 1.63167697986e-05 -0.105280830081 -0.0996400847295
44.8 100 31 3.69947 -0.250584011889 -0.19560552362 0.499993633316 -0.245999211639 1.63155064947e-05 -0.105280851661 -0.0996486990714
44.9 100 32 3.546529 -0.250663746201 -0.19521091794 0.499993959386 -0.245999171716 1.62816866908e-05 -0.105280874278 -0.0996569883087
45 100 29 2.915695 -0.250743449601 -0.194817286304 0.499994284638 -0.24599913489 1.62289615058e-05 -0.105280899043 -0.0996649794868
45.1 100 31 3.140517 -0.25082312014 -0.194424599115 0.499994608938 -0.245999076423 1.61708257082e-05 -0.105280913474 -0.0996727011123
45.2 100 31 2.90873 -0.25090275364 -0.194032831218 0.499994931709 -0.245999032535 1.60836983837e-05 -0.105280932574 -0.0996801783422
45.3 100 33 2.912668 -0.250982342902 -0.193641953595 0.499995252549 -0.245998991496 1.59762283626e-05 -0.105280951616 -0.0996874452919
45.4 100 31 3.20445 -0.251061879927 -0.193251940949 0.499995571007 -0.245998951462 1.58464961431e-05 -0.105280970058 -0.099694533877
45.5 100 30 2.94914 -0.251141353803 -0.192862766907 0.499995886534 -0.245998918465 1.56897859653e-05 -0.105280990361 -0.0997014747738
45.6 100 34 3.250536 -0.251220750561 -0.192474409283 0.499996199074 -0.245998871978 1.55314649123e-05 -0.105281003319 -0.0997083044363
45.7 100 35 3.176137 -0.251300054873 -0.192086847127 0.499996508059 -0.245998832368 1.53460160971e-05 -0.105281018038 -0.0997150564861
45.8 100 31 3.13791 -0.251379249937 -0.191700060763 0.499996813173 -0.245998797139 1.51434526408e-05 -0.10528103286 -0.099721762693
45.9 100 30 3.217675 -0.251458317209 -0.191314036458 0.499997114082 -0.24599876126 1.49259981231e-05 -0.105281045714 -0.0997284588913
46 100 28 3.108038 -0.251537237013 -0.190928757347 0.499997410505 -0.245998723779 1.46944193867e-05 -0.105281056688 -0.0997351745919
46.1 100 31 3.154051 -0.251615989876 -0.190544212918 0.499997702182 -0.245998687479 1.4450497264e-05 -0.105281065861 -0.0997419445402
46.2 100 29 3.342506 -0.25169455396 -0.19016039419 0.499997988822 -0.245998651098 1.41933579124e-05 -0.10528107327 -0.0997487986038
46.3 100 29 3.253922 -0.251772907761 -0.189777296716 0.499998270182 -0.24599861241 1.39245120045e-05 -0.105281077903 -0.0997557676598
46.4 100 32 3.239723 -0.251851027905 -0.189394915653 0.49999854608 -0.245998576166 1.36456730457e-05 -0.10528108149 -0.0997628744091
46.5 100 28 2.94364 -0.25192889322 -0.189013248334 0.499998816228 -0.245998537944 1.3354151519e-05 -0.105281082475 -0.099770147278
46.6 100 31 2.925899 -0.252006482216 -0.188632297518 0.499999080487 -0.245998496566 1.30566506764e-05 -0.105281080348 -0.0997776078638
46.7 100 30 3.119386 -0.252083774619 -0.188252066909 0.499999338783 -0.245998455253 1.27557903788e-05 -0.105281075779 -0.0997852784989
46.8 100 28 2.973012 -0.252160749168 -0.187872563394 0.499999591006 -0.245998412513 1.24505420763e-05 -0.105281068958 -0.0997931757537
46.9 100 28 3.75584 -0.252237388366 -0.187493795715 0.499999837079 -0.245998366144 1.21414182353e-05 -0.105281058373 -0.0998013139058
47 100 31 2.969121 -0.252313672231 -0.187115776312 0.500000076709 -0.245998319174 1.1819556205e-05 -0.105281044789 -0.0998097030383
47.1 100 28 3.462064 -0.252389584381 -0.18673851487 0.500000310179 -0.245998263232 1.15111308593e-05 -0.105281026038 -0.0998183556554
47.2 100 28 3.172089 -0.25246511377 -0.186362033053 0.500000537284 -0.245998205733 1.11936701764e-05 -0.105281004589 -0.099827274745
47.3 100 28 3.025648 -0.252540244972 -0.185986343107 0.500000758079 -0.245998146891 1.08787553071e-05 -0.105280980771 -0.0998364656528
47.4 100 28 3.17112 -0.252614968089 -0.185611464853 0.500000972575 -0.2459980825 1.05654922912e-05 -0.105280952598 -0.0998459235397
47.5 100 29 3.017672 -0.252689274293 -0.185237418906 0.500001180866 -0.245998013907 1.02582482871e-05 -0.105280920715 -0.0998556469816
47.6 100 28 3.112882 -0.252763157809 -0.184864224765 0.500001383052 -0.245997940658 9.95584500905e-06 -0.105280885244 -0.0998656298014
47.7 100 29 3.119571 -0.252836614675 -0.184491904629 0.500001579198 -0.245997865153 9.65764096018e-06 -0.105280846975 -0.0998758609143
47.8 100 28 2.981861 -0.252909643252 -0.184120481312 0.500001769448 -0.245997784619 9.36728695017e-06 -0.105280804584 -0.0998863278576
47.9 100 28 3.057936 -0.252982245104 -0.1837499761 0.500001954008 -0.245997700358 9.08753926023e-06 -0.105280759156 -0.0998970168789
48 100 29 3.046571 -0.253054422879 -0.183380412387 0.500002132983 -0.245997611402 8.81401875949e-06 -0.105280710428 -0.0999079089685
48.1 100 29 2.946591 -0.25312618454 -0.183011813601 0.500002306628 -0.245997519964 8.55364374804e-06 -0.105280658843 -0.0999189839197
48.2 100 28 3.712788 -0.253197535931 -0.182644201332 0.500002475156 -0.245997424109 8.30430624372e-06 -0.105280604086 -0.0999302195788
48.3 100 30 3.013747 -0.253268491033 -0.182277597657 0.500002638733 -0.245997329243 8.06557613621e-06 -0.105280547838 -0.0999415907533
48.4 100 34 2.887911 -0.253339061777 -0.181912023273 0.500002797689 -0.245997225252 7.84071420883e-06 -0.105280487042 -0.0999530733567
48.5 100 28 2.956232 -0.253409263657 -0.181547496721 0.50000295233 -0.245997120169 7.63236794081e-06 -0.105280424736 -0.0999646393596
48.6 100 31 3.17881 -0.253479114117 -0.181184037955 0.500003102912 -0.245997011508 7.43762931231e-06 -0.105280359513 -0.0999762602918
48.7 100 32 3.096092 -0.25354863407 -0.180821661912 0.500003249672 -0.245996901925 7.25470445256e-06 -0.105280293171 -0.0999879069702
48.8 100 30 3.158064 -0.253617841362 -0.180460384502 0.500003392964 -0.245996790159 7.09068675774e-06 -0.105280224849 -0.0999995497124
48.9 100 28 3.265171 -0.253686761871 -0.180100220086 0.500003533155 -0.245996679574 6.94442887501e-06 -0.105280156177 -0.100011158545
49 100 36 3.494956 -0.253755418828 -0.179741178675 0.500003670558 -0.24599656712 6.813964621e-06 -0.105280086441 -0.10002270348
49.1 100 28 2.91983 -0.253823836696 -0.179383270452 0.500003805511 -0.245996454123 6.70003085986e-06 -0.105280015654 -0.100034155055
49.2 100 29 2.881973 -0.253892043238 -0.179026500081 0.500003938343 -0.245996341818 6.604019739e-06 -0.105279944362 -0.100045483958
49.3 100 32 3.004384 -0.253960064661 -0.178670873602 0.500004069466 -0.245996232529 6.52804808452e-06 -0.105279873834 -0.100056663682
49.4 100 28 3.15502 -0.254027927811 -0.178316393619 0.500004199224 -0.245996127285 6.46854215826e-06 -0.105279805 -0.100067666841
49.5 100 29 2.812877 -0.254095662691 -0.177963059916 0.500004327919 -0.245996025441 6.42490471027e-06 -0.105279736687 -0.100078467073
49.6 100 34 2.904442 -0.254163294912 -0.177610869912 0.500004455952 -0.245995924776 6.40097708913e-06 -0.105279669133 -0.100089041289
49.7 100 35 3.048399 -0.254230854393 -0.177259817852 0.500004583693 -0.245995827502 6.39500047911e-06 -0.105279602372 -0.100099368047
49.8 100 33 2.910537 -0.254298365618 -0.176909896344 0.500004711398 -0.245995738604 6.40242881475e-06 -0.105279540266 -0.100109427438
49.9 100 29 3.542072 -0.254365856153 -0.176561097057 0.500004839469 -0.245995653213 6.4291178891e-06 -0.105279479307 -0.100119202683
50 100 31 3.17199 -0.254433353657 -0.176213407714 0.500004968131 -0.245995570666 6.46841738173e-06 -0.105279419849 -0.100128676738
