green_align_gates_siam_v2 L 200 U 0.1 V 0.1 dt 0.1 cutoff 0.0001 tol 1e-09 mps_cutoffs 1e-06 steps 298
# t gates gates_cand band phases full evolveA_s evolveB_s bondA bondB naA naB chi0 alignS0 ReG0 ImG0
0 0 0 0 0 0 0.081853817 0.074019467 16 16 16 16 0 0.009500795 0 -0.49999951
0.1 65 65 20 18 0 0.11948444 0.091386005 15 15 20 18 10 0.01786715 -0.0032311244 -0.49996431
0.2 144 144 119 48 0 0.099184366 0.07150377 15 15 18 17 10 0.029536832 -0.0064970832 -0.49986936
0.3 206 206 199 58 0 0.099152395 0.10364705 14 14 18 16 10 0.038222392 -0.0097031136 -0.49971347
0.4 332 332 200 74 0 0.079524625 0.087169253 14 14 17 16 10 0.046342666 -0.012888321 -0.49949637
0.5 470 470 123 80 0 0.095228368 0.10332023 14 14 16 16 10 0.050478047 -0.016106341 -0.49921413
0.6 609 609 200 95 0 0.094380229 0.10303286 14 14 16 16 10 0.064988468 -0.019301192 -0.49887217
0.7 758 758 200 110 0 0.093790506 0.10332853 14 14 16 16 10 0.075229164 -0.022481247 -0.49847171
0.8 1098 1098 200 126 0 0.078271102 0.10288241 14 14 17 16 10 0.096234289 -0.025644435 -0.49801235
0.9 1188 1188 200 131 0 0.093753229 0.10343039 14 14 16 16 10 0.10160342 -0.028793048 -0.4974955
1 1391 1391 199 138 0 0.094441737 0.10357699 14 14 16 16 10 0.11588728 -0.031854603 -0.49692279
1.1 1573 1573 199 143 0 0.093776385 0.10296003 14 14 16 16 10 0.12931201 -0.035045065 -0.49628439
1.2 1667 1667 200 148 0 0.09401368 0.087530235 14 14 16 16 10 0.13469957 -0.038120727 -0.49559791
1.3 1872 1872 199 146 0 0.094788458 0.088214888 14 14 16 16 10 0.14847056 -0.041161078 -0.49485929
1.4 2072 2072 199 150 0 0.093817133 0.088220107 14 14 16 16 10 0.16508848 -0.044102513 -0.49407703
1.5 2192 2192 200 153 0 0.094476194 0.10387917 14 14 16 16 10 0.17077361 -0.047125838 -0.49322986
1.6 2261 2261 159 153 0 0.093534716 0.10336592 14 14 16 16 10 0.17168096 -0.05015071 -0.49233723
1.7 2393 2393 162 156 0 0.09411779 0.088292132 14 14 16 16 10 0.18031052 -0.053046826 -0.49140408
1.8 2602 2602 200 157 0 0.093929922 0.087808865 14 13 16 16 10 0.19943173 -0.055896989 -0.49043164
1.9 2677 2677 200 161 0 0.095173201 0.087436387 14 13 16 16 10 0.20441166 -0.058758156 -0.48940881
2 2758 2758 165 161 0 0.092555357 0.086178047 14 13 16 16 10 0.2029647 -0.061524763 -0.48834832
2.1 2969 2969 200 166 0 0.092342206 0.086083808 14 13 16 16 10 0.22102677 -0.064394059 -0.48723682
2.2 2943 2943 200 167 0 0.093788494 0.087464602 14 13 16 16 10 0.21882566 -0.067144173 -0.48608808
2.3 3120 3120 199 167 0 0.11176514 0.087670835 14 13 17 16 10 0.2312707 -0.069809154 -0.48492034
2.4 3190 3190 199 171 0 0.11175498 0.1042611 14 13 17 16 10 0.23996833 -0.072520831 -0.48370532
2.5 3215 3215 199 171 0 0.11174869 0.088041351 14 13 17 16 10 0.24116593 -0.075151949 -0.48247025
2.6 3304 3304 199 173 0 0.093928998 0.1052788 14 13 16 16 10 0.2468326 -0.077660732 -0.48121082
2.7 3295 3295 200 174 0 0.092260298 0.086442751 14 13 16 16 10 0.24354079 -0.080237804 -0.47990916
2.8 3315 3315 182 177 0 0.097117903 0.10192288 14 13 18 16 10 0.24229987 -0.082684499 -0.47859937
2.9 3370 3370 199 179 0 0.11151803 0.087983363 14 13 17 16 10 0.25401179 -0.085143489 -0.47725394
3 3392 3392 200 182 0 0.094218011 0.10295635 14 13 16 16 10 0.25640419 -0.087554926 -0.47588692
3.1 3351 3351 200 183 0 0.092686298 0.10328527 14 13 16 16 10 0.25014715 -0.089940718 -0.47449845
3.2 3361 3361 200 185 0 0.10778005 0.088414072 14 13 16 16 10 0.25386165 -0.092309309 -0.47309393
3.3 3450 3450 200 188 0 0.10871902 0.087471538 14 13 16 16 10 0.25784132 -0.094547382 -0.47169489
3.4 3414 3414 200 189 0 0.10678163 0.10216754 14 13 16 16 10 0.25312664 -0.096795084 -0.47026356
3.5 3420 3420 200 193 0 0.10687534 0.10355998 14 13 16 16 10 0.25402226 -0.099079044 -0.46879738
3.6 3578 3578 200 195 0 0.10819211 0.10392958 14 13 16 16 10 0.26884755 -0.10118434 -0.46735059
3.7 3519 3519 200 196 0 0.10788281 0.10334628 14 13 16 16 10 0.26424044 -0.10334114 -0.46588473
3.8 3390 3390 200 197 0 0.10819706 0.072302327 14 13 16 17 10 0.25444693 -0.10544041 -0.46441965
3.9 3587 3587 200 198 0 0.108435 0.089441141 14 13 16 17 10 0.26964954 -0.10749163 -0.46294545
4 3571 3571 200 198 0 0.10642711 0.08833265 14 13 16 17 10 0.26796198 -0.10952066 -0.46145953
4.1 3595 3595 200 198 0 0.10658442 0.08808414 14 13 16 17 10 0.26882831 -0.11151886 -0.45997479
4.2 3554 3554 200 198 0 0.10777412 0.089583844 14 13 16 17 10 0.26749406 -0.11346685 -0.45848466
4.3 3702 3702 200 198 0 0.1094121 0.090180439 14 13 16 17 10 0.28027479 -0.11539978 -0.45699042
4.4 3687 3687 200 198 0 0.10926774 0.089301179 14 13 16 17 10 0.28179609 -0.11729604 -0.45548943
4.5 3916 3916 200 198 0 0.10829197 0.072812753 14 13 16 17 10 0.2978295 -0.11915522 -0.45399031
4.6 3841 3841 200 198 0 0.10724599 0.088841217 14 13 16 17 10 0.29289541 -0.12098525 -0.45248969
4.7 3812 3812 200 198 0 0.10759487 0.088890596 14 13 16 17 10 0.2887091 -0.12279315 -0.45099737
4.8 3964 3964 200 198 0 0.10823896 0.09052198 14 13 16 17 10 0.30218451 -0.12456736 -0.44950053
4.9 3947 3947 200 198 0 0.10848381 0.10666176 14 13 16 17 10 0.30280545 -0.12632236 -0.44800832
5 4261 4261 200 198 0 0.10831683 0.091047362 14 13 16 17 10 0.32228798 -0.12804876 -0.44652
5.1 4317 4317 200 198 0 0.10887993 0.10580903 14 13 16 17 10 0.32988207 -0.12975537 -0.44503034
5.2 4422 4422 200 198 0 0.106594 0.10421158 14 13 16 17 10 0.3397485 -0.13143457 -0.44353932
5.3 4372 4372 200 198 0 0.10723326 0.088638301 14 13 16 17 10 0.3338073 -0.13308611 -0.44205254
5.4 4535 4535 200 198 0 0.10817559 0.073171107 14 13 16 17 10 0.34718266 -0.13473065 -0.44057915
5.5 4579 4579 200 198 0 0.10854775 0.088932867 14 13 16 16 10 0.35503834 -0.13634549 -0.43908523
5.6 4456 4456 200 198 0 0.10883085 0.088580782 14 13 16 16 10 0.35051533 -0.13794729 -0.4376122
5.7 4509 4509 200 198 0 0.10840472 0.073876576 14 13 16 17 10 0.36065386 -0.1395183 -0.43614366
5.8 4715 4715 200 198 0 0.10685685 0.089558766 14 13 16 17 10 0.37117193 -0.14109355 -0.43466747
5.9 4919 4919 200 198 0 0.1093079 0.073401287 14 13 16 17 10 0.39400353 -0.14263159 -0.43319355
6 5107 5107 200 198 0 0.10882784 0.073391583 14 13 16 17 10 0.41837001 -0.14415218 -0.43170637
6.1 5301 5301 200 198 0 0.10838504 0.10647611 14 13 16 17 10 0.43771842 -0.14567103 -0.43024511
6.2 5345 5345 200 198 0 0.092460295 0.091556613 14 13 16 17 10 0.43132479 -0.14717736 -0.42878772
6.3 5374 5374 200 198 0 0.092151648 0.090186646 14 13 16 17 10 0.4323669 -0.14865219 -0.42730675
6.4 5406 5406 200 198 0 0.09227155 0.10589662 14 13 16 17 10 0.43865414 -0.15011995 -0.42584553
6.5 5595 5595 200 198 0 0.092336701 0.092065887 14 13 16 17 10 0.45366237 -0.1515729 -0.42437987
6.6 5720 5720 200 198 0 0.09269752 0.10602945 14 13 16 17 10 0.47204967 -0.15302122 -0.42290825
6.7 5677 5677 200 198 0 0.091331476 0.089014276 14 13 16 17 10 0.47360064 -0.15444268 -0.42143655
6.8 5921 5921 200 198 0 0.091306154 0.089054478 14 13 16 17 10 0.49343729 -0.15586188 -0.41995784
6.9 5993 5993 200 198 0 0.0928213 0.090840386 14 13 16 17 10 0.49707317 -0.15726209 -0.41848315
7 6283 6283 200 198 0 0.09309538 0.090556155 14 13 16 17 10 0.52066025 -0.15865434 -0.41702367
7.1 6237 6237 200 198 0 0.093115236 0.091674577 14 13 16 17 10 0.53177339 -0.16002211 -0.41552872
7.2 6484 6484 200 198 0 0.091632049 0.072076448 14 13 16 17 10 0.55367051 -0.16138438 -0.41404605
7.3 6433 6433 200 198 0 0.093381112 0.074492886 14 13 16 17 10 0.55499667 -0.16274143 -0.41256531
7.4 6623 6623 200 198 0 0.092677057 0.07287314 14 13 16 17 10 0.57944897 -0.16407248 -0.41105628
7.5 6723 6723 200 198 0 0.092893564 0.091189524 14 13 16 17 10 0.56872069 -0.16541136 -0.40959212
7.6 6822 6822 200 198 0 0.092262166 0.1052575 14 13 16 17 10 0.56835814 -0.16672619 -0.40812609
7.7 6832 6832 200 198 0 0.092995385 0.091011774 14 14 16 17 10 0.60815783 -0.16801205 -0.40659072
7.8 6754 6754 200 198 0 0.10823455 0.073729416 14 13 16 17 10 0.58869365 -0.16930849 -0.4051141
7.9 6895 6895 200 198 0 0.1088238 0.073735209 14 13 16 17 10 0.61273205 -0.17059231 -0.40360511
8 7053 7053 200 198 0 0.10676109 0.10541006 14 13 16 17 10 0.62037011 -0.17183641 -0.40207945
8.1 6904 6904 200 198 0 0.10909888 0.10679119 14 14 16 17 10 0.64037385 -0.17307889 -0.40055946
8.2 7007 7007 200 198 0 0.10847706 0.091194495 14 13 16 17 10 0.62506061 -0.17431477 -0.39905086
8.3 7088 7088 200 198 0 0.1070088 0.089441578 14 13 16 17 10 0.58963234 -0.17554924 -0.39757265
8.4 7087 7087 200 198 0 0.1088348 0.091599191 14 13 16 17 10 0.62894067 -0.1767464 -0.39602248
8.5 7174 7174 200 198 0 0.10899065 0.091524359 14 13 16 17 10 0.653331 -0.17793305 -0.39449005
8.6 7245 7245 200 198 0 0.10860461 0.10663067 14 13 16 17 10 0.64832081 -0.17910236 -0.39295076
8.7 7201 7201 200 198 0 0.1074689 0.089670499 14 13 16 17 10 0.65393541 -0.18026002 -0.39141996
8.8 7207 7207 200 198 0 0.10855089 0.09068643 14 13 16 17 10 0.66890204 -0.18139485 -0.38986671
8.9 7322 7322 200 198 0 0.10893885 0.091839235 14 13 16 17 10 0.6667896 -0.18252655 -0.38832313
9 7273 7273 200 198 0 0.10652512 0.10511076 14 13 16 17 10 0.64712156 -0.18364778 -0.38679325
9.1 7260 7260 200 198 0 0.09333807 0.091149729 14 13 16 17 10 0.65917936 -0.18472461 -0.385216
9.2 7316 7316 200 198 0 0.093575176 0.091769273 14 13 16 17 10 0.66902089 -0.18580793 -0.3836658
9.3 7385 7385 200 198 0 0.09378052 0.091835739 14 13 16 17 11 0.70665963 -0.18686465 -0.38207266
9.4 7392 7392 200 198 0 0.091197943 0.073689846 14 14 16 17 10 0.68756371 -0.18791717 -0.3805263
9.5 7439 7439 200 198 0 0.092324753 0.092279323 14 14 16 17 11 0.69395726 -0.18893753 -0.3789787
9.6 7441 7441 200 198 0 0.093117475 0.10789784 14 14 16 17 11 0.69987715 -0.18995118 -0.37740805
9.7 7400 7400 200 198 0 0.091058325 0.090554064 14 15 16 17 11 0.6836953 -0.19095657 -0.37582927
9.8 7458 7458 200 198 0 0.092603599 0.10759985 14 14 16 17 10 0.70333011 -0.19192541 -0.37426231
9.9 7500 7500 200 198 0 0.094428749 0.074051127 14 15 16 17 11 0.69350773 -0.19290135 -0.37271625
10 7619 7619 200 198 0 0.092254356 0.090456271 14 15 16 17 11 0.77086106 -0.19382278 -0.37111193
10.1 7548 7548 200 198 0 0.092734682 0.10860336 14 14 16 17 12 0.67448425 -0.1947727 -0.36959338
10.2 7602 7602 200 198 0 0.094469261 0.075293689 14 14 16 17 10 0.71166038 -0.19568544 -0.36801741
10.3 7644 7644 200 198 0 0.093314249 0.10859413 14 14 16 17 11 0.77717664 -0.19654448 -0.36638163
10.4 7611 7611 200 198 0 0.091267017 0.10691646 14 14 16 17 11 0.70030347 -0.19745903 -0.36488
10.5 7690 7690 200 198 0 0.09295389 0.075763486 14 14 16 17 10 0.71714007 -0.1983316 -0.36331219
10.6 7755 7755 200 198 0 0.093672132 0.10883772 14 14 16 17 10 0.80776137 -0.19913505 -0.36170663
10.7 7760 7760 200 198 0 0.09177411 0.10718579 14 14 16 17 11 0.78985532 -0.19997301 -0.36017902
10.8 7676 7676 200 198 0 0.093992733 0.093231565 14 14 16 17 10 0.75067379 -0.20080795 -0.35862841
10.9 7753 7753 200 198 0 0.10996522 0.10909148 14 14 16 17 11 0.80821222 -0.20158842 -0.35703441
11 7693 7693 200 198 0 0.10874296 0.1074428 14 14 16 17 11 0.77660368 -0.20238817 -0.35551199
11.1 7872 7872 200 198 0 0.093518762 0.10993751 14 14 16 17 11 0.83939107 -0.20315926 -0.35394509
11.2 7799 7799 200 198 0 0.092935827 0.09216475 14 14 16 17 10 0.77820477 -0.20391668 -0.35240212
11.3 7803 7803 200 198 0 0.091556649 0.090805922 14 14 16 17 11 0.80974932 -0.20467304 -0.35087598
11.4 7860 7860 200 198 0 0.093465421 0.093411833 14 14 16 17 11 0.82701653 -0.20538763 -0.34932805
11.5 7896 7896 200 198 0 0.093264173 0.092850522 14 14 16 17 10 0.84297648 -0.20609426 -0.34777279
11.6 7874 7874 200 198 0 0.092261043 0.10654444 14 14 16 17 11 0.8380893 -0.20680323 -0.34625923
11.7 7973 7973 200 198 0 0.092325355 0.10842949 14 14 16 17 10 0.8083331 -0.20750075 -0.34474332
11.8 7907 7907 200 198 0 0.09361324 0.093800567 14 14 16 17 11 0.86851138 -0.2081581 -0.34317899
11.9 8046 8046 200 198 0 0.091275294 0.091204242 14 14 16 17 11 0.84595498 -0.20883397 -0.34170254
12 8008 8008 200 198 0 0.093280571 0.11083446 14 14 16 17 13 0.87651185 -0.20947745 -0.34015566
12.1 7948 7948 200 198 0 0.093181619 0.094238517 14 14 16 17 12 0.84482623 -0.21014229 -0.33868087
12.2 8033 8033 200 198 0 0.092690131 0.093677121 14 14 16 17 13 0.93670594 -0.21074871 -0.33712179
12.3 8046 8046 200 198 0 0.092843711 0.1085469 14 14 16 17 11 0.92185881 -0.21136055 -0.33561312
12.4 8069 8069 200 198 0 0.09175321 0.091106233 14 14 16 17 12 0.9256397 -0.21197556 -0.33412221
12.5 8058 8058 200 198 0 0.092930992 0.09256907 14 14 16 17 11 0.95551515 -0.21257922 -0.33263036
12.6 8068 8068 200 198 0 0.092972721 0.092825483 14 14 16 17 11 0.93078499 -0.2131633 -0.33113332
12.7 8122 8122 200 198 0 0.091898709 0.074013027 14 14 16 17 11 1.0071484 -0.21370787 -0.3296011
12.8 8008 8008 200 198 0 0.092948448 0.097340921 14 14 16 18 12 0.92305254 -0.21429737 -0.3281474
12.9 7991 7991 200 198 0 0.093181432 0.080406874 14 14 16 18 12 0.909316 -0.21487054 -0.32670364
13 7973 7973 200 198 0 0.092398439 0.096627218 14 14 16 18 12 0.93277466 -0.21539747 -0.32518351
13.1 8008 8008 200 198 0 0.093562063 0.078972073 14 15 16 18 13 0.92289004 -0.21593663 -0.32372108
13.2 8113 8113 200 198 0 0.092112149 0.077884963 14 14 16 18 12 0.9042786 -0.21647413 -0.32227101
13.3 8118 8118 200 198 0 0.092906148 0.097021766 14 14 16 18 12 0.92829858 -0.21700437 -0.3208173
13.4 8194 8194 200 198 0 0.092628016 0.11319694 14 14 16 18 12 0.98615296 -0.2174888 -0.31932385
13.5 8242 8242 200 198 0 0.091051169 0.094845688 14 15 16 18 13 0.95010381 -0.21801793 -0.31788952
13.6 8114 8114 200 198 0 0.093346476 0.080657614 14 14 16 18 14 0.9386052 -0.21848688 -0.31640481
13.7 8195 8195 200 198 0 0.092890968 0.097713639 14 14 16 18 12 0.91586389 -0.21899326 -0.31498881
13.8 8190 8190 200 198 0 0.092728131 0.098391727 14 14 16 18 12 1.0458973 -0.21940266 -0.31344199
13.9 8146 8146 200 198 0 0.09316728 0.098803893 14 14 16 18 11 1.0915693 -0.21984844 -0.3119589
14 8258 8258 200 198 0 0.091091509 0.095489976 14 14 16 18 11 1.1117876 -0.22028816 -0.31049882
14.1 8265 8265 200 198 0 0.10902411 0.11265224 14 15 16 18 11 1.0168479 -0.22076493 -0.30910041
14.2 8278 8278 200 198 0 0.10836129 0.096199808 14 14 16 18 12 0.99673235 -0.22119892 -0.3076555
14.3 8249 8249 200 198 0 0.10855602 0.095092087 14 15 16 17 12 0.95397448 -0.22165143 -0.30625626
14.4 8252 8252 200 198 0 0.10879456 0.079934397 14 15 16 17 11 1.1726742 -0.221998 -0.30471662
14.5 8216 8216 200 198 0 0.10667949 0.076429618 14 15 16 17 11 0.99853638 -0.22244284 -0.30333332
14.6 8231 8231 200 198 0 0.10921239 0.11427731 14 15 16 18 13 1.1109658 -0.22280743 -0.30185849
14.7 8264 8264 200 198 0 0.10652642 0.093434461 14 15 16 17 11 1.0147518 -0.22323144 -0.30047538
14.8 8225 8225 200 198 0 0.10963785 0.095270505 14 15 16 17 11 0.98885166 -0.22360809 -0.29905259
14.9 8222 8222 200 198 0 0.10937845 0.096039022 14 15 16 17 11 1.0456766 -0.22394508 -0.29758626
15 8325 8325 200 198 0 0.10784038 0.094828535 14 15 16 17 11 1.0576023 -0.22431973 -0.29617366
15.1 8324 8324 200 198 0 0.10813295 0.097211691 14 15 16 18 12 1.0641753 -0.22465166 -0.29473245
15.2 8370 8370 200 198 0 0.10766432 0.096839984 14 15 16 18 11 1.0565276 -0.22499508 -0.29331941
15.3 8319 8319 200 198 0 0.10916492 0.097242355 14 15 16 18 11 1.0822599 -0.22531778 -0.2919182
15.4 8383 8383 200 198 0 0.10715312 0.095908662 13 15 16 18 12 1.0697174 -0.22562321 -0.29049077
15.5 8315 8315 200 198 0 0.10853969 0.11434096 13 15 16 18 11 1.0942349 -0.22592438 -0.28906608
15.6 8370 8370 200 198 0 0.10921113 0.098520291 13 15 16 18 11 1.0577918 -0.226235 -0.28766234
15.7 8407 8407 200 198 0 0.11026102 0.082121288 13 15 16 18 11 1.1064043 -0.22649109 -0.28622546
15.8 8298 8298 200 198 0 0.10946029 0.099957627 13 15 16 18 11 1.1187225 -0.22676843 -0.28482794
15.9 8374 8374 200 198 0 0.10613215 0.11179572 13 15 16 18 11 1.1845616 -0.22705075 -0.28343918
16 8340 8340 200 198 0 0.10907632 0.11453378 13 15 16 18 11 1.1250496 -0.2273039 -0.28203622
16.1 8431 8431 200 198 0 0.10594294 0.11188026 13 15 16 18 11 1.0904351 -0.22754599 -0.28063465
16.2 8271 8271 200 198 0 0.10838671 0.099075127 13 15 16 18 12 1.1719242 -0.22774582 -0.27920691
16.3 8343 8343 200 198 0 0.10580315 0.11116691 13 15 16 18 11 1.3256255 -0.22796863 -0.27781981
16.4 8343 8343 200 198 0 0.10875182 0.1144281 13 15 16 18 13 1.100829 -0.22820551 -0.27647608
16.5 8222 8222 200 198 0 0.10867506 0.11205053 13 15 16 18 11 1.1633121 -0.22836016 -0.27503439
16.6 8590 8590 200 198 0 0.10893153 0.11436586 13 15 16 18 12 1.2258843 -0.22857139 -0.27367705
16.7 8510 8510 200 198 0 0.10899481 0.11558354 13 15 16 18 12 1.1292427 -0.2287952 -0.27235901
16.8 8448 8448 200 198 0 0.10910125 0.098368989 13 15 16 18 12 1.1083585 -0.22895961 -0.27099014
16.9 8459 8459 200 198 0 0.10938009 0.1142915 13 15 16 18 13 1.202887 -0.22908281 -0.2695623
17 8412 8412 200 198 0 0.10740663 0.09795008 13 15 16 18 13 1.1728071 -0.22925408 -0.26824377
17.1 8248 8248 200 198 0 0.10822002 0.09802305 13 15 16 18 13 1.1243065 -0.22939433 -0.26688699
17.2 8322 8322 200 198 0 0.10645059 0.097870844 13 15 16 18 13 1.1364787 -0.22951286 -0.26552772
17.3 8431 8431 200 198 0 0.10906927 0.097323307 13 15 16 18 12 1.5168696 -0.22956973 -0.26411083
17.4 8378 8378 200 198 0 0.10904831 0.079489757 13 15 16 18 13 1.5069329 -0.22970262 -0.26279311
17.5 8437 8437 200 198 0 0.10951433 0.098076975 13 15 16 18 14 1.4013454 -0.22981798 -0.26146918
17.6 8365 8365 200 198 0 0.1093202 0.097378758 13 15 16 18 13 1.8042827 -0.22986552 -0.26009586
17.7 8389 8389 200 198 0 0.10645756 0.1110907 13 15 16 18 12 1.359613 -0.22999914 -0.25882506
17.8 8297 8297 200 198 0 0.10895648 0.096503032 13 15 16 17 12 1.3757465 -0.23007865 -0.25752197
17.9 8371 8371 200 198 0 0.10614276 0.094118467 13 15 16 17 13 1.4476735 -0.23014141 -0.25620018
18 8330 8330 200 198 0 0.10873496 0.096587759 13 15 16 17 12 1.4387841 -0.23020965 -0.25490028
18.1 8376 8376 200 198 0 0.10873093 0.09658128 13 15 16 17 14 2.3553225 -0.23021055 -0.25354672
18.2 8411 8411 200 198 0 0.10591663 0.093672959 13 15 16 17 12 1.4701813 -0.23030512 -0.25230603
18.3 8504 8504 200 198 0 0.10770607 0.10980412 13 15 16 17 13 2.5468201 -0.23029771 -0.2509654
18.4 8294 8294 200 198 0 0.10813131 0.096334149 13 15 16 17 14 1.9900602 -0.23036149 -0.24972681
18.5 8483 8483 200 198 0 0.10847992 0.11227769 13 15 16 17 12 1.5538507 -0.23041156 -0.24847393
18.6 8460 8460 200 198 0 0.10886313 0.11257868 13 15 16 17 13 1.5966394 -0.23041564 -0.24719698
18.7 8250 8250 200 198 0 0.11018934 0.11176901 13 15 16 17 12 1.7136424 -0.23042784 -0.24593521
18.8 8400 8400 200 198 0 0.10920743 0.11281138 13 15 16 17 13 2.146941 -0.23041448 -0.2446659
18.9 8377 8377 200 198 0 0.10873304 0.1135054 13 15 16 17 13 1.2095858 -0.23050971 -0.24350666
19 8344 8344 200 198 0 0.10873934 0.11324843 13 15 16 17 12 1.6419883 -0.23042981 -0.24220668
19.1 8411 8411 200 198 0 0.10720163 0.092165887 13 15 16 16 12 1.4679633 -0.23045038 -0.24100057
19.2 8438 8438 200 198 0 0.10809372 0.077131769 13 15 16 16 14 1.7423701 -0.23039721 -0.23973009
19.3 8444 8444 200 198 0 0.10605018 0.092858601 13 15 16 16 13 3.8732497 -0.23032145 -0.23846268
19.4 8591 8591 200 198 0 0.10922968 0.11374199 13 15 16 17 13 1.8670516 -0.2303164 -0.23727523
19.5 8473 8473 200 198 0 0.10957031 0.11425511 13 15 16 17 12 3.3327055 -0.23026373 -0.23603763
19.6 8491 8491 200 198 0 0.10985993 0.092423185 13 15 18 16 13 6.294452 -0.23021873 -0.23482971
19.7 8434 8434 200 198 0 0.10795802 0.095326019 13 15 16 16 12 1.5425692 -0.23024583 -0.23370536
19.8 8361 8361 200 198 0 0.089182974 0.1130917 13 15 16 17 17 16.201659 -0.23009661 -0.23239542
19.9 8567 8567 200 198 0 0.091168145 0.11449777 13 15 16 17 12 6.5691485 -0.23003458 -0.23119836
20 8524 8524 200 198 0 0.090843111 0.098142151 13 15 16 18 14 70.634667 -0.22996312 -0.23000878
20.1 8603 8603 200 198 0 0.090895561 0.099217894 13 15 16 18 12 15.814601 -0.22990096 -0.22882704
20.2 8537 8537 200 198 0 0.09108401 0.099741723 13 15 16 18 12 1.4882159 -0.2299034 -0.22773515
20.3 8629 8629 200 198 0 0.091186195 0.11516878 13 15 16 18 12 5.3042981 -0.22974461 -0.2264886
20.4 8599 8599 200 198 0 0.092615756 0.099732803 13 15 16 18 13 2.9589749 -0.22968604 -0.22536145
20.5 8611 8611 200 198 0 0.091854613 0.11568851 13 15 16 18 12 2.1772117 -0.22961322 -0.22419662
20.6 8507 8507 200 198 0 0.091944187 0.11574999 13 15 16 18 12 2.3363521 -0.2295013 -0.22303614
20.7 8464 8464 200 198 0 0.091621376 0.10011311 13 15 16 18 13 2.9514513 -0.22940691 -0.2218854
20.8 8416 8416 200 198 0 0.090729815 0.10295201 13 15 16 19 13 3.1028566 -0.22929305 -0.22073177
20.9 8384 8384 200 198 0 0.090909495 0.101747 13 15 16 19 12 3.2854943 -0.22917045 -0.21958147
21 8503 8503 200 198 0 0.091464183 0.11816685 13 15 16 19 14 2.6239736 -0.22904291 -0.21844324
21.1 8590 8590 200 198 0 0.08938576 0.1157309 13 15 16 19 13 18.980139 -0.22889898 -0.21727817
21.2 8557 8557 200 198 0 0.089191076 0.11523358 13 15 16 19 12 3.28382 -0.22880924 -0.21619323
21.3 8591 8591 200 198 0 0.089946786 0.11658519 13 15 16 19 14 3.1546882 -0.22864994 -0.21505293
21.4 8560 8560 200 198 0 0.089390243 0.11526997 13 15 16 19 12 2.3372708 -0.22854073 -0.21393487
21.5 8481 8481 200 198 0 0.090406678 0.10169236 13 15 16 19 12 3.9955131 -0.22836712 -0.21278788
21.6 8505 8505 200 198 0 0.089264507 0.099995064 13 15 16 19 12 3.4975656 -0.22821169 -0.21170737
21.7 8516 8516 200 198 0 0.089301226 0.099755334 13 16 16 19 12 6.9393333 -0.22805821 -0.21057847
21.8 8561 8561 200 198 0 0.089325837 0.083141463 13 15 16 19 13 2.3485409 -0.22788551 -0.20949078
21.9 8480 8480 200 198 0 0.089340857 0.1005783 13 15 16 19 13 3.5604412 -0.22770742 -0.20838499
22 8447 8447 200 197 0 0.089377064 0.11594047 13 15 16 19 14 2.5899713 -0.22756048 -0.20729644
22.1 8552 8552 200 198 0 0.089220286 0.11157196 13 15 16 17 14 8.0660021 -0.22732377 -0.20619582
22.2 8613 8613 200 198 0 0.090502947 0.083813995 13 15 16 19 16 16.164487 -0.22709572 -0.20508022
22.3 8578 8578 200 198 0 0.09130122 0.1028916 13 15 16 19 13 3.8573585 -0.22696308 -0.20405316
22.4 8452 8452 200 198 0 0.091498229 0.08519525 13 15 16 19 13 5.2727437 -0.22675617 -0.20297508
22.5 8487 8487 200 198 0 0.090496217 0.11794628 13 15 16 19 13 15.524704 -0.22654456 -0.20189978
22.6 8395 8395 200 198 0 0.091165861 0.11773791 13 15 16 19 14 5.7006453 -0.22631673 -0.20084073
22.7 8519 8519 200 198 0 0.091200949 0.10132094 13 15 16 19 13 6.3463746 -0.22611901 -0.19978614
22.8 8565 8565 200 198 0 0.092000581 0.085565913 13 15 16 19 14 3.4083535 -0.22594002 -0.19877202
22.9 8564 8564 200 198 0 0.089398104 0.11571056 13 15 16 19 14 4.3433222 -0.2256718 -0.19771346
23 8487 8487 200 198 0 0.09002882 0.10049087 13 15 16 19 14 8.1058878 -0.22545083 -0.19664686
23.1 8396 8396 200 198 0 0.090871099 0.085095972 13 16 16 19 13 4.3663493 -0.22521914 -0.19563105
23.2 8428 8428 200 198 0 0.089512625 0.10100426 13 16 16 19 14 4.9789351 -0.22496144 -0.19459454
23.3 8538 8538 200 198 0 0.08935231 0.10025031 13 15 16 19 13 8.1844866 -0.22470162 -0.19357195
23.4 8613 8613 200 198 0 0.089142889 0.11731902 13 15 16 19 13 6.030422 -0.22446701 -0.1925459
23.5 8465 8465 200 198 0 0.089637157 0.083710355 13 15 16 19 14 9.1132979 -0.22420285 -0.19155167
23.6 8452 8452 200 198 0 0.09236971 0.10218589 13 15 16 19 15 3.2145587 -0.22396308 -0.19055754
23.7 8511 8511 200 198 0 0.089275477 0.10030403 13 16 16 19 13 19.905513 -0.22364084 -0.18953428
23.8 8582 8582 200 198 0 0.090690127 0.10245293 13 16 16 19 16 21.665903 -0.22336119 -0.18854595
23.9 8437 8437 200 198 0 0.0915101 0.1041997 13 16 16 19 15 2.9812235 -0.22313747 -0.18758689
24 8591 8591 200 198 0 0.089659555 0.11650434 13 16 16 19 15 13.795641 -0.22281381 -0.1865884
24.1 8567 8567 200 198 0 0.090923598 0.086123359 13 16 16 19 13 6.765667 -0.22253552 -0.18561894
24.2 8560 8560 200 198 0 0.089479662 0.11672742 13 16 16 19 13 7.7514061 -0.22225668 -0.1846552
24.3 8644 8644 200 198 0 0.089424209 0.11693148 13 16 16 19 14 7.3113227 -0.22195302 -0.18370613
24.4 8646 8646 200 198 0 0.09048715 0.1029071 13 16 16 19 13 2.5508729 -0.22169533 -0.18278472
24.5 8588 8588 200 198 0 0.089264804 0.10074576 13 16 16 19 15 15.376135 -0.22132918 -0.18178328
24.6 8440 8440 200 198 0 0.089380139 0.11666911 13 16 16 19 13 21.721124 -0.22104128 -0.18087337
24.7 8503 8503 200 198 0 0.089696793 0.083345574 13 17 16 19 13 9.5721645 -0.22072619 -0.17993728
24.8 8493 8493 200 198 0 0.089450001 0.084246028 13 16 16 19 13 3.7611931 -0.22043972 -0.17902684
24.9 8723 8723 200 198 0 0.089507389 0.11659516 13 16 16 19 14 3.6714359 -0.22010268 -0.17810146
25 8567 8567 200 197 0 0.089373296 0.10077901 13 16 16 19 14 5.3445738 -0.21978355 -0.17718818
25.1 8688 8688 200 198 0 0.091247385 0.10296365 13 16 16 19 13 21.735425 -0.21943851 -0.17624279
25.2 8617 8617 200 198 0 0.089989352 0.084748858 13 16 16 19 16 5.1310626 -0.21913036 -0.17537208
25.3 8515 8515 200 198 0 0.093109257 0.11991443 13 16 16 19 14 3.9678795 -0.21881276 -0.17447446
25.4 8570 8570 200 198 0 0.09040717 0.10284284 13 16 16 19 13 5.1579994 -0.21849664 -0.17358707
25.5 8613 8613 200 198 0 0.090790575 0.1017491 13 16 16 19 13 8.4316488 -0.21813741 -0.17269071
25.6 8682 8682 200 198 0 0.090237082 0.1023823 13 16 16 19 13 23.557911 -0.2177879 -0.17181233
25.7 8491 8491 200 198 0 0.092848587 0.10300468 13 16 16 19 13 22.444486 -0.21747492 -0.17096474
25.8 8671 8671 200 198 0 0.090464269 0.084312161 13 16 16 19 15 19.3982 -0.21710187 -0.17007156
25.9 8568 8568 200 198 0 0.091411088 0.086710059 13 16 16 19 15 5.1527759 -0.21677813 -0.16921411
26 8721 8721 200 198 0 0.089547453 0.084551584 13 16 16 19 15 60.676609 -0.21640933 -0.168338
26.1 8699 8699 200 198 0 0.089656567 0.10185775 13 16 16 19 14 25.995836 -0.21606327 -0.16749426
26.2 8777 8777 200 198 0 0.089654576 0.10181321 13 16 16 19 14 33.348664 -0.21569557 -0.16662471
26.3 8633 8633 200 198 0 0.089553702 0.11778552 13 16 16 19 15 6.8651572 -0.21537958 -0.16583598
26.4 8753 8753 200 198 0 0.089609176 0.11742638 13 16 16 19 13 76.595898 -0.21498922 -0.16497372
26.5 8716 8716 200 198 0 0.091127956 0.10288394 13 16 16 19 14 5.8858691 -0.21467079 -0.16418732
26.6 8659 8659 200 198 0 0.091772207 0.085803662 13 16 16 19 13 95.731956 -0.21428837 -0.16331448
26.7 8668 8668 200 198 0 0.089561996 0.10166003 13 16 16 19 15 17.497074 -0.21392524 -0.16252054
26.8 8629 8629 200 198 0 0.089392308 0.10175135 13 16 16 19 17 5.1864027 -0.21357645 -0.16171703
26.9 8633 8633 200 198 0 0.089751365 0.11740364 13 16 16 19 13 50.391286 -0.21319784 -0.1608921
27 8743 8743 200 198 0 0.089495176 0.10290224 13 16 16 19 15 6.9180873 -0.21284789 -0.16008152
27.1 8773 8773 200 198 0 0.089336824 0.10194955 13 16 16 19 14 8.3641156 -0.21246667 -0.15931108
27.2 8731 8731 200 198 0 0.089559578 0.10160639 13 16 16 19 15 19.963941 -0.21207851 -0.15851538
27.3 8653 8653 200 198 0 0.089658449 0.10235476 13 16 16 19 14 5.8385177 -0.21170228 -0.15773336
27.4 8665 8665 200 198 0 0.089696327 0.11721125 13 16 16 19 16 14.926274 -0.21134414 -0.15694833
27.5 8650 8650 200 198 0 0.08951631 0.084756176 13 16 16 19 14 7.9936888 -0.21095963 -0.15617066
27.6 8799 8799 200 198 0 0.089648462 0.10187721 13 17 16 19 18 6.8617918 -0.21057615 -0.15539041
27.7 8598 8598 200 197 0 0.089522204 0.11775501 13 16 16 19 13 11.11241 -0.21020742 -0.15461944
27.8 8620 8620 200 198 0 0.08972343 0.11749546 13 16 16 19 16 7.8148026 -0.20981125 -0.15388088
27.9 8903 8903 200 198 0 0.089480433 0.084166914 13 16 16 19 18 9.9868508 -0.2093763 -0.15309548
28 8567 8567 200 198 0 0.091094512 0.084877377 13 16 16 19 14 20.161637 -0.20900873 -0.15235674
28.1 8585 8585 200 198 0 0.089790286 0.11743821 13 17 16 19 13 18.79746 -0.20862461 -0.15159285
28.2 8653 8653 200 198 0 0.089938399 0.085250498 13 16 16 19 17 56.725476 -0.20822315 -0.1508719
28.3 8617 8617 200 198 0 0.089636344 0.1180345 13 16 16 19 16 55.684406 -0.20785339 -0.15012513
28.4 8608 8608 200 198 0 0.089657894 0.102794 13 16 16 19 14 211.92418 -0.20742894 -0.14939449
28.5 8636 8636 200 198 0 0.090764636 0.12206285 13 16 16 19 19 2366.1859 -0.20701264 -0.14866031
28.6 8549 8549 200 198 0 0.08999887 0.085314859 13 16 16 19 15 22.633916 -0.20660698 -0.1479517
28.7 8726 8726 200 198 0 0.091485511 0.12076522 13 17 16 19 14 6.4480846 -0.20621214 -0.14722734
28.8 8556 8556 200 198 0 0.091810578 0.086224961 13 16 16 19 14 20.869449 -0.20579973 -0.14650102
28.9 8681 8681 200 198 0 0.092112993 0.087084865 13 16 16 19 13 13.736444 -0.20539765 -0.14581027
29 8670 8670 200 198 0 0.091483257 0.10318355 13 16 16 19 14 1180.8542 -0.20495186 -0.14510575
29.1 8727 8727 200 198 0 0.089584465 0.11787043 13 16 16 19 18 339.74448 -0.20450969 -0.14440332
29.2 8746 8746 200 198 0 0.089607304 0.1022366 13 16 16 19 16 47.583393 -0.20408058 -0.14372993
29.3 8556 8556 200 198 0 0.095654872 0.10263612 13 16 16 19 16 210.20987 -0.2037127 -0.14304764
29.4 8595 8595 200 198 0 0.091280617 0.11982109 13 16 16 19 15 131.10906 -0.20329092 -0.14235384
29.5 8511 8511 200 198 0 0.091040067 0.10377489 13 16 16 19 13 106.90762 -0.20285472 -0.1416782
29.6 8592 8592 200 198 0 0.091557726 0.087395061 13 16 16 19 16 215.05699 -0.20241965 -0.14101315
29.7 8683 8683 200 198 0 0.089775209 0.10248459 13 16 16 19 15 3221.5262 -0.20199627 -0.14032279
