# SIAM ground state evolution, spin-symmetric FBR
# n0(t=0)=0.500000002492  E_gs(ref)=-30.8994525853
# t  n_active  bond_dim  wall_s  n0  energy
0 20 14 0.00243800000001 0.500000002492 -1000
0.1 16 11 0.183542 0.500000002466 -0.10526843427
0.2 16 11 0.161473 0.500000002456 -0.105268500011
0.3 16 11 0.160013 0.500000002466 -0.105268628243
0.4 16 10 0.162249 0.500000002323 -0.105268812072
0.5 16 10 0.158315 0.50000000217 -0.105269058146
0.6 16 9 0.158028 0.500000002086 -0.105269358424
0.7 14 9 0.15747 0.500000001913 -0.105269710029
0.8 14 9 0.148868 0.500000001657 -0.105270106633
0.9 12 8 0.14797 0.500000001525 -0.105270556525
1 12 8 0.098847 0.500000001248 -0.105271050309
1.1 12 8 0.099837 0.500000001003 -0.105271585392
1.2 12 7 0.098496 0.500000000681 -0.105272158851
1.3 12 7 0.098558 0.500000000421 -0.105272767363
1.4 12 7 0.099478 0.500000000111 -0.105273407074
1.5 12 7 0.097855 0.499999999791 -0.105274073778
1.6 12 7 0.098532 0.499999999464 -0.10527476336
1.7 12 7 0.097552 0.499999999131 -0.105275471584
1.8 12 7 0.097361 0.499999998796 -0.105276194146
1.9 12 7 0.097902 0.499999998459 -0.105276926699
2 12 7 0.095073 0.499999998125 -0.105277664875
2.1 12 7 0.101595 0.499999997795 -0.105278404323
2.2 12 7 0.098792 0.499999997472 -0.105279140736
2.3 12 7 0.098598 0.499999997157 -0.105279869883
2.4 12 7 0.097223 0.499999996854 -0.105280587637
2.5 12 7 0.096794 0.499999996564 -0.105281290005
2.6 12 7 0.096998 0.499999996289 -0.105281973152
2.7 12 7 0.097719 0.499999996031 -0.105282633428
2.8 12 7 0.098329 0.499999995793 -0.105283267393
2.9 12 7 0.098858 0.499999995575 -0.105283871834
3 12 7 0.09809 0.49999999538 -0.105284443792
3.1 12 7 0.101459 0.499999995195 -0.105284980181
3.2 12 7 0.142061 0.499999994952 -0.105285479514
3.3 12 7 0.140712 0.499999994741 -0.105285939133
3.4 12 7 0.140638 0.499999994566 -0.105286357226
3.5 12 7 0.141042 0.499999994433 -0.105286732301
3.6 12 7 0.139132 0.499999994343 -0.105287063181
3.7 12 7 0.139907 0.499999994299 -0.105287349011
3.8 12 7 0.138827 0.499999994306 -0.105287589257
3.9 12 7 0.140051 0.499999994364 -0.105287783707
4 12 7 0.140034 0.499999994478 -0.105287932464
4.1 12 7 0.139379 0.499999994648 -0.105288035941
4.2 12 7 0.139809 0.499999994878 -0.105288094852
4.3 12 7 0.141503 0.499999995169 -0.105288110197
4.4 12 7 0.139395 0.499999995523 -0.105288083254
4.5 12 7 0.139201 0.499999995942 -0.105288015562
4.6 12 7 0.139857 0.499999996426 -0.105287908904
4.7 12 7 0.139811 0.499999996978 -0.105287765288
4.8 12 7 0.139588 0.499999997596 -0.105287586926
4.9 12 7 0.13898 0.499999998283 -0.10528737622
5 12 7 0.139146 0.499999999036 -0.105287135731
5.1 12 7 0.140229 0.499999999857 -0.10528686816
5.2 12 7 0.14012 0.500000000745 -0.105286576329
5.3 12 7 0.139996 0.500000001697 -0.105286263149
5.4 12 7 0.140116 0.500000002713 -0.105285931603
5.5 12 7 0.139132 0.50000000379 -0.105285584717
5.6 12 7 0.138989 0.500000004926 -0.105285225539
5.7 12 7 0.138844 0.500000006118 -0.105284857116
5.8 12 7 0.140091 0.500000007362 -0.105284482468
5.9 12 7 0.139939 0.500000008654 -0.105284104568
6 12 7 0.139568 0.500000009991 -0.105283726321
6.1 12 7 0.138688 0.500000011367 -0.105283350539
6.2 12 7 0.138786 0.500000012776 -0.105282979938
6.3 12 7 0.138751 0.500000014214 -0.105282617089
6.4 12 7 0.139261 0.500000015674 -0.105282264424
6.5 12 7 0.140015 0.500000017151 -0.10528192422
6.6 12 7 0.140387 0.500000018638 -0.105281598582
6.7 12 7 0.138968 0.50000002013 -0.105281289434
6.8 12 7 0.14004 0.500000021619 -0.105280998502
6.9 12 7 0.139738 0.5000000231 -0.105280727314
7 12 7 0.139009 0.500000024565 -0.105280477187
7.1 12 7 0.138141 0.500000026008 -0.105280249226
7.2 12 7 0.139025 0.500000027421 -0.10528004432
7.3 12 7 0.139147 0.500000028799 -0.10527986314
7.4 12 7 0.141127 0.500000030135 -0.105279706143
7.5 12 7 0.14077 0.500000031423 -0.105279573571
7.6 12 7 0.140248 0.500000032655 -0.105279465458
7.7 12 7 0.140504 0.500000033828 -0.105279381632
7.8 12 7 0.140005 0.500000034953 -0.105279321203
7.9 12 7 0.099245 0.500000036084 -0.105279284673
8 12 7 0.098774 0.500000037138 -0.105279270784
8.1 12 7 0.098927 0.500000038107 -0.10527927863
8.2 12 7 0.099078 0.50000003899 -0.10527930717
8.3 12 7 0.098841 0.50000003978 -0.105279355212
8.4 12 7 0.098679 0.500000040477 -0.105279421427
8.5 12 7 0.100235 0.500000041077 -0.105279504387
8.6 12 7 0.098339 0.50000004158 -0.105279602567
8.7 12 7 0.098461 0.500000041987 -0.105279714365
8.8 12 7 0.099496 0.500000042297 -0.105279838111
8.9 12 7 0.099449 0.500000042511 -0.10527997209
9 12 7 0.099991 0.500000042633 -0.105280114554
9.1 12 7 0.099374 0.500000042665 -0.105280263742
9.2 12 7 0.09845 0.500000042611 -0.10528041789
9.3 12 7 0.098261 0.500000042475 -0.105280575252
9.4 12 7 0.10041 0.500000042262 -0.105280734114
9.5 12 7 0.100109 0.500000041979 -0.105280892803
9.6 12 7 0.09922 0.500000041632 -0.105281049708
9.7 12 7 0.099517 0.500000041228 -0.105281203288
9.8 12 7 0.098899 0.500000040774 -0.105281352082
9.9 12 7 0.09892 0.500000040279 -0.105281494726
10 12 7 0.099027 0.50000003975 -0.105281629958
10.1 12 7 0.099689 0.500000039197 -0.105281756625
10.2 12 7 0.099374 0.500000038627 -0.105281873694
10.3 12 7 0.098625 0.500000038051 -0.105281980258
10.4 12 7 0.09881 0.500000037475 -0.105282075535
10.5 12 7 0.098454 0.50000003691 -0.10528215888
10.6 12 7 0.099188 0.500000036364 -0.10528222978
10.7 12 7 0.099671 0.500000035845 -0.105282287857
10.8 12 7 0.098861 0.500000035361 -0.10528233287
10.9 12 7 0.098879 0.500000034919 -0.105282364711
11 12 7 0.09889 0.500000034523 -0.105282382814
11.1 12 7 0.140923 0.500000034104 -0.105282388558
11.2 12 7 0.140442 0.500000033752 -0.105282381557
11.3 12 7 0.141655 0.500000033476 -0.105282362206
11.4 12 7 0.142446 0.500000033281 -0.105282331007
11.5 12 7 0.142119 0.500000033173 -0.105282288555
11.6 12 7 0.143225 0.500000033155 -0.105282235544
11.7 12 7 0.142009 0.500000033232 -0.105282172752
11.8 12 7 0.141318 0.500000033404 -0.105282101033
11.9 12 7 0.141658 0.500000033672 -0.105282021304
12 12 7 0.142083 0.500000034038 -0.105281934538
12.1 12 7 0.142675 0.500000034498 -0.10528184175
12.2 12 7 0.140929 0.500000035052 -0.105281743988
12.3 12 7 0.138535 0.500000035696 -0.105281642324
12.4 12 7 0.138009 0.500000036426 -0.105281537838
12.5 12 7 0.131884 0.500000037237 -0.105281431613
12.6 12 7 0.13406 0.500000038123 -0.105281324721
12.7 12 7 0.133338 0.500000039077 -0.105281218214
12.8 12 7 0.13249 0.500000040091 -0.105281113114
12.9 12 7 0.132332 0.500000041157 -0.105281010405
13 12 7 0.132817 0.500000042265 -0.105280911023
13.1 12 7 0.133395 0.500000043406 -0.105280815848
13.2 12 7 0.133255 0.500000044568 -0.105280725699
13.3 12 7 0.133327 0.500000045742 -0.105280641326
13.4 12 7 0.133418 0.500000046916 -0.105280563402
13.5 12 7 0.133243 0.500000048078 -0.105280492523
13.6 12 7 0.132898 0.500000049217 -0.105280429201
13.7 12 7 0.133415 0.50000005032 -0.105280373861
13.8 12 7 0.133433 0.500000051375 -0.10528032684
13.9 12 7 0.132675 0.500000052371 -0.105280288384
14 12 7 0.133283 0.500000053296 -0.105280258649
14.1 12 7 0.134143 0.500000054139 -0.105280237702
14.2 12 7 0.141215 0.500000054888 -0.105280225521
14.3 12 7 0.136046 0.500000055532 -0.105280221997
14.4 12 7 0.133986 0.500000056061 -0.105280226939
14.5 12 7 0.133215 0.500000056465 -0.105280240075
14.6 12 7 0.133664 0.500000056735 -0.105280261057
14.7 12 7 0.137736 0.500000056863 -0.105280289468
14.8 12 7 0.140854 0.500000056841 -0.105280324827
14.9 12 7 0.140136 0.500000056669 -0.105280365867
15 12 7 0.098164 0.5000000564 -0.105280413415
15.1 12 7 0.098683 0.500000055952 -0.105280466124
15.2 12 7 0.098274 0.500000055316 -0.105280523325
15.3 12 7 0.098369 0.500000054489 -0.105280584314
15.4 12 7 0.098748 0.500000053469 -0.105280648368
15.5 12 7 0.098451 0.500000052254 -0.105280714742
15.6 12 7 0.098389 0.500000050842 -0.105280782676
15.7 12 7 0.097657 0.500000049235 -0.105280851415
15.8 12 7 0.098056 0.500000047433 -0.105280920216
15.9 12 7 0.098129 0.50000004544 -0.105280988349
16 12 7 0.100365 0.50000004326 -0.105281055104
16.1 12 7 0.0989970000001 0.500000040896 -0.1052811198
16.2 12 7 0.098843 0.500000038355 -0.105281181792
16.3 12 7 0.098343 0.500000035643 -0.105281240471
16.4 12 7 0.098096 0.500000032767 -0.105281295276
16.5 12 7 0.097837 0.500000029736 -0.105281345696
16.6 12 7 0.09783 0.500000026557 -0.105281391273
16.7 12 7 0.098063 0.50000002324 -0.105281431607
16.8 12 7 0.098037 0.500000019796 -0.105281466356
16.9 12 7 0.098429 0.500000016234 -0.105281495245
17 12 7 0.098338 0.500000012566 -0.10528151806
17.1 12 7 0.098413 0.500000008803 -0.105281534653
17.2 12 7 0.098238 0.500000004956 -0.105281544941
17.3 12 7 0.098073 0.500000001037 -0.105281548906
17.4 12 7 0.09892 0.499999997057 -0.105281546596
17.5 12 7 0.098142 0.49999999303 -0.105281538118
17.6 12 7 0.098259 0.499999988965 -0.105281523641
17.7 12 7 0.098175 0.499999984876 -0.105281503392
17.8 12 7 0.098981 0.499999980773 -0.105281477651
17.9 12 7 0.092829 0.499999976668 -0.105281446749
18 12 7 0.092748 0.499999972572 -0.105281411062
18.1 12 7 0.093462 0.499999968494 -0.105281371009
18.2 12 7 0.094418 0.499999964445 -0.105281327045
18.3 12 7 0.093553 0.499999960433 -0.105281279656
18.4 12 7 0.094022 0.499999956468 -0.105281229356
18.5 12 7 0.094039 0.499999952549 -0.105281176008
18.6 12 7 0.135682 0.499999948618 -0.105281121509
18.7 12 7 0.133303 0.499999944759 -0.105281065732
18.8 12 7 0.133982 0.499999940982 -0.105281009232
18.9 12 7 0.133926 0.499999937293 -0.105280952575
19 12 7 0.135077 0.499999933695 -0.105280896315
19.1 12 7 0.133619 0.499999930194 -0.105280840994
19.2 12 7 0.133417 0.499999926793 -0.105280787119
19.3 12 7 0.133051 0.499999923493 -0.105280735187
19.4 12 7 0.133953 0.499999920297 -0.105280685667
19.5 12 7 0.133337 0.499999917203 -0.105280638998
19.6 12 7 0.134483 0.499999914212 -0.105280595583
19.7 12 7 0.14112 0.499999911322 -0.105280555783
19.8 12 7 0.133971 0.499999908532 -0.105280519921
19.9 12 7 0.13474 0.499999905838 -0.105280488272
20 12 7 0.133563 0.499999903237 -0.105280461066
20.1 12 7 0.134287 0.499999900725 -0.105280438484
20.2 12 7 0.134412 0.499999898298 -0.105280420658
20.3 12 7 0.139868 0.499999895951 -0.10528040767
20.4 12 7 0.142831 0.499999893679 -0.105280399553
20.5 12 7 0.141956 0.499999891474 -0.105280396289
20.6 12 7 0.141291 0.499999889333 -0.105280397814
20.7 12 7 0.14037 0.499999887247 -0.105280404014
20.8 12 7 0.140854 0.499999885212 -0.105280414732
20.9 12 7 0.140673 0.499999883219 -0.105280429768
21 12 7 0.141579 0.499999881264 -0.105280448881
21.1 12 7 0.141079 0.499999879339 -0.105280471795
21.2 12 7 0.131631 0.499999877437 -0.105280498197
21.3 12 7 0.142106 0.499999875554 -0.105280527746
21.4 12 7 0.141005 0.499999873683 -0.105280560075
21.5 12 7 0.14099 0.499999871817 -0.105280594793
21.6 12 7 0.140826 0.499999869953 -0.105280631494
21.7 12 7 0.140728 0.499999868085 -0.105280669755
21.8 12 7 0.1407 0.499999866219 -0.105280708474
21.9 12 7 0.09842 0.499999864412 -0.105280748619
22 12 7 0.099239 0.499999862579 -0.105280789012
22.1 12 7 0.099083 0.499999860716 -0.105280829225
22.2 12 7 0.099648 0.499999858818 -0.105280868838
22.3 12 7 0.099959 0.499999856882 -0.105280907442
22.4 12 7 0.099478 0.499999854907 -0.105280944645
22.5 12 7 0.098825 0.499999852892 -0.105280980073
22.6 12 7 0.099701 0.499999850835 -0.105281013376
22.7 12 7 0.099665 0.499999848738 -0.105281044232
22.8 12 7 0.099128 0.4999998466 -0.105281072349
22.9 12 7 0.098901 0.499999844425 -0.105281097464
23 12 7 0.098297 0.499999842213 -0.105281119352
23.1 12 7 0.100099 0.499999839968 -0.105281137823
23.2 12 7 0.099144 0.499999837694 -0.105281152724
23.3 12 7 0.098504 0.499999835395 -0.105281163941
23.4 12 7 0.098353 0.499999833074 -0.1052811714
23.5 12 7 0.098999 0.499999830738 -0.105281175064
23.6 12 7 0.099159 0.499999828392 -0.10528117494
23.7 12 7 0.096458 0.499999826042 -0.105281171067
23.8 12 7 0.095715 0.499999823694 -0.105281163528
23.9 12 7 0.091661 0.499999821355 -0.105281152439
24 12 7 0.093639 0.499999819032 -0.10528113795
24.1 12 7 0.097176 0.499999816731 -0.105281120247
24.2 12 7 0.093627 0.499999814461 -0.105281099543
24.3 12 7 0.092278 0.499999812228 -0.105281076081
24.4 12 7 0.092691 0.499999810039 -0.105281050128
24.5 12 7 0.093939 0.499999807904 -0.105281021981
24.6 12 7 0.092771 0.499999805829 -0.105280991946
24.7 12 7 0.093391 0.49999980382 -0.105280960338
24.8 12 7 0.093106 0.499999801883 -0.105280927493
24.9 12 7 0.093535 0.499999800025 -0.105280893755
25 12 7 0.093473 0.499999798252 -0.105280859475
25.1 12 7 0.0934 0.499999796569 -0.105280825002
25.2 12 7 0.094576 0.499999794982 -0.105280790686
25.3 12 7 0.092624 0.499999793495 -0.105280756869
25.4 12 7 0.09288 0.499999792112 -0.105280723886
25.5 12 7 0.092863 0.499999790837 -0.105280692056
25.6 12 7 0.093054 0.499999789674 -0.105280661688
25.7 12 7 0.093165 0.499999788626 -0.105280633067
25.8 12 7 0.093396 0.499999787677 -0.105280606071
25.9 12 7 0.133395 0.49999978676 -0.105280581734
26 12 7 0.132947 0.499999785964 -0.105280559876
26.1 12 7 0.132645 0.499999785294 -0.105280540676
26.2 12 7 0.13262 0.49999978475 -0.105280524299
26.3 12 7 0.132138 0.499999784334 -0.105280510876
26.4 12 7 0.132818 0.499999784047 -0.105280500506
26.5 12 7 0.134145 0.499999783887 -0.105280493259
26.6 12 7 0.133722 0.499999783855 -0.105280489172
26.7 12 7 0.133999 0.499999783949 -0.105280488247
26.8 12 7 0.132422 0.499999784166 -0.105280490457
26.9 12 7 0.133111 0.499999784506 -0.105280495744
27 12 7 0.132922 0.499999784965 -0.105280504019
27.1 12 7 0.132803 0.499999785539 -0.105280515165
27.2 12 7 0.143348 0.499999786227 -0.105280529036
27.3 12 7 0.140703 0.499999787022 -0.105280545463
27.4 12 7 0.139079 0.499999787923 -0.10528056425
27.5 12 7 0.138893 0.499999788923 -0.105280585184
27.6 12 7 0.139307 0.49999979002 -0.10528060803
27.7 12 7 0.138781 0.499999791207 -0.105280632537
27.8 12 7 0.139107 0.49999979248 -0.105280658442
27.9 12 7 0.139226 0.499999793835 -0.10528068547
28 12 7 0.138151 0.499999795265 -0.105280713338
28.1 12 7 0.138448 0.499999796768 -0.105280741759
28.2 12 7 0.139151 0.499999798337 -0.105280770443
28.3 12 7 0.140329 0.499999799968 -0.105280799102
28.4 12 7 0.140157 0.499999801655 -0.105280827456
28.5 12 7 0.139718 0.499999803395 -0.105280855226
28.6 12 7 0.139762 0.499999805184 -0.105280882132
28.7 12 7 0.140896 0.499999807019 -0.105280907919
28.8 12 7 0.139275 0.499999808897 -0.105280932344
28.9 12 7 0.139548 0.499999810814 -0.105280955184
29 12 7 0.1393 0.499999812769 -0.105280976231
29.1 12 7 0.138179 0.499999814759 -0.105280995299
29.2 12 7 0.138008 0.499999816784 -0.105281012226
29.3 12 7 0.138584 0.499999818842 -0.105281026871
29.4 12 7 0.138785 0.499999820931 -0.105281039118
29.5 12 7 0.139224 0.499999823053 -0.105281048878
29.6 12 7 0.137874 0.49999982522 -0.105281055773
29.7 12 7 0.098289 0.499999827505 -0.105281060432
29.8 12 7 0.097291 0.499999829818 -0.105281062494
29.9 12 7 0.097603 0.499999832156 -0.105281061968
30 12 7 0.097751 0.499999834521 -0.105281058897
30.1 12 7 0.097659 0.499999836912 -0.105281053348
30.2 12 7 0.097677 0.499999839331 -0.105281045413
30.3 12 7 0.0984 0.49999984178 -0.105281035206
30.4 12 7 0.09837 0.49999984426 -0.105281022861
30.5 12 7 0.098201 0.499999846775 -0.105281008536
30.6 12 7 0.097523 0.499999849326 -0.105280992404
30.7 12 7 0.098143 0.499999851918 -0.105280974654
30.8 12 7 0.098416 0.499999854554 -0.105280955492
30.9 12 7 0.127262 0.499999857238 -0.105280935133
31 12 7 0.099485 0.499999859974 -0.105280913804
31.1 12 7 0.093382 0.499999862766 -0.105280891737
31.2 12 7 0.09455 0.499999865619 -0.10528086917
31.3 12 7 0.093556 0.499999868538 -0.105280846343
31.4 12 7 0.094215 0.499999871527 -0.105280823498
31.5 12 7 0.095491 0.499999874592 -0.105280800871
31.6 12 7 0.095665 0.499999877737 -0.105280778701
31.7 12 7 0.096409 0.499999880968 -0.105280757214
31.8 12 7 0.095399 0.499999884289 -0.105280736614
31.9 12 7 0.094807 0.499999887704 -0.105280717107
32 12 7 0.096005 0.499999891218 -0.105280698885
32.1 12 7 0.098438 0.499999894836 -0.105280682126
32.2 12 7 0.097954 0.49999989856 -0.105280666992
32.3 12 7 0.097059 0.499999902395 -0.105280653623
32.4 12 7 0.097516 0.499999906343 -0.105280642144
32.5 12 7 0.097615 0.499999910408 -0.105280632657
32.6 12 7 0.097108 0.499999914593 -0.105280625244
32.7 12 7 0.095802 0.499999918899 -0.105280619966
32.8 12 7 0.097892 0.499999923328 -0.10528061686
32.9 12 7 0.096698 0.499999927881 -0.105280615942
33 12 7 0.09711 0.499999932561 -0.105280617206
33.1 12 7 0.097798 0.499999937367 -0.105280620624
33.2 12 7 0.097754 0.499999942299 -0.105280626147
33.3 12 7 0.098151 0.499999947357 -0.105280633706
33.4 12 7 0.099763 0.499999952541 -0.10528064321
33.5 12 7 0.098763 0.499999957836 -0.105280654052
33.6 12 7 0.137515 0.499999963173 -0.105280667155
33.7 12 7 0.138578 0.499999968637 -0.105280681829
33.8 12 7 0.140261 0.49999997423 -0.105280697916
33.9 12 7 0.138536 0.499999979952 -0.105280715252
34 12 7 0.139742 0.499999985803 -0.105280733662
34.1 12 7 0.139368 0.499999991779 -0.105280752961
34.2 12 7 0.138541 0.49999999788 -0.105280772958
34.3 12 7 0.137544 0.500000004103 -0.105280793456
34.4 12 7 0.138975 0.500000010446 -0.105280814256
34.5 12 7 0.134974 0.500000016903 -0.105280835158
34.6 12 7 0.137203 0.500000023474 -0.105280855965
34.7 12 7 0.137521 0.500000030152 -0.105280876481
34.8 12 7 0.137062 0.500000036935 -0.105280896519
34.9 12 7 0.137212 0.500000043817 -0.105280915895
35 12 7 0.137052 0.500000050794 -0.105280934439
35.1 12 7 0.138474 0.50000005786 -0.105280951987
35.2 12 7 0.136854 0.50000006501 -0.105280968391
35.3 12 7 0.137586 0.500000072238 -0.105280983515
35.4 12 7 0.137536 0.500000079539 -0.105280997237
35.5 12 7 0.134036 0.500000086906 -0.105281009452
35.6 12 7 0.135813 0.500000094333 -0.105281020074
35.7 12 7 0.136998 0.500000101813 -0.10528102903
35.8 12 7 0.137979 0.50000010934 -0.105281036268
35.9 12 7 0.137879 0.500000116908 -0.105281041755
36 12 7 0.138227 0.500000124509 -0.105281045474
36.1 12 7 0.137374 0.500000132137 -0.105281047429
36.2 12 7 0.13761 0.500000139785 -0.105281047642
36.3 12 7 0.13756 0.500000147445 -0.10528104615
36.4 12 7 0.138123 0.500000155112 -0.105281043012
36.5 12 7 0.138247 0.500000162778 -0.105281038299
36.6 12 7 0.1368 0.500000170437 -0.105281032101
36.7 12 7 0.13817 0.500000178082 -0.10528102452
36.8 12 7 0.143 0.500000185706 -0.105281015673
36.9 12 7 0.14432 0.500000193305 -0.105281005751
37 12 7 0.102575 0.500000200937 -0.105280994938
37.1 12 7 0.102913 0.500000208518 -0.105280983263
37.2 12 7 0.10378 0.50000021604 -0.105280970881
37.3 12 7 0.102406 0.500000223497 -0.105280957952
37.4 12 7 0.094804 0.500000230884 -0.105280944642
37.5 12 7 0.096171 0.500000238194 -0.105280931119
37.6 12 7 0.097108 0.500000245424 -0.10528091755
37.7 12 7 0.097621 0.500000252569 -0.105280904103
37.8 12 7 0.097545 0.500000259623 -0.105280890941
37.9 12 7 0.099533 0.500000266585 -0.105280878224
38 12 7 0.096631 0.500000273449 -0.105280866106
38.1 12 7 0.098666 0.500000280215 -0.105280854732
38.2 12 7 0.096922 0.500000286878 -0.105280844239
38.3 12 7 0.096798 0.500000293438 -0.105280834754
38.4 12 7 0.097662 0.500000299893 -0.105280826392
38.5 12 7 0.097397 0.500000306242 -0.105280819255
38.6 12 7 0.096926 0.500000312484 -0.105280813433
38.7 12 7 0.097326 0.50000031862 -0.105280808999
38.8 12 7 0.0972159999999 0.50000032465 -0.105280806014
38.9 12 7 0.097895 0.500000330575 -0.105280804522
39 12 7 0.096864 0.500000336395 -0.105280804552
39.1 12 7 0.096636 0.500000342113 -0.105280806116
39.2 12 7 0.096069 0.50000034773 -0.105280809211
39.3 12 7 0.095213 0.500000353247 -0.105280813818
39.4 12 7 0.094775 0.500000358669 -0.105280819903
39.5 12 7 0.094754 0.500000363996 -0.105280827416
39.6 12 7 0.096103 0.500000369232 -0.105280836294
39.7 12 7 0.09502 0.500000374379 -0.10528084646
39.8 12 7 0.09562 0.50000037944 -0.105280857824
39.9 12 7 0.095453 0.500000384419 -0.105280870284
40 12 7 0.095151 0.500000389318 -0.105280883728
40.1 12 7 0.096056 0.50000039414 -0.105280898035
40.2 12 7 0.094959 0.500000398888 -0.105280913075
40.3 12 7 0.095731 0.500000403564 -0.105280928712
40.4 12 7 0.094851 0.500000408173 -0.105280944805
40.5 12 7 0.095569 0.500000412715 -0.105280961207
40.6 12 7 0.095042 0.500000417194 -0.105280977771
40.7 12 7 0.094954 0.500000421611 -0.105280994349
40.8 12 7 0.094576 0.500000425969 -0.105281010793
40.9 12 7 0.094357 0.500000430269 -0.105281026957
41 12 7 0.094458 0.500000434512 -0.105281042698
41.1 12 7 0.095322 0.500000438701 -0.10528105788
41.2 12 7 0.094906 0.500000442835 -0.105281072371
41.3 12 7 0.095335 0.500000446916 -0.105281086047
41.4 12 7 0.095605 0.500000450943 -0.105281098795
41.5 12 7 0.095622 0.500000454917 -0.105281110508
41.6 12 7 0.095293 0.500000458837 -0.105281121094
41.7 12 7 0.095153 0.500000462703 -0.105281130468
41.8 12 7 0.095477 0.500000466544 -0.105281137914
41.9 12 7 0.132941 0.500000470261 -0.105281144998
42 12 7 0.132794 0.50000047393 -0.105281150693
42.1 12 7 0.133677 0.500000477549 -0.10528115497
42.2 12 7 0.133124 0.500000481118 -0.105281157825
42.3 12 7 0.132707 0.500000484635 -0.105281159236
42.4 12 7 0.133116 0.500000488099 -0.105281159214
42.5 12 7 0.133842 0.500000491505 -0.105281157782
42.6 12 7 0.132711 0.500000494852 -0.105281154979
42.7 12 7 0.132642 0.500000498136 -0.105281150857
42.8 12 7 0.132615 0.500000501354 -0.105281145479
42.9 12 7 0.132217 0.500000504502 -0.105281138922
43 12 7 0.132482 0.500000507576 -0.10528113127
43.1 12 7 0.132542 0.500000510572 -0.105281122622
43.2 12 7 0.132729 0.500000513485 -0.105281113081
43.3 12 7 0.132567 0.500000516311 -0.105281102761
43.4 12 7 0.135897 0.500000519045 -0.105281091781
43.5 12 7 0.135452 0.500000521683 -0.105281080266
43.6 12 7 0.135751 0.500000524219 -0.105281068346
43.7 12 7 0.135237 0.50000052665 -0.105281055808
43.8 12 7 0.095411 0.500000529043 -0.105281043661
43.9 12 7 0.095524 0.500000531311 -0.105281031493
44 12 7 0.096668 0.500000533447 -0.105281019437
44.1 12 7 0.095674 0.500000535443 -0.105281007627
44.2 12 7 0.09507 0.500000537293 -0.105280996188
44.3 12 7 0.095687 0.500000538991 -0.105280985241
44.4 12 7 0.096192 0.500000540532 -0.105280974899
44.5 12 7 0.096103 0.500000541909 -0.10528096527
44.6 12 7 0.095502 0.500000543116 -0.105280956451
44.7 12 7 0.095686 0.50000054415 -0.105280948531
44.8 12 7 0.096443 0.500000545004 -0.10528094159
44.9 12 7 0.096023 0.500000545674 -0.105280935696
45 12 7 0.095331 0.500000546155 -0.105280930907
45.1 12 7 0.095639 0.500000546443 -0.105280927269
45.2 12 7 0.096242 0.500000546534 -0.105280924816
45.3 12 7 0.095297 0.500000546425 -0.105280923569
45.4 12 7 0.095922 0.500000546113 -0.105280923537
45.5 12 7 0.09563 0.500000545594 -0.105280924716
45.6 12 7 0.09557 0.500000544867 -0.105280927092
45.7 12 7 0.095051 0.500000543929 -0.105280930637
45.8 12 7 0.095563 0.500000542778 -0.105280935311
45.9 12 7 0.09575 0.500000541413 -0.105280941064
46 12 7 0.095325 0.500000539833 -0.105280947836
46.1 12 7 0.095552 0.500000538037 -0.105280955556
46.2 12 7 0.095714 0.500000536025 -0.105280964144
46.3 12 7 0.095396 0.500000533797 -0.105280973512
46.4 12 7 0.095946 0.500000531353 -0.105280983566
46.5 12 7 0.096075 0.500000528693 -0.105280994204
46.6 12 7 0.100362 0.500000525819 -0.10528100532
46.7 12 7 0.099455 0.500000522733 -0.105281016813
46.8 12 7 0.099383 0.500000519435 -0.10528102856
46.9 12 7 0.099699 0.500000515928 -0.105281040442
47 12 7 0.100161 0.500000512214 -0.105281052346
47.1 12 7 0.099909 0.500000508294 -0.105281064156
47.2 12 7 0.099546 0.500000504171 -0.105281075761
47.3 12 7 0.098573 0.500000499847 -0.105281087052
47.4 12 7 0.099959 0.500000495325 -0.105281097923
47.5 12 7 0.098272 0.500000490608 -0.105281108274
47.6 12 7 0.099748 0.5000004857 -0.10528111801
47.7 12 7 0.098568 0.500000480603 -0.105281127044
47.8 12 7 0.099181 0.500000475322 -0.105281135296
47.9 12 7 0.09923 0.500000469861 -0.105281142695
48 12 7 0.098724 0.500000464222 -0.105281149179
48.1 12 7 0.098916 0.500000458411 -0.105281154695
48.2 12 7 0.099264 0.500000452432 -0.105281159202
48.3 12 7 0.098469 0.500000446289 -0.105281162666
48.4 12 7 0.097799 0.500000439987 -0.105281165067
48.5 12 7 0.098076 0.500000433531 -0.105281166395
48.6 12 7 0.098656 0.500000426925 -0.105281166649
48.7 12 7 0.099 0.500000420174 -0.105281165842
48.8 12 7 0.098998 0.500000413284 -0.105281163994
48.9 12 7 0.098333 0.500000406259 -0.105281161138
49 12 7 0.098673 0.500000399105 -0.105281157316
49.1 12 7 0.098542 0.500000391826 -0.105281152579
49.2 12 7 0.098903 0.500000384427 -0.105281146993
49.3 12 7 0.099102 0.500000376916 -0.105281139889
49.4 12 7 0.099317 0.500000369302 -0.105281132865
49.5 12 7 0.100116 0.500000361585 -0.105281125202
49.6 12 7 0.099403 0.500000353768 -0.105281117007
49.7 12 7 0.097872 0.500000345857 -0.105281108368
49.8 12 7 0.099232 0.500000337855 -0.105281099382
49.9 12 7 0.099397 0.500000329767 -0.105281090148
50 12 7 0.098939 0.500000321599 -0.105281080766
