# SIAM quench evolution, spin-symmetric FBR
# n0(t=0)=1  E_gs(ref)=-30.8994525853
# t  n_active  bond_dim  wall_s  n0  energy
0 2 1 0.002455 1 -1000
0.1 4 2 0.088682 0.999947970058 -4.66360172789e-12
0.2 4 2 0.095409 0.999792020464 -8.48275459687e-05
0.3 4 2 0.09458 0.999532572461 -0.000254147156725
0.4 4 2 0.057802 0.999170325469 -0.000507289460527
0.5 4 2 0.057799 0.998706253115 -0.00084325517272
0.6 4 2 0.057736 0.998141597728 -0.00126072080069
0.7 4 2 0.094305 0.997477863345 -0.00175804618433
0.8 4 2 0.062664 0.996716807266 -0.00233328382588
0.9 4 2 0.057692 0.995860430249 -0.00298418994632
1 4 2 0.094159 0.994910965412 -0.00370823719388
1.1 4 2 0.057676 0.993870865923 -0.00450262891956
1.2 4 2 0.094187 0.992742791597 -0.00536431492368
1.3 4 2 0.057674 0.991529594287 -0.00629000860955
1.4 4 2 0.058605 0.990234302875 -0.00727620529167
1.5 4 2 0.094517 0.98886010742 -0.00831920163344
1.6 4 2 0.094904 0.987410341946 -0.00941511620831
1.7 4 2 0.094419 0.985888467366 -0.0105599108501
1.8 4 2 0.094711 0.984298053809 -0.0117494127363
1.9 4 2 0.094946 0.982642762684 -0.0129793370509
2 4 2 0.094767 0.980926328578 -0.014245310078
2.1 4 2 0.097457 0.979152541124 -0.0155428925779
2.2 4 2 0.094063 0.977325226966 -0.0168676032939
2.3 4 2 0.057389 0.975448231913 -0.0182149424396
2.4 4 2 0.094516 0.973525403424 -0.0195804150167
2.5 4 2 0.057645 0.971560573504 -0.0209595538173
2.6 4 2 0.093914 0.96955754213 -0.0223479419657
2.7 4 2 0.057631 0.967520061284 -0.0237412348615
2.8 4 2 0.057918 0.96545181969 -0.0251351813897
2.9 4 2 0.095017 0.963356428327 -0.0265256442698
3 4 2 0.09478 0.961237406788 -0.0279086194242
3.1 4 2 0.057609 0.959098170545 -0.0292802542526
3.2 4 2 0.057501 0.956942019177 -0.03063686471
3.3 4 2 0.057519 0.954772125598 -0.0319749510916
3.4 6 3 0.09762 0.952591525845 -0.0332912123858
3.5 6 3 0.0989 0.950403110992 -0.0345825602517
3.6 6 3 0.098455 0.948209619612 -0.0358461289124
3.7 6 3 0.099131 0.946013631117 -0.037079285671
3.8 6 3 0.098655 0.943817560386 -0.0382796391907
3.9 6 3 0.100461 0.941623653467 -0.0394450461466
4 6 3 0.103466 0.939433984382 -0.0405736162126
4.1 6 3 0.103358 0.937250452996 -0.0416637154292
4.2 6 3 0.102394 0.935074783932 -0.0427139678855
4.3 6 3 0.099025 0.932908526505 -0.043723255745
4.4 6 3 0.101715 0.930753055647 -0.0446907178102
4.5 6 3 0.103365 0.928609573766 -0.0456157463234
4.6 8 4 0.097362 0.926479113424 -0.0464979824919
4.7 8 4 0.066213 0.924362541686 -0.0473373106411
4.8 8 4 0.069771 0.922260563522 -0.0481338507272
4.9 8 4 0.069052 0.920173727754 -0.0488879488294
5 8 4 0.103701 0.918102432291 -0.0496001678268
5.1 8 4 0.103314 0.916046930985 -0.0502712762327
5.2 8 4 0.066434 0.914007340756 -0.0509022360957
5.3 8 4 0.103718 0.911983649231 -0.0514941899851
5.4 8 4 0.067247 0.909975722671 -0.0520484471329
5.5 8 4 0.067753 0.907983314856 -0.0525664687681
5.6 8 4 0.07061 0.906006075659 -0.0530498530308
5.7 8 4 0.067945 0.904043560334 -0.0535003195973
5.8 8 4 0.068386 0.902095238555 -0.0539196936622
5.9 8 4 0.070417 0.900160503972 -0.0543098897712
6 8 4 0.069136 0.898238683726 -0.0546728955491
6.1 8 4 0.070057 0.896329047983 -0.0550107554732
6.2 8 4 0.070254 0.89443081942 -0.0553255546936
6.3 8 4 0.069626 0.892543182604 -0.055619403154
6.4 8 4 0.073559 0.890665293132 -0.0558944200031
6.5 8 4 0.112134 0.888796286992 -0.0561527183834
6.6 8 4 0.073459 0.886935288918 -0.0563963911044
6.7 8 4 0.073291 0.885081420834 -0.056627496364
6.8 8 4 0.073505 0.883233809865 -0.0568480445958
6.9 8 4 0.073111 0.881391596095 -0.0570599859642
7 8 4 0.076332 0.879553939711 -0.0572651988755
7.1 8 4 0.073649 0.877720027745 -0.0574654791235
7.2 8 4 0.111572 0.875889080432 -0.0576625301324
7.3 8 4 0.111764 0.874060356425 -0.0578579543907
7.4 12 4 0.112233 0.87223315817 -0.0580532456805
7.5 8 4 0.12298 0.870406836291 -0.0582497824006
7.6 8 4 0.111808 0.868580793569 -0.0584488221797
7.7 8 4 0.074939 0.866754487411 -0.0586514976831
7.8 8 4 0.080143 0.864927434523 -0.0588588128881
7.9 8 4 0.077013 0.863099211171 -0.0590716411748
8 8 4 0.077128 0.861269455185 -0.0592907241591
8.1 8 4 0.080497 0.859437866824 -0.0595166716494
8.2 8 4 0.077059 0.85760420905 -0.0597499626351
8.3 8 4 0.077016 0.855768307246 -0.0599909472689
8.4 8 4 0.076415 0.853930048387 -0.0602398497975
8.5 8 4 0.076619 0.852089379699 -0.0604967723924
8.6 8 4 0.077501 0.850246306838 -0.060761699822
8.7 8 4 0.076991 0.848400891603 -0.0610345049055
8.8 8 4 0.076837 0.846553249246 -0.0613149546823
8.9 8 4 0.076039 0.844703545396 -0.0616027172257
9 8 4 0.07748 0.842851992638 -0.0618973690293
9.1 8 4 0.077926 0.840998846806 -0.0621984028899
9.2 8 4 0.076656 0.839144403009 -0.0625052362079
9.3 8 4 0.075857 0.83728899145 -0.0628172196271
9.4 8 4 0.081208 0.835432973078 -0.0631336459335
9.5 8 4 0.07613 0.83357673511 -0.063453759133
9.6 8 4 0.076188 0.831720686481 -0.0637767636287
9.7 8 4 0.076527 0.829865253244 -0.0641018334191
9.8 8 4 0.077325 0.828010873985 -0.0644281212419
9.9 8 4 0.077316 0.826157995278 -0.0647547675876
10 8 4 0.076431 0.82430706722 -0.0650809095132
10.1 8 4 0.077932 0.822458538953 -0.0654056893282
10.2 10 5 0.117504 0.820612854323 -0.0657282625368
10.3 10 5 0.125695 0.818770448433 -0.0660478070093
10.4 10 5 0.124656 0.816931743377 -0.0663635280886
10.5 10 5 0.127028 0.81509714532 -0.0666746666239
10.6 10 5 0.123943 0.813267040695 -0.0669805051182
10.7 10 5 0.124866 0.811441793435 -0.0672803736327
10.8 10 5 0.124941 0.809621741969 -0.0675736547019
10.9 12 5 0.124217 0.807807197171 -0.0678597881781
11 12 5 0.089512 0.805998440452 -0.0681382742036
11.1 12 5 0.132057 0.804195721481 -0.0684086789661
11.2 12 5 0.132546 0.802399257502 -0.0686706345735
11.3 12 5 0.091542 0.800609231855 -0.0689238401983
11.4 12 5 0.133897 0.798825792998 -0.069168066144
11.5 12 5 0.089677 0.797049054866 -0.0694031519885
11.6 12 5 0.129774 0.795279096833 -0.0696290062828
11.7 12 5 0.089138 0.793515963244 -0.0698456091387
11.8 12 5 0.131562 0.791759665163 -0.0700530051195
11.9 12 5 0.131243 0.790010180428 -0.0702513087868
12 12 5 0.1311 0.788267456763 -0.070440700984
12.1 12 5 0.132896 0.786531410152 -0.0706214131555
12.2 12 5 0.135511 0.784801927902 -0.0707937369664
12.3 12 5 0.090906 0.783078869682 -0.0709579995887
12.4 12 5 0.133133 0.781362072644 -0.071114624293
12.5 12 5 0.133879 0.779651349912 -0.0712640310073
12.6 12 5 0.091801 0.777946495238 -0.0714066923308
12.7 12 5 0.132375 0.776247285113 -0.0715431156875
12.8 12 5 0.091029 0.774553479955 -0.0716738420809
12.9 12 5 0.132254 0.772864830018 -0.0717994107847
13 12 5 0.091271 0.77118107528 -0.0719204030314
13.1 12 5 0.138094 0.769501949195 -0.0720374035411
13.2 12 5 0.090838 0.767827181277 -0.0721510002814
13.3 12 5 0.091081 0.766156500031 -0.0722617837232
13.4 12 5 0.132804 0.764489635715 -0.0723703387754
13.5 12 5 0.132437 0.762826321948 -0.0724772381088
13.6 12 5 0.091319 0.761166299203 -0.0725830383798
13.7 12 5 0.091861 0.759509317104 -0.0726882797024
13.8 12 5 0.092051 0.757855135859 -0.0727934752116
13.9 12 5 0.091539 0.756203529087 -0.0728991110347
14 12 5 0.141125 0.754554285419 -0.0730056427488
14.1 12 5 0.091576 0.752907209805 -0.0731134844254
14.2 12 5 0.091296 0.751262124603 -0.0732230158791
14.3 12 5 0.092672 0.749618872638 -0.0733345809688
14.4 12 5 0.09426 0.747977316871 -0.0734484731222
14.5 12 6 0.09385 0.746337341383 -0.0735649445971
14.6 12 6 0.093342 0.744698852118 -0.0736842035238
14.7 12 6 0.092971 0.743061780027 -0.0738063080593
14.8 12 6 0.094678 0.741426076734 -0.0739314716207
14.9 12 6 0.093813 0.739791716005 -0.0740597700432
15 12 6 0.093373 0.738158693312 -0.0741912282026
15.1 12 6 0.096593 0.736527025703 -0.0743258262985
15.2 12 6 0.094635 0.734896751016 -0.0744635014444
15.3 12 6 0.093971 0.733267927057 -0.0746041498611
15.4 12 6 0.093391 0.73164063053 -0.074747628321
15.5 12 6 0.095995 0.730014955888 -0.0748937569938
15.6 12 6 0.094065 0.728391014017 -0.0750423220996
15.7 12 6 0.094365 0.726768930708 -0.0751930788805
15.8 12 6 0.093553 0.725148844994 -0.0753457549655
15.9 12 6 0.093788 0.723530907732 -0.0755000534993
16 12 6 0.094379 0.72191527977 -0.0756556567087
16.1 12 6 0.097078 0.72030212982 -0.0758122299745
16.2 12 6 0.094448 0.718691633274 -0.0759694248632
16.3 12 6 0.094469 0.717083969911 -0.0761268833134
16.4 12 6 0.095689 0.715479321841 -0.0762842418824
16.5 12 6 0.095602 0.713877872435 -0.0764411343406
16.6 12 6 0.095467 0.712279803499 -0.0765971966741
16.7 12 6 0.095966 0.710685294442 -0.076752069661
16.8 12 6 0.095514 0.709094520254 -0.0769054025804
16.9 12 6 0.095042 0.707507649444 -0.0770568571891
17 12 6 0.096545 0.705924843385 -0.0772061097718
17.1 12 6 0.096117 0.704346254099 -0.0773528550445
17.2 12 6 0.100479 0.70277202355 -0.0774968079538
17.3 12 6 0.095668 0.701202282198 -0.0776377067979
17.4 12 6 0.094831 0.699637147902 -0.0777753152411
17.5 12 6 0.095403 0.69807672545 -0.077909423424
17.6 12 6 0.095212 0.696521105134 -0.0780398507677
17.7 12 6 0.09597 0.694970362811 -0.0781664462497
17.8 12 6 0.095532 0.693424559088 -0.0782890901183
17.9 12 7 0.095953 0.691883739218 -0.0784076932794
18 12 7 0.095924 0.690347932815 -0.0785221991559
18.1 12 7 0.096525 0.688817154083 -0.0786325830539
18.2 12 7 0.095166 0.687291401768 -0.0787388503086
18.3 14 7 0.102055 0.685770659812 -0.0788410382576
18.4 14 7 0.145449 0.684254897221 -0.0789392140734
18.5 12 7 0.146333 0.682744069135 -0.0790334746866
18.6 12 7 0.139839 0.681238117481 -0.0791239423697
18.7 12 7 0.100183 0.679736971561 -0.0792107660186
18.8 12 7 0.099739 0.678240549303 -0.0792941188355
18.9 12 7 0.099538 0.676748758015 -0.0793741957051
19 14 7 0.09911 0.675261495563 -0.0794512111326
19.1 16 7 0.151929 0.673778651543 -0.0795253968747
19.2 16 7 0.112191 0.672300108535 -0.0795969991216
19.3 16 7 0.109608 0.67082574324 -0.0796662771566
19.4 16 7 0.1501 0.66935542801 -0.0797334986173
19.5 16 7 0.149908 0.667889031916 -0.0797989387954
19.6 16 7 0.150901 0.666426422217 -0.0798628767366
19.7 16 7 0.110838 0.664967465378 -0.0799255934202
19.8 16 7 0.151624 0.663512029127 -0.0799873676864
19.9 16 7 0.163167 0.662059982887 -0.0800484751776
20 16 7 0.150329 0.660611199298 -0.0801091845836
20.1 16 7 0.110712 0.659165555262 -0.0801697563995
20.2 16 7 0.110414 0.657722933514 -0.0802304395293
20.3 16 7 0.150708 0.656283223135 -0.0802914701689
20.4 16 7 0.110074 0.654846320552 -0.080353069214
20.5 16 7 0.151215 0.653412130752 -0.0804154395329
20.6 16 7 0.153156 0.651980567466 -0.0804787678097
20.7 16 7 0.108797 0.650551554139 -0.0805432187641
20.8 16 7 0.149101 0.649125024408 -0.0806089366192
20.9 16 8 0.150196 0.647700922703 -0.0806760435682
21 16 7 0.149734 0.646279204916 -0.0807446390659
21.1 16 7 0.149693 0.64485983755 -0.0808147993827
21.2 16 7 0.109914 0.64344279846 -0.0808865773967
21.3 16 7 0.110454 0.642028077039 -0.0809600019343
21.4 16 7 0.153022 0.640615673745 -0.081035078606
21.5 16 7 0.109771 0.639205599707 -0.0811117909873
21.6 16 7 0.110214 0.637797876939 -0.0811900970048
21.7 16 7 0.110086 0.636392537444 -0.0812699400759
21.8 16 7 0.150201 0.634989622535 -0.0813512382768
21.9 16 7 0.150011 0.633589182987 -0.081433890636
22 16 7 0.110433 0.632191277824 -0.0815177788837
22.1 16 7 0.155615 0.630795973366 -0.0816027677113
22.2 16 7 0.109387 0.629403342772 -0.0816887109291
22.3 16 7 0.159681 0.628013465113 -0.0817754456048
22.4 16 7 0.156298 0.626626424664 -0.0818627989646
22.5 16 7 0.115446 0.625242308997 -0.0819505892321
22.6 16 7 0.114188 0.623861209343 -0.0820386259275
22.7 16 7 0.114059 0.622483218833 -0.0821267171461
22.8 16 7 0.155195 0.621108431485 -0.0822146670787
22.9 16 7 0.161487 0.619736941594 -0.0823022780345
23 16 7 0.156326 0.618368842584 -0.0823893522461
23.1 16 7 0.156836 0.617004225971 -0.0824756963469
23.2 16 7 0.157208 0.615643180418 -0.0825611211334
23.3 16 7 0.11567 0.614285791384 -0.0826454448574
23.4 16 7 0.11574 0.612932140064 -0.0827284872773
23.5 16 7 0.158064 0.611582301567 -0.0828101004395
23.6 16 7 0.162643 0.610236346075 -0.0828901188994
23.7 16 7 0.1588 0.60889433708 -0.0829684060705
23.8 16 7 0.158765 0.607556331117 -0.083044835904
23.9 16 7 0.15685 0.606222377045 -0.0831192973465
24 16 7 0.116043 0.604892516108 -0.0831916972613
24.1 16 7 0.11597 0.603566781148 -0.0832619565059
24.2 16 7 0.159033 0.602245196594 -0.0833300143041
24.3 16 7 0.159953 0.600927778489 -0.0833958269078
24.4 16 7 0.149871 0.599614534244 -0.0834593690746
24.5 16 7 0.151309 0.598305462563 -0.0835206355094
24.6 16 7 0.151571 0.597000553856 -0.0835796309689
24.7 16 7 0.151884 0.59569979023 -0.0836363842494
24.8 16 7 0.153124 0.594403145789 -0.0836909393522
24.9 16 7 0.156738 0.593110587015 -0.0837433562268
25 16 7 0.111639 0.591822073266 -0.0837937101366
25.1 16 7 0.15232 0.590537556884 -0.0838420904772
25.2 16 7 0.112484 0.589256984177 -0.0838886015529
25.3 16 7 0.152338 0.587980296327 -0.0839333486662
25.4 16 7 0.111713 0.586707428711 -0.0839764708229
25.5 16 7 0.112979 0.585438312604 -0.084018097682
25.6 16 7 0.15296 0.584172875875 -0.0840583717121
25.7 16 7 0.113536 0.582911043392 -0.0840974426256
25.8 16 7 0.112635 0.581652737935 -0.0841354651092
25.9 16 7 0.15164 0.58039788091 -0.0841725970873
26 16 7 0.111448 0.579146393002 -0.0842089984823
26.1 16 7 0.15303 0.577898195106 -0.0842448296193
26.2 16 7 0.152192 0.576653208918 -0.0842802496245
26.3 16 7 0.152792 0.57541135768 -0.0843154148712
26.4 16 7 0.151942 0.574172566909 -0.0843504774523
26.5 16 7 0.157964 0.572936765061 -0.0843855843301
26.6 16 7 0.152398 0.571703884085 -0.0844208748698
26.7 16 7 0.152053 0.570473860091 -0.0844564806274
26.8 16 7 0.112938 0.569246633923 -0.0844925080714
26.9 16 7 0.152885 0.568022151434 -0.0845290797238
27 16 7 0.15303 0.566800363941 -0.0845662976815
27.1 16 7 0.157605 0.565581228476 -0.0846042505874
27.2 16 7 0.15352 0.564364708144 -0.0846430159894
27.3 16 7 0.153004 0.563150772515 -0.0846826575153
27.4 16 7 0.153107 0.561939397537 -0.0847232243756
27.5 16 7 0.152025 0.56073056573 -0.0847647541404
27.6 16 7 0.151414 0.559524266344 -0.0848072688922
27.7 16 8 0.150995 0.558320495066 -0.0848507780116
27.8 16 8 0.156186 0.557119253209 -0.0848953955438
27.9 16 7 0.152343 0.555920550225 -0.0849410005199
28 16 7 0.151269 0.554724401667 -0.0849875580586
28.1 16 7 0.112014 0.55353082909 -0.0850350213961
28.2 16 7 0.111446 0.552339859314 -0.0850833348498
28.3 16 7 0.157058 0.551151524377 -0.0851324306069
28.4 16 7 0.153366 0.54996586104 -0.0851822288336
28.5 16 7 0.156905 0.548782910444 -0.0852326431899
28.6 16 7 0.151673 0.54760271726 -0.0852835738718
28.7 16 7 0.14986 0.546425329467 -0.0853349185028
28.8 16 7 0.111473 0.545250797716 -0.0853865642778
28.9 16 7 0.153643 0.544079174371 -0.0854383967683
29 16 7 0.151749 0.542910513577 -0.0854902949062
29.1 16 7 0.158234 0.541744870033 -0.0855421387599
29.2 16 7 0.169285 0.540582298682 -0.0855938042903
29.3 16 7 0.156751 0.539422854007 -0.0856451683529
29.4 16 7 0.153024 0.538266589567 -0.0856961090872
29.5 16 7 0.113462 0.537113557621 -0.0857465048721
29.6 16 7 0.112347 0.535963807637 -0.0857962400544
29.7 16 7 0.158461 0.534817386768 -0.0858452071322
29.8 16 7 0.151431 0.533674339022 -0.0858932976898
29.9 16 7 0.113817 0.532534704929 -0.0859404141294
30 16 7 0.151854 0.531398520621 -0.0859864670133
30.1 16 7 0.111535 0.530265817941 -0.0860313715279
30.2 16 7 0.153382 0.529136624364 -0.0860750623878
30.3 16 7 0.151268 0.528010962217 -0.086117473401
30.4 16 7 0.11079 0.52688884873 -0.0861585530256
30.5 16 7 0.152392 0.525770295613 -0.0861982605534
30.6 16 7 0.15254 0.524655309357 -0.0862365690502
30.7 16 7 0.150883 0.523543891003 -0.0862734602718
30.8 16 7 0.111459 0.522436036216 -0.0863089264877
30.9 16 7 0.151207 0.521331734909 -0.0863429749979
31 16 7 0.110957 0.520230972188 -0.0863756123879
31.1 16 7 0.150532 0.519133727603 -0.0864068768476
31.2 16 7 0.110426 0.518039976258 -0.0864368000164
31.3 16 7 0.111392 0.51694968837 -0.0864654329861
31.4 16 7 0.170607 0.515862829705 -0.0864928376996
31.5 16 7 0.150652 0.514779362246 -0.0865190806127
31.6 16 7 0.149772 0.513699244358 -0.0865442349075
31.7 16 7 0.11126 0.512622431669 -0.0865683756237
31.8 16 7 0.150799 0.511548876375 -0.086591598125
31.9 16 7 0.110259 0.510478529071 -0.0866139887892
32 16 7 0.15532 0.509411337976 -0.086635650601
32.1 16 7 0.166179 0.508347244582 -0.086656720661
32.2 16 7 0.117785 0.507286201122 -0.0866772356663
32.3 16 7 0.159443 0.506228151221 -0.0866973323692
32.4 16 7 0.158101 0.505173041705 -0.0867171125479
32.5 16 7 0.157246 0.504120820172 -0.0867366749041
32.6 16 7 0.157389 0.503071435042 -0.0867561165868
32.7 16 7 0.157364 0.50202483635 -0.0867755371795
32.8 16 7 0.162858 0.500980975826 -0.0867950298737
32.9 16 7 0.156569 0.499939807705 -0.0868146848901
33 16 8 0.11642 0.498901288836 -0.0868345869176
33.1 16 8 0.116872 0.497865377992 -0.0868547753784
33.2 16 8 0.117656 0.496832038566 -0.0868753648874
33.3 16 8 0.159308 0.495801236883 -0.0868964521993
33.4 16 8 0.11823 0.494772943749 -0.0869180662651
33.5 16 8 0.118064 0.493747133848 -0.0869402477152
33.6 16 8 0.120831 0.492723785981 -0.0869630419619
33.7 16 8 0.159789 0.49170288331 -0.0869864777085
33.8 16 8 0.15989 0.490684413204 -0.0870105784366
33.9 16 8 0.159159 0.48966836744 -0.0870353577329
34 16 8 0.161315 0.488654741973 -0.0870608200268
34.1 16 8 0.11934 0.487643537072 -0.0870869630993
34.2 16 8 0.162399 0.486634757138 -0.0871137697786
34.3 16 8 0.116865 0.485628410445 -0.0871412206543
34.4 16 8 0.160403 0.484624509214 -0.0871692842529
34.5 16 8 0.117445 0.483623069122 -0.0871979236568
34.6 16 8 0.158994 0.482624109133 -0.0872270932261
34.7 16 8 0.116692 0.481627651206 -0.0872567409595
34.8 16 8 0.158048 0.480633720086 -0.0872868036096
34.9 16 8 0.116797 0.479642342679 -0.0873172279488
35 16 8 0.133847 0.478653548209 -0.087347938538
35.1 16 8 0.113865 0.477667367327 -0.0873788663522
35.2 16 8 0.118724 0.476683832156 -0.0874099333618
35.3 16 8 0.16264 0.475702975567 -0.0874410622989
35.4 16 8 0.160946 0.474724831023 -0.0874721719548
35.5 16 8 0.162697 0.473749432196 -0.0875031827376
35.6 16 9 0.120552 0.472776812149 -0.0875340155105
35.7 16 10 0.167413 0.471807003413 -0.0875645910248
35.8 16 9 0.164217 0.47084003932 -0.0875947969675
35.9 16 9 0.121341 0.469875950155 -0.0876246073219
36 16 9 0.120838 0.468914764206 -0.087653945732
36.1 16 9 0.165164 0.467956507395 -0.0876827395391
36.2 16 9 0.163399 0.467001203546 -0.0877109169791
36.3 16 9 0.164831 0.466048874064 -0.0877384189393
36.4 16 9 0.169149 0.465099537592 -0.0877651916536
36.5 16 9 0.120218 0.464153210057 -0.0877911843875
36.6 16 9 0.121701 0.463209903303 -0.0878163599393
36.7 16 9 0.120811 0.462269626471 -0.0878406802652
36.8 16 9 0.16393 0.461332384806 -0.0878641218799
36.9 16 9 0.121766 0.460398180351 -0.0878866587933
37 16 9 0.165737 0.459467011299 -0.0879082829339
37.1 16 9 0.126252 0.45853887271 -0.0879289836705
37.2 16 9 0.163773 0.457613755657 -0.0879487685165
37.3 16 9 0.163032 0.456691647984 -0.0879676419167
37.4 16 9 0.162495 0.455772534131 -0.0879856213362
37.5 16 9 0.12015 0.454856395581 -0.0880027270926
37.6 16 9 0.16064 0.453943210583 -0.0880189944755
37.7 16 9 0.160541 0.453032954339 -0.0880344544795
37.8 16 9 0.178331 0.45212559974 -0.088049149926
37.9 16 9 0.117319 0.451221117411 -0.088063126547
38 16 9 0.119259 0.45031947581 -0.0880764387015
38.1 16 9 0.160972 0.449420641171 -0.0880891416594
38.2 16 9 0.160355 0.448524578354 -0.088101294755
38.3 16 9 0.160638 0.447631250903 -0.0881129608982
38.4 16 9 0.11835 0.446740622034 -0.0881242009944
38.5 16 10 0.120459 0.445852653871 -0.0881350884246
38.6 16 9 0.11876 0.444967308592 -0.0881456825526
38.7 16 9 0.160198 0.444084547552 -0.0881560684787
38.8 16 10 0.160261 0.443204333202 -0.0881662994641
38.9 16 10 0.119045 0.442326628928 -0.0881764371995
39 16 9 0.161494 0.441451398051 -0.0881865714858
39.1 16 9 0.161315 0.440578606012 -0.0881967461921
39.2 16 9 0.164438 0.439708219558 -0.088207025689
39.3 16 9 0.161158 0.438840207149 -0.0882174684284
39.4 16 9 0.119412 0.437974539847 -0.0882281257137
39.5 16 9 0.162173 0.437111190047 -0.0882390531359
39.6 16 10 0.161739 0.436250132908 -0.0882502887296
39.7 16 9 0.161443 0.435391346113 -0.0882618735696
39.8 16 9 0.163931 0.434534810027 -0.0882738411194
39.9 16 9 0.161777 0.433680507966 -0.0882862201949
40 16 10 0.161282 0.432828425942 -0.0882990326002
40.1 16 11 0.118578 0.431978553509 -0.0883122903975
40.2 16 11 0.161104 0.431130882431 -0.0883260128838
40.3 16 11 0.161606 0.430285407879 -0.0883402010132
40.4 16 11 0.161711 0.429442127441 -0.0883548506687
40.5 16 11 0.164624 0.428601041453 -0.0883699557648
40.6 16 11 0.160666 0.427762153231 -0.0883854997225
40.7 16 12 0.11988 0.426925469048 -0.0884014653908
40.8 16 13 0.162809 0.426090997439 -0.0884178217892
40.9 16 13 0.120037 0.425258748459 -0.0884345404981
41 16 13 0.120845 0.424428735091 -0.0884515935787
41.1 16 13 0.164507 0.423600971906 -0.0884689405809
41.2 16 13 0.117957 0.422775474675 -0.0884865411401
41.3 16 13 0.156656 0.421952261227 -0.0885043493575
41.4 16 13 0.115634 0.421131349618 -0.0885223188304
41.5 16 13 0.115568 0.420312759498 -0.0885403947964
41.6 16 13 0.117626 0.419496511063 -0.0885585267125
41.7 16 13 0.117866 0.418682624686 -0.0885766613862
41.8 16 13 0.158722 0.417871120908 -0.0885947452143
41.9 16 13 0.116701 0.417062020014 -0.088612722523
42 16 13 0.119506 0.416255341962 -0.0886305407602
42.1 16 13 0.11791 0.415451105853 -0.0886481479491
42.2 16 13 0.117587 0.414649330001 -0.0886654912004
42.3 16 13 0.158648 0.413850031438 -0.0886825222543
42.4 16 13 0.118487 0.413053226014 -0.0886991940822
42.5 16 13 0.118694 0.412258927809 -0.0887154587762
42.6 16 13 0.121106 0.41146714913 -0.0887312821526
42.7 16 13 0.121608 0.410677900017 -0.0887466271159
42.8 16 13 0.12362 0.409891189525 -0.0887614578696
42.9 16 13 0.120831 0.409107024166 -0.0887757482686
43 18 13 0.121222 0.408325407543 -0.0887894728185
43.1 18 13 0.17086 0.407546341458 -0.0888026069222
43.2 18 13 0.130517 0.406769825037 -0.0888151453358
43.3 16 13 0.172362 0.405995854799 -0.0888270744886
43.4 16 13 0.162969 0.405224424986 -0.0888383911019
43.5 18 13 0.127703 0.404455527154 -0.088849096444
43.6 16 13 0.174312 0.403689151254 -0.0888592009995
43.7 16 13 0.124749 0.402925284081 -0.0888687052829
43.8 16 13 0.123832 0.402163910507 -0.0888776373337
43.9 16 13 0.125051 0.401405013358 -0.0888860133691
44 16 13 0.12565 0.400648573258 -0.0888938554295
44.1 16 14 0.125489 0.39989456904 -0.0889011962568
44.2 16 13 0.124851 0.399142978051 -0.0889080661059
44.3 16 13 0.129699 0.398393776629 -0.0889144987972
44.4 16 13 0.125504 0.39764693939 -0.0889205305355
44.5 16 14 0.125665 0.396902439928 -0.0889262115268
44.6 16 14 0.125218 0.396160250717 -0.0889315783656
44.7 16 14 0.125417 0.395420344194 -0.0889366826516
44.8 16 14 0.125412 0.394682692336 -0.0889415633619
44.9 16 14 0.125258 0.393947266409 -0.0889462698717
45 16 14 0.125629 0.39321403815 -0.0889508497936
45.1 16 14 0.128918 0.392482979874 -0.0889553499914
45.2 16 14 0.125448 0.39175406379 -0.0889598156571
45.3 16 14 0.125722 0.391027263051 -0.0889642927882
45.4 16 14 0.125861 0.390302551808 -0.0889688227996
45.5 16 14 0.126376 0.389579904946 -0.0889734490813
45.6 16 14 0.125534 0.388859299002 -0.0889782045104
45.7 16 14 0.13411 0.388140712337 -0.0889831337564
45.8 16 14 0.132794 0.387424124261 -0.0889882680728
45.9 18 14 0.135984 0.386709515483 -0.0889936327628
46 18 14 0.184961 0.385996869648 -0.0889992563937
46.1 18 14 0.140445 0.385286171385 -0.0890051641517
46.2 18 14 0.142133 0.384577407577 -0.0890113716157
46.3 18 14 0.141146 0.383870566875 -0.0890178922544
46.4 18 15 0.185553 0.383165640315 -0.0890247374303
46.5 18 15 0.190402 0.38246262096 -0.0890319174836
46.6 18 15 0.187629 0.381761503609 -0.089039434411
46.7 18 15 0.143399 0.381062285116 -0.0890472860464
46.8 18 15 0.143415 0.380364964697 -0.0890554567825
46.9 18 15 0.186769 0.379669543259 -0.0890639419034
47 18 15 0.187273 0.378976023628 -0.0890727253028
47.1 18 15 0.145444 0.378284409691 -0.089081786116
47.2 18 15 0.187243 0.377594707692 -0.0890911031233
47.3 18 15 0.143363 0.376906925088 -0.089100657793
47.4 18 15 0.142752 0.37622107039 -0.0891104102925
47.5 18 15 0.143949 0.375537153584 -0.0891203419843
47.6 18 15 0.145271 0.374855185153 -0.0891304115075
47.7 18 15 0.187147 0.374175176902 -0.0891405908845
47.8 18 15 0.145785 0.373497140855 -0.0891508401861
47.9 18 15 0.181609 0.372821089734 -0.0891611217148
48 18 15 0.177861 0.372147035544 -0.0891713998646
48.1 18 15 0.136349 0.371474991512 -0.0891816339036
48.2 18 15 0.179011 0.370804970108 -0.0891917824276
48.3 18 15 0.138322 0.370136983761 -0.0892018170735
48.4 18 15 0.14014 0.369471043936 -0.0892116922013
48.5 18 15 0.180377 0.368807161397 -0.0892213746879
48.6 18 15 0.180959 0.368145346128 -0.0892308305535
48.7 18 15 0.138863 0.367485607565 -0.0892400244862
48.8 18 15 0.138379 0.366827953633 -0.0892489257197
48.9 18 15 0.18107 0.366172391266 -0.0892575115032
49 18 15 0.18998 0.36551892592 -0.0892657437231
49.1 18 15 0.18027 0.364867561099 -0.0892736147737
49.2 18 15 0.182075 0.364218298703 -0.0892810977848
49.3 18 15 0.139467 0.363571140091 -0.0892881811409
49.4 18 15 0.180987 0.362926083915 -0.0892948505162
49.5 18 15 0.181032 0.362283127475 -0.0893010976903
49.6 18 15 0.183996 0.361642266082 -0.0893069178525
49.7 18 15 0.139097 0.361003493636 -0.089312303412
49.8 18 15 0.180961 0.360366802484 -0.0893172632764
49.9 18 15 0.181734 0.359732182715 -0.089321800379
50 18 15 0.182363 0.359099623476 -0.0893259235681
