# IRLM quench (site 0 full, site 1 empty, bath Fermi sea), method=chain
# L=200 U=0.2 V=0.1 dt=0.1 tmax=100 cutoff=1e-10 max_bond_dim=1024
# t  n_active  bond_dim  wall_s  n0  n1
0 200 166 0.000236000000001 1 0
0.1 200 149 10.174568 0.999900055474 0.00134847167356
0.2 200 141 9.45948 0.999600885378 0.00537559405552
0.3 200 137 8.680241 0.999104471299 0.0120268170562
0.4 200 133 8.227992 0.998414086539 0.0212123160168
0.5 200 132 7.904693 0.997534252304 0.0328086207308
0.6 200 132 7.727511 0.996470677161 0.0466608546933
0.7 200 132 7.551876 0.995230181493 0.0625855242194
0.8 200 131 7.374002 0.993820607839 0.0803737993048
0.9 200 129 7.294806 0.992250718514 0.0997952297757
1 200 129 7.159611 0.990530083008 0.120601791576
1.1 200 129 7.074722 0.988668956433 0.142532213567
1.2 200 129 7.098681 0.986678150748 0.165316503652
1.3 200 129 7.043392 0.984568902168 0.188680493755
1.4 200 129 6.93086 0.982352735669 0.212350402363
1.5 200 127 6.845198 0.980041329586 0.236057289318
1.6 200 126 6.809648 0.977646382153 0.259541382946
1.7 200 125 6.81885 0.975179482017 0.282556057516
1.8 200 125 6.739094 0.972651984467 0.304871472004
1.9 200 125 6.707453 0.970074895933 0.326277831649
2 200 125 6.746983 0.967458768043 0.346588199607
2.1 200 125 6.639125 0.964813601598 0.365640698342
2.2 200 125 7.605574 0.96214876295 0.383300274357
2.3 200 124 6.563773 0.959472913261 0.399459857378
2.4 200 123 6.447147 0.956793951793 0.414040953398
2.5 200 122 6.502822 0.954118969353 0.42699357443
2.6 200 122 6.453965 0.951454221026 0.438295822681
2.7 200 122 6.524336 0.948805109691 0.447952835624
2.8 200 122 6.586144 0.946176182844 0.455995230312
2.9 200 122 6.514333 0.943571142506 0.46247719811
3 200 122 6.457333 0.940992867488 0.467474184963
3.1 200 122 6.560574 0.938443446301 0.471080266612
3.2 200 122 8.412205 0.935924217091 0.47340526281
3.3 200 122 7.452252 0.933435817515 0.474571688374
3.4 200 122 6.621262 0.93097824616 0.474711742453
3.5 200 122 6.605989 0.928550920454 0.473964046775
3.6 200 122 6.596073 0.926152747039 0.472470632967
3.7 200 122 6.58085 0.92378218985 0.470373917535
3.8 200 122 6.588834 0.921437340158 0.467813893136
3.9 200 122 6.568338 0.919115989861 0.464925582894
4 200 122 6.573266 0.916815697377 0.461836664294
4.1 200 122 6.614633 0.914533855895 0.458665489108
4.2 200 122 6.60862 0.912267757421 0.455519412084
4.3 200 122 6.549717 0.910014649701 0.452493450354
4.4 200 122 6.516003 0.907771791847 0.449669344147
4.5 200 122 6.482532 0.905536500294 0.447114948595
4.6 200 122 6.515833 0.903306190725 0.444883984662
4.7 200 122 6.57772 0.901078413188 0.443016149841
4.8 200 121 6.559839 0.89885088398 0.441537555449
4.9 200 121 6.600994 0.896621508639 0.440461405246
5 200 121 6.683146 0.894388393572 0.439788937354
5.1 200 120 6.727485 0.892149860116 0.439510580282
5.2 200 120 6.762994 0.889904445123 0.439607263115
5.3 200 120 6.834094 0.887650910475 0.440051907814
5.4 200 120 6.872062 0.885388241518 0.440810948591
5.5 200 120 6.886538 0.883115635254 0.441845857675
5.6 200 120 6.92037 0.880832485871 0.44311467438
5.7 200 120 6.970751 0.87853837461 0.444573513515
5.8 200 120 6.912896 0.876233061169 0.44617798798
5.9 200 120 6.896053 0.873916459551 0.447884476649
6 200 120 6.902338 0.871588627833 0.449651295751
6.1 200 120 6.905321 0.869249751252 0.451439685437
6.2 200 120 6.880676 0.866900124246 0.453214613329
6.3 200 120 6.876163 0.864540134444 0.454945410296
6.4 200 120 6.822156 0.862170248078 0.456606206624
6.5 200 120 6.748576 0.859791010301 0.45817622183
6.6 200 120 6.750469 0.857403018806 0.459639808176
6.7 200 120 6.779732 0.855006917935 0.460986375928
6.8 200 120 6.843 0.852603391729 0.462210165627
6.9 200 120 6.830823 0.850193155982 0.463309884059
7 200 120 6.807921 0.847776955404 0.464288241203
7.1 200 120 6.784499 0.845355554171 0.465151389868
7.2 200 120 6.766364 0.842929736791 0.465908323226
7.3 200 120 6.830468 0.840500303109 0.466570223064
7.4 200 120 6.802108 0.838068070503 0.467149814146
7.5 200 120 6.821388 0.835633860411 0.467660698396
7.6 200 120 6.835957 0.833198515047 0.468116767982
7.7 200 120 6.848287 0.830762877064 0.468531615555
7.8 200 120 6.884103 0.828327810261 0.468918068171
7.9 200 120 6.900169 0.825894177125 0.469287729373
8 200 120 6.823144 0.823462850301 0.469650664529
8.1 200 120 6.49464 0.821034700426 0.470015138356
8.2 200 120 6.730607 0.818610597196 0.470387464419
8.3 200 120 6.800418 0.816191401674 0.470771933565
8.4 200 120 6.474053 0.813777967708 0.471170839221
8.5 200 119 6.327742 0.811371129731 0.471584566366
8.6 200 119 6.358677 0.808971697543 0.472011758504
8.7 200 118 6.338563 0.806580460979 0.472449553315
8.8 200 118 6.508399 0.804198169363 0.472893835197
8.9 200 118 6.343171 0.801825534221 0.473339550102
9 200 118 6.335883 0.79946321824 0.473781017702
9.1 200 118 6.324996 0.79711183583 0.4742122679
9.2 200 118 6.389146 0.794771939261 0.474627350499
9.3 200 118 6.483489 0.792444016236 0.475020639901
9.4 200 118 6.345296 0.790128487195 0.475387107381
9.5 200 118 6.283809 0.787825712341 0.475722564354
9.6 200 118 6.284203 0.785535973149 0.476023835915
9.7 200 118 6.334343 0.783259457343 0.476288892945
9.8 200 118 6.360425 0.780996308671 0.476516977464
9.9 200 118 6.354063 0.778746596611 0.476708610574
10 200 118 6.342019 0.776510307376 0.476865566435
10.1 200 118 6.349598 0.774287362388 0.47699081821
10.2 200 117 6.341758 0.772077621337 0.477088425187
10.3 200 117 6.334697 0.76988088324 0.477163381179
10.4 200 116 6.308271 0.767696910712 0.477221444574
10.5 200 116 6.327413 0.765525384024 0.477268901297
10.6 200 116 6.325225 0.763365967995 0.477312384857
10.7 200 116 6.345463 0.761218290339 0.477358632498
10.8 200 116 6.335253 0.759081955048 0.477414263763
10.9 200 116 6.326045 0.756956542683 0.477485568779
11 200 116 6.325403 0.754841623695 0.477578307846
11.1 200 115 6.336366 0.752736763887 0.477697544039
11.2 200 115 6.336817 0.750641532554 0.477847498255
11.3 200 115 6.34433 0.748555507731 0.478031437518
11.4 200 115 6.350673 0.746478285468 0.478251600242
11.5 200 114 6.361628 0.744409478417 0.478509157854
11.6 200 114 6.358484 0.742348717787 0.478804206359
11.7 200 114 6.354083 0.740295668451 0.479135807011
11.8 200 114 6.359832 0.738250021876 0.47950204661
11.9 200 114 6.362533 0.736211512237 0.479900136699
12 200 114 6.367558 0.734179892623 0.480326523693
12.1 200 114 6.363012 0.732154960401 0.480777036178
12.2 200 114 6.364332 0.730136547064 0.481247032655
12.3 200 114 6.367412 0.728124518516 0.481731562271
12.4 200 114 6.369943 0.72611877548 0.48222552772
12.5 200 114 6.379318 0.724119258841 0.482723845262
12.6 200 114 6.384507 0.722125934422 0.483221592865
12.7 200 114 6.382754 0.720138800219 0.483714148059
12.8 200 114 6.386597 0.718157887784 0.484197307333
12.9 200 114 6.381678 0.716183254186 0.484667386668
13 200 114 6.391923 0.714214979672 0.485121292501
13.1 200 114 6.394564 0.71225316799 0.485556577487
13.2 200 114 6.404807 0.710297941208 0.48597146347
13.3 200 114 6.421457 0.708349445996 0.48636484589
13.4 200 114 6.436723 0.706407846109 0.486736270569
13.5 200 114 6.42192 0.704473320239 0.487085891302
13.6 200 114 6.435952 0.702546059368 0.487414408621
13.7 200 114 6.434969 0.700626272523 0.487722994625
13.8 200 114 6.448565 0.698714172679 0.488013203356
13.9 200 114 6.452981 0.696809996212 0.488286878519
14 200 114 6.467473 0.694913976454 0.488546051888
14.1 200 114 6.464294 0.693026347333 0.48879284597
14.2 200 114 6.485226 0.691147350389 0.489029379075
14.3 200 114 6.475662 0.689277234357 0.489257679732
14.4 200 114 6.493548 0.68741624713 0.489479608833
14.5 200 114 6.501845 0.685564635929 0.489696796021
14.6 200 114 6.508518 0.683722651598 0.489910591241
14.7 200 114 6.503216 0.681890538142 0.490122029996
14.8 200 114 6.516527 0.680068531284 0.490331815858
14.9 200 114 6.520588 0.678256867883 0.490540319602
15 200 114 6.525138 0.676455763778 0.490747593415
15.1 200 114 6.524539 0.674665427696 0.490953397876
15.2 200 114 6.546562 0.672886059313 0.491157241773
15.3 200 114 6.562686 0.671117832283 0.491358432847
15.4 200 114 6.553779 0.669360911457 0.491556134401
15.5 200 114 6.545946 0.667615438411 0.491749426555
15.6 200 114 6.547961 0.665881538916 0.491937370449
15.7 200 114 6.570063 0.664159314932 0.492119070468
15.8 200 113 6.558152 0.662448842859 0.49229373351
15.9 200 113 6.555881 0.66075017871 0.492460722623
16 200 113 6.566918 0.659063352859 0.492619601689
16.1 200 113 6.57438 0.657388375867 0.492770171569
16.2 200 113 6.578499 0.655725231026 0.492912494098
16.3 200 113 6.586849 0.654073877996 0.493046905249
16.4 200 113 6.599226 0.65243425094 0.493174015655
16.5 200 113 6.61708 0.65080628261 0.493294699401
16.6 200 113 6.613405 0.649189853133 0.493410074027
16.7 200 113 6.615259 0.647584836462 0.493521465654
16.8 200 113 6.623757 0.645991090663 0.493630369172
16.9 200 113 6.633855 0.644408461626 0.493738400478
17 200 113 6.634678 0.642836780615 0.493847243194
17.1 200 112 6.649121 0.64127586591 0.493958593075
17.2 200 111 6.643072 0.639725532548 0.494074101915
17.3 200 111 6.645693 0.638185587802 0.494195322148
17.4 200 111 6.651775 0.636655835908 0.49432365549
17.5 200 111 6.658901 0.635136080147 0.494460306822
17.6 200 111 6.66345 0.633626124716 0.494606244928
17.7 200 111 6.670344 0.632125778335 0.494762171687
17.8 200 111 6.677827 0.63063485623 0.49492850041
17.9 200 111 6.68598 0.629153180314 0.495105344128
18 200 111 6.712441 0.62768058972 0.495292512451
18.1 200 111 6.722436 0.626216924174 0.495489524168
18.2 200 111 6.723171 0.624762028555 0.495695621434
18.3 200 111 6.735966 0.623315768272 0.495909797139
18.4 200 111 6.75247 0.621878023837 0.496130829188
18.5 200 111 6.752413 0.620448687601 0.496357320594
18.6 200 111 6.760758 0.619027666757 0.496587744335
18.7 200 111 6.759263 0.61761488126 0.496820491071
18.8 200 111 6.773661 0.616210264921 0.497053918044
18.9 200 112 6.779551 0.614813765557 0.497286397335
19 200 113 6.789121 0.613425343596 0.497516362061
19.1 200 113 6.795009 0.61204497248 0.497742348723
19.2 200 114 6.807789 0.610672637279 0.497963034561
19.3 200 114 6.818286 0.609308334435 0.498177268779
19.4 200 115 6.831256 0.607952068542 0.498384096551
19.5 200 115 6.826711 0.606603859289 0.498582775429
19.6 200 116 6.839106 0.605263732703 0.498772784222
19.7 200 116 6.856535 0.603931723361 0.49895382374
19.8 200 117 6.857641 0.602607873288 0.499125810049
19.9 200 118 6.857469 0.601292231221 0.499288860859
20 200 119 6.890518 0.599984849967 0.499443275744
20.1 200 120 6.883316 0.598685800371 0.499589509772
20.2 200 121 6.897632 0.597395138532 0.499728148526
20.3 200 121 6.906234 0.596112932681 0.49985987277
20.4 200 122 6.925891 0.594839257008 0.499985425885
20.5 200 123 6.938745 0.593574184483 0.50010558279
20.6 200 123 6.951563 0.592317787038 0.50022111674
20.7 200 124 6.963897 0.591070141761 0.500332769441
20.8 200 125 6.986405 0.589831322965 0.500441225468
20.9 200 126 6.994894 0.588601405584 0.500547090172
21 200 126 7.00287 0.587380464421 0.500650872589
21.1 200 127 7.023869 0.586168570226 0.500752973982
21.2 200 128 7.031029 0.584965790205 0.500853681677
21.3 200 128 7.045532 0.583772189051 0.50095316834
21.4 200 129 7.105135 0.58258782348 0.501051497114
21.5 200 129 7.084643 0.581412747251 0.501148630864
21.6 200 130 7.064569 0.580247004552 0.501244446413
21.7 200 130 7.070691 0.579090632087 0.501338751772
21.8 200 130 7.089643 0.577943659802 0.501431306096
21.9 200 131 7.10911 0.576806110576 0.501521841282
22 200 132 7.121099 0.575677999236 0.501610083693
22.1 200 133 7.131532 0.574559332018 0.50169577779
22.2 200 134 7.148972 0.573450094539 0.501778706484
22.3 200 134 7.159843 0.572350268571 0.501858708432
22.4 200 135 7.16808 0.571259825425 0.501935694371
22.5 200 136 7.180447 0.570178726153 0.502009659164
22.6 200 137 7.213977 0.569106933304 0.502080687729
22.7 200 138 7.226512 0.568044382487 0.502148964642
22.8 200 139 7.248993 0.566990998708 0.502214769168
22.9 200 139 7.260444 0.565946704264 0.502278470415
23 200 140 7.277299 0.564911413009 0.502340519078
23.1 200 141 7.28874 0.563885031365 0.502401434666
23.2 200 141 7.310976 0.562867459013 0.502461789758
23.3 200 142 7.320556 0.561858591449 0.502522191633
23.4 200 142 7.329497 0.5608583148 0.502583262728
23.5 200 143 7.347712 0.559866516094 0.502645619008
23.6 200 143 7.36472 0.558883078232 0.502709849432
23.7 200 144 7.381177 0.55790788268 0.502776495521
23.8 200 144 7.398277 0.556940810363 0.502846032652
23.9 200 145 7.416141 0.555981742666 0.502918853333
24 200 145 7.425143 0.555030562628 0.502995253511
24.1 200 146 7.449211 0.554087155641 0.503075422076
24.2 200 146 7.480857 0.553151419888 0.503159432369
24.3 200 147 7.486457 0.552223239344 0.503247244006
24.4 200 148 7.508201 0.551302511614 0.503338699199
24.5 200 149 7.531546 0.550389139716 0.503433529076
24.6 200 150 7.557105 0.549483036242 0.503531361275
24.7 200 151 7.578583 0.548584121517 0.503631732964
24.8 200 151 7.591676 0.547692323123 0.503734070346
24.9 200 152 7.618175 0.546807569354 0.503837772108
25 200 153 7.633003 0.545929780693 0.503942234781
25.1 200 153 7.653398 0.545058897401 0.504046796351
25.2 200 154 7.66237 0.544194868126 0.50415079157
25.3 200 154 7.686783 0.543337649829 0.504253570785
25.4 200 155 7.714098 0.542487204114 0.504354518024
25.5 200 156 7.728917 0.541643498694 0.504453066884
25.6 200 156 7.758611 0.540806516167 0.504548712449
25.7 200 157 7.782583 0.539976226838 0.504641027456
25.8 200 157 7.802732 0.539152615015 0.504729665542
25.9 200 158 7.837323 0.538335671365 0.504814367296
26 200 159 7.867822 0.537525395072 0.504894962731
26.1 200 160 7.880836 0.536721778144 0.504971371239
26.2 200 160 7.892997 0.535924821636 0.505043595158
26.3 200 161 7.921638 0.535134528268 0.505111713857
26.4 200 162 7.94111 0.53435090508 0.505175874265
26.5 200 162 7.966476 0.533573961566 0.505236279908
26.6 200 163 7.988971 0.532803709194 0.505293178641
26.7 200 164 8.022112 0.53204016091 0.505346849499
26.8 200 164 8.036944 0.531283330937 0.505397589307
26.9 200 165 8.05877 0.53053323438 0.505445699627
27 200 165 8.081751 0.529789884741 0.505491474828
27.1 200 166 8.108883 0.52905330071 0.505535190267
27.2 200 166 8.137602 0.528323496582 0.505577093731
27.3 200 167 8.173664 0.52760049219 0.505617397832
27.4 200 167 8.189255 0.52688429267 0.505656276875
27.5 200 168 8.222451 0.526174909772 0.50569386082
27.6 200 169 8.259218 0.525472358326 0.505730236253
27.7 200 169 8.278504 0.524776640419 0.505765449813
27.8 200 170 8.293708 0.524087755607 0.505799510467
27.9 200 171 8.331397 0.523405703448 0.505832395207
28 200 171 8.355103 0.522730483048 0.505864056267
28.1 200 172 8.393547 0.522062083179 0.505894430778
28.2 200 173 8.420675 0.521400491504 0.505923448673
28.3 200 174 8.446574 0.520745689433 0.505951042713
28.4 200 174 8.471449 0.520097655158 0.505977157236
28.5 200 175 8.490481 0.519456364533 0.506001756316
28.6 200 175 8.516722 0.518821792573 0.506024831884
28.7 200 176 8.545786 0.518193895906 0.506046411771
28.8 200 176 8.569063 0.517572633512 0.506066561239
28.9 200 177 8.609143 0.516957963903 0.506085386861
29 200 178 8.626482 0.516349832438 0.506103038601
29.1 200 178 8.654601 0.515748181953 0.506119706995
29.2 200 179 8.689841 0.515152953066 0.506135620042
29.3 200 179 8.709638 0.514564085499 0.506151037967
29.4 200 180 8.726695 0.513981509599 0.506166247539
29.5 200 181 8.747437 0.513405157156 0.506181552562
29.6 200 182 8.769376 0.512834956332 0.506197265295
29.7 200 182 8.812483 0.51227083185 0.506213696546
29.8 200 183 8.845807 0.511712708476 0.506231144921
29.9 200 183 8.884177 0.511160510271 0.506249886796
30 200 183 8.910361 0.510614160788 0.506270166638
30.1 200 184 8.942853 0.510073582383 0.506292188337
30.2 200 184 8.966034 0.509538699598 0.506316107139
30.3 200 184 8.987818 0.509009439483 0.506342023302
30.4 200 185 9.021152 0.508485736366 0.506369977756
30.5 200 185 9.050618 0.507967512458 0.50639995201
30.6 200 186 9.075945 0.507454699145 0.506431864507
30.7 200 186 9.103313 0.506947230407 0.506465573992
30.8 200 186 9.138905 0.506445050782 0.506500881201
30.9 200 187 9.167421 0.5059480944 0.50653753789
31 200 188 9.21087 0.505456304667 0.50657525085
31.1 200 188 9.237684 0.504969628027 0.506613691352
31.2 200 189 9.255152 0.504488014801 0.50665250466
31.3 200 190 9.279668 0.504011418194 0.506691320473
31.4 200 190 9.318519 0.503539793952 0.506729763654
31.5 200 191 9.345547 0.503073103872 0.50676746435
31.6 200 192 9.387225 0.502611311673 0.506804068842
31.7 200 192 9.430341 0.502154384179 0.506839248965
31.8 200 193 9.454256 0.501702290338 0.506872710669
31.9 200 194 9.481951 0.50125500262 0.506904201
32 200 194 9.528744 0.500812496858 0.506933513471
32.1 200 195 9.550525 0.500374758316 0.506960491627
32.2 200 195 9.596117 0.499941759496 0.506985033806
32.3 200 195 9.622385 0.499513489714 0.507007089485
32.4 200 196 9.657191 0.499089925738 0.507026661839
32.5 200 196 9.696756 0.498671053134 0.507043801307
32.6 200 197 9.724991 0.498256858961 0.507058602014
32.7 200 197 9.765751 0.49784733157 0.507071195825
32.8 200 197 9.813624 0.497442460547 0.507081745271
32.9 200 198 9.844484 0.497042236459 0.50709043588
33 200 198 9.872618 0.496646650904 0.507097467906
33.1 200 198 9.904086 0.496255695308 0.507103048442
33.2 200 199 9.954882 0.495869362402 0.507107382922
33.3 200 200 9.98768 0.495487644748 0.507110667997
33.4 200 200 10.02221 0.495110535094 0.50711308475
33.5 200 201 10.056651 0.494738025836 0.507114793102
33.6 200 201 10.106088 0.494370109345 0.507115927324
33.7 200 202 10.154839 0.494006776405 0.507116593027
33.8 200 202 10.192959 0.493648025965 0.5071168645
33.9 200 203 10.237514 0.493293839934 0.507116787836
34 200 204 10.270807 0.49294421478 0.507116377765
34.1 200 204 10.324712 0.492599131152 0.507115624524
34.2 200 205 10.368523 0.492258574844 0.507114494338
34.3 200 206 10.4065 0.491922529913 0.507112935212
34.4 200 206 10.461124 0.491590980929 0.50711088203
34.5 200 207 10.49608 0.491263905767 0.507108263407
34.6 200 207 10.531587 0.49094128224 0.507105006974
34.7 200 208 10.589824 0.490623085997 0.507101045677
34.8 200 208 10.636107 0.49030929028 0.507096323665
34.9 200 208 10.669354 0.489999865853 0.507090801383
35 200 209 10.770937 0.48969478094 0.507084460076
35.1 200 209 10.775958 0.489393999145 0.507077305511
35.2 200 210 10.83412 0.489097486 0.507069369444
35.3 200 210 10.859194 0.488805201316 0.50706071159
35.4 200 211 10.916545 0.48851710543 0.507051419059
35.5 200 211 10.955425 0.488233160597 0.507041604125
35.6 200 212 10.996808 0.487953315569 0.507031404737
35.7 200 212 11.054699 0.487677532685 0.507020976025
35.8 200 213 11.16335 0.487405754846 0.507010491014
35.9 200 213 11.204976 0.48713793251 0.507000131057
36 200 214 11.270729 0.486874015306 0.506990081169
36.1 200 215 11.258151 0.486613952236 0.506980523768
36.2 200 215 11.313404 0.48635769195 0.506971632288
36.3 200 216 11.363644 0.486105184345 0.506963564846
36.4 200 216 11.406391 0.48585637708 0.506956458889
36.5 200 217 11.40683 0.485611219521 0.506950425655
36.6 200 217 11.452459 0.485369661548 0.506945546048
36.7 200 218 11.483776 0.48513165253 0.506941867447
36.8 200 218 11.499561 0.484897148632 0.506939400639
36.9 200 219 11.606348 0.484666102309 0.506938120209
37 200 219 11.631282 0.484438468937 0.506937964005
37.1 200 220 11.733684 0.48421420418 0.506938834854
37.2 200 220 11.817612 0.483993268548 0.506940602909
37.3 200 221 11.881863 0.483775629982 0.506943108558
37.4 200 221 11.928915 0.483561243146 0.506946170399
37.5 200 222 11.862185 0.483350074404 0.506949587037
37.6 200 222 11.975742 0.483142097236 0.506953143359
37.7 200 223 11.973773 0.482937273883 0.506956619909
37.8 200 223 12.075708 0.482735576908 0.50695979588
37.9 200 223 12.066092 0.482536976908 0.506962457239
38 200 224 12.199801 0.482341447499 0.506964401973
38.1 200 224 12.201015 0.482148964597 0.506965445629
38.2 200 225 12.255014 0.481959506717 0.506965425973
38.3 200 225 12.257396 0.481773052877 0.506964207141
38.4 200 226 12.373757 0.481589583312 0.506961682399
38.5 200 227 12.380084 0.481409079746 0.506957775917
38.6 200 228 12.433577 0.481231524785 0.506952443603
38.7 200 228 12.445609 0.481056900255 0.506945672876
38.8 200 229 12.512866 0.480885192398 0.506937480835
38.9 200 230 12.533618 0.48071639308 0.506927911342
39 200 230 12.632153 0.48055047991 0.506917035046
39.1 200 231 12.775854 0.480387441209 0.506904941877
39.2 200 231 12.845075 0.480227263952 0.506891738241
39.3 200 232 12.88644 0.480069942141 0.50687754104
39.4 200 232 12.883667 0.47991545693 0.506862476052
39.5 200 233 12.93623 0.479763796034 0.50684666994
39.6 200 233 12.965391 0.479614947521 0.506830246667
39.7 200 234 13.081862 0.479468899384 0.506813323355
39.8 200 234 13.088387 0.47932563954 0.506796006614
39.9 200 235 13.202912 0.479185175916 0.506778386121
40 200 235 13.304221 0.479047496067 0.50676053896
40.1 200 236 13.29193 0.478912566934 0.506742529089
40.2 200 236 13.391215 0.47878037534 0.50672439948
40.3 200 236 13.444583 0.478650907768 0.506706175737
40.4 200 237 13.50902 0.478524149686 0.506687867291
40.5 200 238 13.598267 0.478400086018 0.506669469061
40.6 200 238 13.662973 0.478278700638 0.506650963935
40.7 200 239 13.717932 0.478159976935 0.506632325537
40.8 200 239 13.755239 0.478043897081 0.506613521592
40.9 200 240 13.774273 0.477930442334 0.506594517278
41 200 241 13.829463 0.477819596383 0.506575278187
41.1 200 241 13.920332 0.47771133459 0.506555775296
41.2 200 242 14.01365 0.477605632167 0.506535986681
41.3 200 242 14.02192 0.47750247417 0.506515898865
41.4 200 243 13.996346 0.477401835776 0.506495511794
41.5 200 244 14.176884 0.477303685107 0.50647484
41.6 200 244 14.249956 0.477207995125 0.506453911522
41.7 200 245 14.293737 0.477114737882 0.506432768945
41.8 200 245 14.394251 0.47702388445 0.50641146881
41.9 200 246 14.419635 0.476935404857 0.506390080327
42 200 246 14.53542 0.476849268465 0.506368683362
42.1 200 247 14.624086 0.476765442204 0.50634736618
42.2 200 247 14.6689 0.476683896548 0.506326221666
42.3 200 248 14.688675 0.476604599045 0.506305344909
42.4 200 248 14.813479 0.476527517317 0.506284829302
42.5 200 249 14.792228 0.476452619041 0.506264762987
42.6 200 249 14.965336 0.476379869352 0.506245225726
42.7 200 250 15.093338 0.47630924471 0.506226283748
42.8 200 250 15.233836 0.476240705271 0.506207990936
42.9 200 251 15.2866 0.476174222815 0.506190382366
43 200 251 15.360394 0.476109766627 0.50617347449
43.1 200 251 15.367338 0.476047320169 0.506157261574
43.2 200 251 15.43498 0.475986841864 0.506141721085
43.3 200 252 15.566311 0.475928305045 0.506126808069
43.4 200 252 15.572297 0.475871681649 0.506112458542
43.5 200 252 15.684705 0.475816945851 0.506098590672
43.6 200 253 15.678396 0.475764072769 0.506085107278
43.7 200 254 15.772498 0.475713038711 0.506071898646
43.8 200 254 15.823884 0.475663821137 0.506058845805
43.9 200 255 15.833417 0.475616406293 0.506045823084
44 200 256 15.883216 0.475570765787 0.506032705156
44.1 200 256 15.993246 0.475526877266 0.506019367922
44.2 200 257 16.147578 0.475484724799 0.506005692268
44.3 200 258 16.290905 0.475444295989 0.50599156777
44.4 200 258 16.403445 0.475405568594 0.505976898032
44.5 200 259 16.48878 0.475368526621 0.505961600792
44.6 200 259 16.565326 0.475333159349 0.505945610257
44.7 200 260 16.668631 0.475299447205 0.505928880643
44.8 200 260 16.750172 0.475267381508 0.505911384066
44.9 200 261 16.758669 0.475236943457 0.505893113894
45 200 261 16.798259 0.475208119362 0.505874081796
45.1 200 262 16.998743 0.475180896438 0.505854317238
45.2 200 262 17.060598 0.47515526236 0.505833865755
45.3 200 263 17.124012 0.475131205334 0.505812786637
45.4 200 264 17.192712 0.475108710172 0.505791150752
45.5 200 264 17.10172 0.475087768587 0.505769036143
45.6 200 265 17.342161 0.475068374429 0.505746525356
45.7 200 265 17.41674 0.475050511917 0.50572370411
45.8 200 266 17.471634 0.475034170232 0.505700655813
45.9 200 266 17.562985 0.475019338781 0.505677459312
46 200 267 17.712704 0.475006015262 0.505654185044
46.1 200 267 17.720503 0.474994180911 0.505630896259
46.2 200 268 17.752325 0.474983825208 0.505607643691
46.3 200 268 17.741532 0.474974937697 0.505584465428
46.4 200 269 17.862683 0.474967504879 0.50556138662
46.5 200 269 18.062007 0.474961519051 0.505538418177
46.6 200 270 18.211696 0.474956969438 0.505515558419
46.7 200 270 18.311351 0.474953849698 0.505492792978
46.8 200 270 18.310477 0.474952143562 0.505470098548
46.9 200 271 18.339008 0.474951839158 0.505447442573
47 200 271 18.464229 0.474952924177 0.505424786274
47.1 200 272 18.48328 0.474955383295 0.50540208749
47.2 200 273 18.490417 0.474959205723 0.50537930231
47.3 200 273 18.732487 0.474964382637 0.505356387944
47.4 200 274 18.779201 0.474970895033 0.505333307207
47.5 200 274 18.937297 0.47497872494 0.505310029099
47.6 200 275 18.984079 0.47498785954 0.505286530363
47.7 200 276 19.08445 0.474998286839 0.505262797626
47.8 200 276 19.095077 0.475009985592 0.505238830428
47.9 200 276 19.266835 0.475022938211 0.505214639667
48 200 277 19.400403 0.475037126841 0.5051902486
48.1 200 277 19.469586 0.475052529705 0.505165692976
48.2 200 277 19.561986 0.475069130944 0.50514101881
48.3 200 278 19.736306 0.475086911347 0.505116282342
48.4 200 278 19.820055 0.475105855776 0.505091547174
48.5 200 279 19.8712 0.475125939503 0.505066884238
48.6 200 279 19.971033 0.475147139439 0.505042367627
48.7 200 280 19.978714 0.475169438337 0.5050180715
48.8 200 280 20.00163 0.475192829954 0.504994066582
48.9 200 281 20.233327 0.475217289099 0.504970421963
49 200 281 20.311823 0.47524278762 0.504947200156
49.1 200 281 20.398881 0.475269306105 0.504924453159
49.2 200 282 20.541811 0.475296825313 0.5049022217
49.3 200 282 20.567855 0.475325326493 0.50488053358
49.4 200 283 20.72813 0.475354791452 0.504859402502
49.5 200 283 20.820804 0.475385202517 0.504838827403
49.6 200 284 20.878716 0.475416539537 0.5048187927
49.7 200 285 20.893391 0.475448789488 0.504799267287
49.8 200 285 21.103787 0.475481936697 0.504780206767
49.9 200 286 21.152652 0.475515974982 0.504761552979
50 200 286 21.06935 0.475550885566 0.504743239027
50.1 200 287 21.293478 0.475586651187 0.504725189221
50.2 200 287 21.455932 0.475623255415 0.504707321571
50.3 200 287 21.38841 0.475660689064 0.504689549406
50.4 200 288 21.585024 0.475698940188 0.504671785456
50.5 200 288 21.647826 0.47573800192 0.504653943301
50.6 200 289 21.842655 0.475777859483 0.504635941902
50.7 200 289 21.889298 0.475818502486 0.504617706072
50.8 200 290 21.87195 0.475859921081 0.50459916916
50.9 200 290 22.034478 0.47590210565 0.504580274847
51 200 291 22.257767 0.475945046898 0.504560978497
51.1 200 291 22.37976 0.475988736 0.504541248079
51.2 200 292 22.497665 0.476033162922 0.504521064888
51.3 200 292 22.578528 0.47607832083 0.50450042295
51.4 200 293 22.678125 0.476124201551 0.504479329243
51.5 200 294 22.851688 0.476170801475 0.504457801991
51.6 200 294 23.110528 0.476218108337 0.504435871428
51.7 200 295 23.168701 0.476266114401 0.504413576282
51.8 200 296 23.327134 0.476314811642 0.504390962731
51.9 200 296 23.150383 0.476364192432 0.504368082309
52 200 297 23.393764 0.476414246384 0.504344990308
52.1 200 297 23.595809 0.476464974881 0.504321741593
52.2 200 298 23.675265 0.476516363907 0.504298392577
52.3 200 298 23.566079 0.47656841338 0.504274995008
52.4 200 298 23.658589 0.476621108285 0.504251598496
52.5 200 298 23.728326 0.476674442506 0.504228245669
52.6 200 298 23.830421 0.47672841387 0.504204971769
52.7 200 299 24.043004 0.476783004056 0.504181806783
52.8 200 299 24.263324 0.476838208565 0.504158770729
52.9 200 300 24.183158 0.476894019546 0.504135876067
53 200 300 24.310935 0.476950429084 0.504113127524
53.1 200 301 24.624001 0.477007433367 0.504090522094
53.2 200 302 24.617928 0.477065020072 0.504068051833
53.3 200 302 24.673729 0.477123180816 0.504045703128
53.4 200 303 24.872116 0.477181913802 0.504023457665
53.5 200 304 25.011483 0.477241200373 0.504001297219
53.6 200 304 25.246191 0.477301034602 0.503979200895
53.7 200 305 25.387493 0.477361411145 0.503957148308
53.8 200 306 25.512467 0.477422316958 0.503935122201
53.9 200 306 25.588128 0.47748374202 0.503913108096
54 200 307 25.818083 0.477545676152 0.503891095799
54.1 200 308 25.906847 0.477608105996 0.503869080619
54.2 200 308 26.01888 0.477671024345 0.50384706257
54.3 200 308 26.139466 0.477734417529 0.503825048431
54.4 200 309 26.084352 0.477798277594 0.503803049911
54.5 200 309 26.34937 0.477862597007 0.50378108405
54.6 200 309 26.591324 0.477927365209 0.503759173123
54.7 200 310 26.775636 0.47799256688 0.503737344016
54.8 200 310 26.706423 0.47805819078 0.503715625854
54.9 200 310 26.819044 0.478124225529 0.503694049392
55 200 310 27.097265 0.478190659905 0.503672645648
55.1 200 311 27.203515 0.478257482552 0.503651444579
55.2 200 312 27.294049 0.478324682434 0.503630473679
55.3 200 313 27.397982 0.47839224842 0.503609756749
55.4 200 314 27.529562 0.478460169724 0.503589312706
55.5 200 314 27.649357 0.478528436047 0.503569154614
55.6 200 315 27.784114 0.478597033778 0.50354928952
55.7 200 316 27.925267 0.478665955867 0.503529716539
55.8 200 317 27.96256 0.478735192716 0.503510427991
55.9 200 317 28.24416 0.478804734916 0.503491409105
56 200 318 28.467194 0.478874580071 0.503472637412
56.1 200 318 28.610265 0.478944716547 0.50345408573
56.2 200 318 28.717605 0.479015132028 0.503435721883
56.3 200 319 28.821901 0.479085818347 0.503417509068
56.4 200 319 29.041145 0.479156767792 0.503399407683
56.5 200 319 29.079032 0.479227973025 0.503381376729
56.6 200 320 29.138637 0.479299426871 0.503363375293
56.7 200 320 29.282952 0.479371119537 0.503345364398
56.8 200 320 29.352493 0.479443047453 0.503327307129
56.9 200 321 29.631536 0.479515204273 0.503309171207
57 200 321 29.362597 0.47958758724 0.503290929178
57.1 200 322 29.490589 0.479660187224 0.503272560785
57.2 200 323 29.796576 0.479732998589 0.503254052171
57.3 200 323 30.027547 0.479806015808 0.503235396768
57.4 200 324 30.156119 0.479879236992 0.503216594888
57.5 200 325 30.087728 0.479952653551 0.503197655026
57.6 200 326 30.388261 0.480026260185 0.50317859194
57.7 200 326 30.668013 0.480100051475 0.503159426391
57.8 200 326 30.788996 0.480174025933 0.503140183605
57.9 200 327 30.744168 0.480248175249 0.503120893653
58 200 327 30.998548 0.480322494867 0.503101588605
58.1 200 327 31.154556 0.4803969801 0.503082301693
58.2 200 328 31.179515 0.480471626497 0.503063065803
58.3 200 328 31.351574 0.480546429585 0.503043912102
58.4 200 328 31.675637 0.480621381868 0.503024869113
58.5 200 329 31.776792 0.480696485343 0.503005959699
58.6 200 329 31.74788 0.480771732806 0.502987202738
58.7 200 330 31.818128 0.480847119973 0.502968610555
58.8 200 330 32.123117 0.480922639571 0.502950189226
58.9 200 331 32.413564 0.48099829074 0.502931936952
59 200 331 32.557708 0.481074069543 0.502913845444
59.1 200 332 32.558053 0.481149972054 0.502895899786
59.2 200 332 32.783981 0.481225994398 0.502878079011
59.3 200 333 33.147367 0.481302131631 0.502860357129
59.4 200 334 33.208351 0.481378383506 0.502842704413
59.5 200 334 33.370166 0.481454742586 0.502825088261
59.6 200 335 33.386935 0.481531203787 0.502807473284
59.7 200 335 33.632282 0.481607765609 0.502789824592
59.8 200 336 33.541315 0.481684420421 0.502772109659
59.9 200 336 34.030925 0.481761163544 0.502754298486
60 200 336 34.026545 0.48183798996 0.50273636544
60.1 200 337 34.251721 0.481914897673 0.502718288414
60.2 200 337 34.470508 0.481991878411 0.502700054346
60.3 200 338 34.439395 0.482068926885 0.502681658642
60.4 200 338 34.657486 0.482146038328 0.502663103051
60.5 200 338 34.705429 0.482223203801 0.502644398078
60.6 200 339 34.942052 0.482300422585 0.502625561134
60.7 200 339 35.056607 0.482377685038 0.502606618644
60.8 200 340 35.412539 0.482454984732 0.502587603638
60.9 200 341 35.634538 0.482532315441 0.502568555274
61 200 341 35.563097 0.482609667834 0.502549518146
61.1 200 341 35.764 0.482687038502 0.502530539644
61.2 200 342 36.07691 0.482764420588 0.502511669801
61.3 200 342 36.277655 0.482841808119 0.502492959075
61.4 200 342 36.405662 0.482919194399 0.502474456964
61.5 200 343 36.707068 0.482996573416 0.502456210201
61.6 200 343 36.877636 0.483073938994 0.50243826135
61.7 200 343 36.908576 0.483151288178 0.502420646928
61.8 200 344 37.098865 0.483228612374 0.502403397476
61.9 200 344 37.262069 0.483305906438 0.502386535274
62 200 344 37.261684 0.483383165367 0.502370074085
62.1 200 345 37.473913 0.48346038436 0.502354018719
62.2 200 345 37.547511 0.483537558247 0.502338364955
62.3 200 346 38.305907 0.483614678842 0.502323100583
62.4 200 346 38.161884 0.483691745209 0.50230820319
62.5 200 347 38.614798 0.483768751602 0.50229364292
62.6 200 347 38.631879 0.483845700335 0.502279382626
62.7 200 347 39.076215 0.483922585496 0.502265380696
62.8 200 348 38.7837 0.483999404264 0.502251590776
62.9 200 348 39.065068 0.484076156998 0.502237963203
63 200 349 39.2906 0.484152839509 0.502224447643
63.1 200 349 39.298664 0.48422944825 0.502210993901
63.2 200 349 39.700238 0.484305982975 0.502197552933
63.3 200 350 40.022459 0.484382441861 0.502184079061
63.4 200 350 40.229505 0.484458821168 0.502170531499
63.5 200 350 40.295505 0.484535116248 0.502156875016
63.6 200 351 40.251636 0.484611327832 0.502143079997
63.7 200 351 40.579586 0.484687453292 0.502129124355
63.8 200 351 40.733689 0.484763493661 0.502114992902
63.9 200 351 40.952339 0.484839444406 0.5021006788
64 200 352 41.548976 0.484915303473 0.502086182276
64.1 200 352 41.461643 0.484991068816 0.502071510599
64.2 200 352 41.617566 0.485066738354 0.50205667748
64.3 200 353 41.649313 0.485142309858 0.502041702291
64.4 200 353 41.876338 0.485217778098 0.502026609511
64.5 200 354 41.941671 0.485293143627 0.502011426388
64.6 200 354 41.940938 0.485368404116 0.501996183019
64.7 200 355 42.041373 0.485443554384 0.501980911164
64.8 200 355 42.197439 0.485518594726 0.501965641869
64.9 200 356 42.02215 0.485593522688 0.501950405525
65 200 356 42.634977 0.485668338407 0.501935230082
65.1 200 356 42.712209 0.485743036747 0.50192014127
65.2 200 356 42.883125 0.485817619256 0.501905160771
65.3 200 357 42.624927 0.485892075346 0.501890307
65.4 200 357 42.851375 0.485966406001 0.501875591653
65.5 200 357 43.78365 0.486040608566 0.501861022806
65.6 200 358 44.111757 0.48611468049 0.501846603777
65.7 200 358 44.444315 0.486188619328 0.501832333371
65.8 200 358 44.423324 0.486262422642 0.501818206284
65.9 200 359 44.839368 0.486336087895 0.501804213679
66 200 359 44.828706 0.486409612579 0.501790343855
66.1 200 360 45.094858 0.486482994189 0.501776583014
66.2 200 361 45.02066 0.486556230184 0.50176291609
66.3 200 361 45.220093 0.486629318016 0.501749327587
66.4 200 362 45.096697 0.486702252466 0.501735802792
66.5 200 362 45.66701 0.486775033688 0.501722327374
66.6 200 363 45.792608 0.486847658926 0.501708889281
66.7 200 363 46.053919 0.486920125435 0.501695478885
66.8 200 364 46.318723 0.486992430732 0.501682089412
66.9 200 364 46.478069 0.48706457524 0.501668716874
67 200 364 46.945423 0.487136553691 0.501655361429
67.1 200 365 46.820171 0.487208364559 0.501642024605
67.2 200 365 46.885505 0.487280008113 0.501628712255
67.3 200 365 47.215066 0.487351480588 0.501615435163
67.4 200 366 47.768235 0.487422776767 0.501602205412
67.5 200 366 47.882125 0.4874938942 0.501589036625
67.6 200 366 48.112706 0.487564827907 0.501575944131
67.7 200 366 48.253708 0.487635578033 0.501562943203
67.8 200 367 48.466074 0.487706142344 0.501550049442
67.9 200 367 48.63555 0.487776515015 0.501537279635
68 200 368 48.87928 0.487846691206 0.501524647612
68.1 200 368 49.092922 0.487916674899 0.501512162828
68.2 200 368 49.24595 0.487986467044 0.50149983424
68.3 200 369 49.456217 0.488056065561 0.501487668508
68.4 200 369 49.582853 0.48812546623 0.50147566962
68.5 200 370 49.725385 0.488194667601 0.501463838067
68.6 200 370 50.008747 0.488263668327 0.501452171237
68.7 200 371 50.162767 0.488332467157 0.501440663547
68.8 200 372 50.309091 0.488401062972 0.501429306708
68.9 200 372 50.244427 0.488469454965 0.50141809006
69 200 372 50.669238 0.48853764193 0.50140700114
69.1 200 372 51.079421 0.48860562315 0.501396026083
69.2 200 372 51.042908 0.488673395402 0.501385150627
69.3 200 373 51.21409 0.488740960399 0.501374359632
69.4 200 373 51.549459 0.488808317387 0.501363638726
69.5 200 373 51.761526 0.488875465874 0.501352974503
69.6 200 373 52.115861 0.488942405136 0.501342355027
69.7 200 374 52.074109 0.48900913516 0.501331770155
69.8 200 374 52.225299 0.489075654973 0.50132121207
69.9 200 374 52.639978 0.489141963945 0.501310675324
70 200 375 52.979853 0.489208061554 0.50130015695
70.1 200 375 52.613908 0.489273947256 0.501289656457
70.2 200 376 52.244689 0.489339623168 0.501279175297
70.3 200 377 52.292869 0.489405091214 0.501268716981
70.4 200 378 52.780328 0.489470348614 0.501258287274
70.5 200 378 54.06672 0.489535392317 0.501247893328
70.6 200 378 54.052406 0.489600221707 0.501237542762
70.7 200 379 54.681957 0.489664838849 0.501227243053
70.8 200 379 54.500197 0.489729240582 0.501217002084
70.9 200 380 55.217669 0.489793425957 0.501206826573
71 200 380 54.904399 0.489857394353 0.501196721834
71.1 200 380 55.396214 0.489921142667 0.501186691756
71.2 200 380 55.39377 0.489984667295 0.50117673856
71.3 200 380 55.601877 0.490047967547 0.501166861246
71.4 200 380 66.327872 0.490111050558 0.501157054783
71.5 200 381 96.317851 0.490173913011 0.501147313477
71.6 200 381 96.030172 0.490236554 0.501137628866
71.7 200 382 96.615709 0.490298972624 0.501127990293
71.8 200 382 96.616184 0.490361167946 0.501118385262
71.9 200 383 96.889255 0.490423139031 0.50110879988
72 200 383 97.465652 0.490484884904 0.501099219412
72.1 200 384 97.824244 0.49054640466 0.501089628869
72.2 200 385 97.627939 0.490607695223 0.501080013979
72.3 200 385 98.573654 0.490668757773 0.501070360936
72.4 200 386 99.379697 0.490729591435 0.501060657955
72.5 200 386 99.945698 0.490790195297 0.501050895603
72.6 200 387 99.645694 0.49085056843 0.501041067359
72.7 200 387 99.845944 0.490910709527 0.501031170119
72.8 200 387 100.197621 0.490970617248 0.5010212045
72.9 200 388 101.236186 0.491030290198 0.501011175061
73 200 388 103.62308 0.491089724822 0.501001090678
73.1 200 388 102.522834 0.491148922045 0.500990963532
73.2 200 389 101.795206 0.491207883596 0.500980809441
73.3 200 389 102.278255 0.491266608125 0.500970648026
73.4 200 389 103.017087 0.491325092004 0.500960502134
73.5 200 389 103.168959 0.49138333421 0.500950396543
73.6 200 389 103.054149 0.491441333797 0.500940357621
73.7 200 389 102.970119 0.491499087832 0.500930412851
73.8 200 390 103.787893 0.4915565975 0.500920589135
73.9 200 390 104.43521 0.491613862066 0.500910912821
74 200 391 104.616501 0.49167088096 0.500901408587
74.1 200 391 105.016638 0.491727653622 0.500892098676
74.2 200 392 105.956379 0.49178417966 0.500883002154
74.3 200 392 104.796588 0.491840458803 0.500874134308
74.4 200 393 97.857836 0.491896488987 0.500865506408
74.5 200 393 98.064577 0.491952272276 0.500857124497
74.6 200 393 96.857653 0.492007808646 0.500848990057
74.7 200 394 100.16465 0.492063102377 0.500841099035
74.8 200 394 98.259763 0.49211814986 0.500833443673
74.9 200 395 100.852496 0.492172954183 0.500826010696
75 200 395 108.693514 0.492227513552 0.500818783347
75.1 200 395 101.824373 0.492281828881 0.500811740864
75.2 200 395 106.785836 0.492335903957 0.500804859099
75.3 200 395 108.922352 0.492389737027 0.500798112445
75.4 200 396 110.539958 0.492443329169 0.500791473461
75.5 200 396 111.014671 0.492496681488 0.500784914116
75.6 200 396 110.712445 0.492549795091 0.500778406638
75.7 200 396 111.261385 0.492602676111 0.500771923774
75.8 200 396 111.855226 0.492655325662 0.500765440639
75.9 200 397 109.290892 0.492707739984 0.500758935438
76 200 397 102.36452 0.492759919948 0.500752388983
76.1 200 398 101.914807 0.492811866465 0.500745785667
76.2 200 398 102.509851 0.49286358043 0.500739113819
76.3 200 398 103.631074 0.492915062315 0.500732365929
76.4 200 399 103.677686 0.492966312623 0.50072553864
76.5 200 399 104.485803 0.493017330912 0.50071863278
76.6 200 400 104.569475 0.493068117396 0.500711652863
# stopped by hand at bond dim >= 400 (the paper's plot range); each step then cost ~110 s
