# IRLM quench (site 0 full, site 1 empty, bath Fermi sea), method=fbr
# L=200 U=0.2 V=0.1 dt=0.1 tmax=100 cutoff=1e-10 max_bond_dim=1024
# t  n_active  bond_dim  wall_s  n0  n1
0 2 1 0.03521 1 0
0.1 4 3 0.048089 0.999900055462 0.00134959983198
0.2 4 4 0.050278 0.999600885598 0.00538007579932
0.3 4 4 0.065246 0.999104473104 0.0120367898262
0.4 4 4 0.050752 0.998414093121 0.0212297835954
0.5 4 4 0.050768 0.997534268976 0.032835411037
0.6 4 4 0.05057 0.996470712129 0.0466985749951
0.7 4 4 0.050999 0.995230246387 0.0626355201334
0.8 4 4 0.050914 0.993820718165 0.0804371228821
0.9 4 4 0.050857 0.992250894155 0.0998726085459
1 4 4 0.050884 0.990530348515 0.120693617643
1.1 4 4 0.050599 0.988669340911 0.142638536731
1.2 4 4 0.050853 0.986678688099 0.165437003516
1.3 6 4 0.050475 0.984569630857 0.188814494088
1.4 6 4 0.052907 0.982353698339 0.212496898444
1.5 6 5 0.068507 0.980042573054 0.23621499442
1.6 6 5 0.053719 0.977647956416 0.259708728021
1.7 6 5 0.068333 0.975181439828 0.282731221812
1.8 6 5 0.053339 0.9726543809 0.305052436418
1.9 6 5 0.054081 0.970077787672 0.326462415636
2 6 6 0.068064 0.967462212253 0.346774062261
2.1 6 6 0.053258 0.964817654893 0.365825470522
2.2 6 6 0.068213 0.962153480796 0.383481596709
2.3 6 6 0.067889 0.959478348892 0.399635417995
2.4 6 6 0.05339 0.956800154323 0.414208519772
2.5 6 6 0.053749 0.954125984746 0.427151111155
2.6 6 6 0.054668 0.951462091077 0.43844150165
2.7 6 6 0.055534 0.948813870776 0.448085207468
2.8 6 7 0.070141 0.946185866231 0.456113104014
2.9 6 7 0.055491 0.943581772571 0.462579678714
3 6 7 0.055616 0.941004461452 0.467560675467
3.1 6 7 0.055434 0.938456012371 0.471150466929
3.2 6 7 0.055637 0.935937755693 0.47345918932
3.3 6 7 0.071356 0.9334503227 0.474609705953
3.4 6 7 0.070757 0.93099370323 0.474734489383
3.5 6 7 0.055716 0.928567308208 0.47397246736
3.6 8 7 0.05604 0.926170037284 0.472465921207
3.7 7 7 0.059516 0.923800348229 0.470357515106
3.8 7 7 0.072295 0.921456327312 0.467787444552
3.9 7 7 0.073304 0.919135761098 0.464890859674
4 8 7 0.072635 0.916836204806 0.461795544224
4.1 8 7 0.059549 0.914555049127 0.458619902883
4.2 8 7 0.059037 0.912289583381 0.455471284725
4.3 8 7 0.059425 0.910037053867 0.452444668076
4.4 8 7 0.0594 0.907794718536 0.449621685105
4.5 8 7 0.074849 0.905559893461 0.447070053371
4.6 8 7 0.059075 0.903329995148 0.444843339601
4.7 8 7 0.074422 0.901102576609 0.442981058943
4.8 8 7 0.059286 0.898875353771 0.441509099075
4.9 8 8 0.059895 0.896646233217 0.44044042928
5 8 10 0.074265 0.894413325028 0.439776033916
5.1 8 10 0.074309 0.892174954373 0.439506101941
5.2 8 11 0.074732 0.889929667421 0.439611355044
5.3 8 11 0.074983 0.887676232133 0.440064479345
5.4 8 12 0.074397 0.8854136344 0.440831669403
5.5 8 12 0.074743 0.883141073447 0.441874173994
5.6 8 12 0.06063 0.88085794509 0.443149854595
5.7 8 12 0.074975 0.878563835361 0.444614684728
5.8 8 12 0.075643 0.876258503825 0.446224151771
5.9 8 12 0.060067 0.873941868474 0.447934556052
6 8 12 0.061216 0.871613989469 0.449704160376
6.1 9 12 0.076545 0.869275053009 0.451494200068
6.2 10 12 0.078203 0.866925354242 0.453269663337
6.3 9 12 0.081794 0.864565286056 0.454999934623
6.4 10 13 0.079469 0.862195322056 0.456659229874
6.5 10 13 0.066396 0.859816002697 0.458226844323
6.6 9 13 0.081983 0.857427926431 0.45968724681
6.7 9 13 0.080168 0.855031738823 0.461029970196
6.8 9 13 0.064847 0.852628124507 0.462249392282
6.9 9 13 0.067092 0.850217799841 0.463344364705
7 10 13 0.081259 0.847801507856 0.46431773798
7.1 10 13 0.067729 0.845380013557 0.465175803982
7.2 10 13 0.068468 0.842954100333 0.465927696988
7.3 10 13 0.083107 0.840524568566 0.466584727188
7.4 10 14 0.068144 0.838092234273 0.467159724169
7.5 10 14 0.067908 0.83565792435 0.467666389486
7.6 10 14 0.083272 0.833222478296 0.46811869774
7.7 10 14 0.068749 0.83078674666 0.468530308901
7.8 10 15 0.084064 0.828351588098 0.468914074327
7.9 10 15 0.083601 0.825917867955 0.46928162308
8 10 15 0.068851 0.823486457112 0.46964300925
8.1 10 15 0.084177 0.821058227705 0.4700064761
8.2 10 15 0.08423 0.818634049669 0.470378298977
8.3 10 15 0.06961 0.816214786643 0.470762716308
8.4 10 15 0.085414 0.813801291683 0.471161958543
8.5 10 15 0.069599 0.811394400975 0.471576335307
8.6 10 15 0.084549 0.808994929035 0.472004418179
8.7 10 15 0.069838 0.806603662234 0.472443250717
8.8 10 15 0.085179 0.804221352118 0.472888633898
8.9 10 15 0.085369 0.801848710067 0.47333543679
9 10 15 0.069582 0.799486399965 0.47377790771
9.1 10 15 0.085712 0.797135032302 0.474210010737
9.2 10 15 0.08502 0.794795160918 0.474625737776
9.3 10 15 0.070213 0.792467275841 0.475019421832
9.4 10 17 0.085621 0.790151799849 0.47538600444
9.5 10 16 0.08596 0.787849085246 0.475721271571
9.6 10 16 0.086227 0.785559412858 0.476022040958
9.7 10 16 0.087488 0.783282987947 0.476286307494
9.8 10 16 0.086685 0.781019943295 0.476513323055
9.9 10 16 0.087379 0.778770338275 0.476703631395
10 11 17 0.071962 0.776534161863 0.476859050454
10.1 12 18 0.091518 0.774311334205 0.476982600451
10.2 12 19 0.078667 0.772101712164 0.477078393056
10.3 12 20 0.094186 0.76990509362 0.477151481681
10.4 12 19 0.078464 0.767721223263 0.477207672384
10.5 12 21 0.09396 0.765549799462 0.477253322951
10.6 12 21 0.094242 0.763390479687 0.477295120069
10.7 12 21 0.079564 0.761242888164 0.477339852345
10.8 12 21 0.09479 0.759106624139 0.477394183881
10.9 12 21 0.079906 0.756981267948 0.477464444573
11 12 22 0.095404 0.754866389187 0.477556425306
11.1 12 21 0.09571 0.752761553148 0.477675210754
11.2 12 21 0.08073 0.75066632778 0.477825032451
11.3 12 21 0.081753 0.74858029103 0.478009156686
11.4 12 21 0.097437 0.746503033245 0.478229815066
11.5 12 22 0.09819 0.744434165443 0.478488160533
11.6 12 21 0.098339 0.742373322586 0.478784266939
11.7 12 21 0.098568 0.740320167162 0.479117158982
11.8 12 21 0.098917 0.738274392793 0.479484885759
11.9 12 22 0.083232 0.736235725593 0.479884611852
12 12 22 0.098959 0.734203926438 0.480312739181
12.1 12 21 0.099205 0.732178791682 0.480765046147
12.2 12 22 0.084135 0.730160153623 0.481236842354
12.3 12 26 0.100413 0.728147880636 0.481723131433
12.4 12 26 0.084664 0.726141876067 0.482218770325
12.5 12 25 0.101245 0.724142075762 0.482718626532
12.6 12 26 0.102098 0.722148449955 0.483217755146
12.7 12 26 0.08555 0.720160999169 0.483711502822
12.8 12 25 0.101459 0.718179753399 0.484195647069
12.9 12 25 0.085636 0.716204769995 0.484666489035
13 12 25 0.085852 0.714236131843 0.485120926571
13.1 12 25 0.101593 0.712273945066 0.485556508754
13.2 12 25 0.101999 0.710318337608 0.485971462708
13.3 12 25 0.10183 0.708369456106 0.48636470265
13.4 12 25 0.102146 0.706427464977 0.486735774714
13.5 12 25 0.102424 0.704492544663 0.487084861711
13.6 12 25 0.086096 0.702564890615 0.487412685992
13.7 12 25 0.102207 0.700644708457 0.487720434568
13.8 12 25 0.101964 0.698732215716 0.488009689258
13.9 12 25 0.087587 0.696827639185 0.488282320446
14 12 25 0.102992 0.694931213506 0.488540387628
14.1 12 26 0.102887 0.693043179446 0.488786042606
14.2 12 25 0.103631 0.69116378259 0.489021429514
14.3 12 26 0.08743 0.689293271004 0.489248604576
14.4 12 26 0.103507 0.687431894823 0.489469451227
14.5 12 26 0.10471 0.685579903612 0.489685622634
14.6 12 26 0.105726 0.683737545099 0.489898487363
14.7 13 26 0.10626 0.681905062401 0.490109102024
14.8 12 26 0.109825 0.680082693599 0.490318184213
14.9 13 26 0.107561 0.678270669091 0.490526112696
15 13 26 0.094596 0.676469209328 0.490732946218
15.1 13 27 0.094939 0.674678523662 0.49093844913
15.2 14 26 0.111685 0.672898807428 0.491142128881
15.3 14 26 0.099355 0.671130240641 0.491343288923
15.4 14 26 0.115831 0.669372985955 0.491541084661
15.5 14 26 0.116266 0.667627187471 0.491734586446
15.6 14 26 0.117369 0.665892968788 0.491922843019
15.7 14 26 0.101007 0.664170431741 0.492104943922
15.8 14 26 0.101681 0.662459655289 0.492280080824
15.9 14 26 0.101308 0.66076069534 0.492447599199
16 14 26 0.117757 0.659073583065 0.49260704567
16.1 14 26 0.11841 0.657398326115 0.492758202173
16.2 14 26 0.119059 0.655734907958 0.492901111564
16.3 14 26 0.119453 0.654083288141 0.493036091719
16.4 14 31 0.104275 0.65244340332 0.493163734469
16.5 14 31 0.105749 0.650815168212 0.493284897713
16.6 14 31 0.12212 0.649198476939 0.493400681648
16.7 14 31 0.106208 0.647593205107 0.493512399366
16.8 14 30 0.123657 0.645999211047 0.493621532277
16.9 14 30 0.122674 0.644416338425 0.493729684369
17 14 30 0.123306 0.642844417722 0.493838528951
17.1 14 30 0.107546 0.641283269304 0.493949753788
17.2 14 30 0.107988 0.639732705492 0.494065002007
17.3 14 30 0.125305 0.638192532799 0.494185822323
17.4 14 31 0.109323 0.636662554745 0.49431361672
17.5 14 31 0.126141 0.635142574359 0.494449599194
17.6 14 32 0.109675 0.63363239557 0.494594743035
17.7 14 31 0.126797 0.63213182643 0.494749761926
17.8 14 31 0.111666 0.630640680382 0.494915081734
17.9 14 32 0.128538 0.629158778486 0.495090823981
18 14 32 0.129188 0.627685950977 0.495276813636
18.1 14 31 0.128896 0.626222038324 0.495472584387
18.2 14 33 0.11296 0.624766892737 0.495677395455
18.3 14 32 0.12955 0.623320378748 0.495890261256
18.4 14 32 0.13079 0.621882373829 0.496109981697
18.5 14 31 0.13221 0.620452769529 0.496335185528
18.6 14 35 0.131415 0.619031471186 0.496564370696
18.7 14 34 0.132532 0.617618398028 0.496795957087
18.8 14 33 0.130796 0.61621348278 0.497028329172
18.9 14 34 0.13067 0.614816672311 0.497259884957
19 14 31 0.130608 0.613427926282 0.497489086787
19.1 14 35 0.131577 0.612047217399 0.49771449702
19.2 14 32 0.131368 0.610674530143 0.4979348171
19.3 14 33 0.13162 0.609309860917 0.498148917152
19.4 14 35 0.115612 0.607953216379 0.498355858719
19.5 14 35 0.132548 0.606604613931 0.498554912556
19.6 14 33 0.132095 0.605264080065 0.49874556712
19.7 14 35 0.114932 0.60393164928 0.498927527628
19.8 14 38 0.116214 0.602607363645 0.499100707492
19.9 14 34 0.132129 0.601291272571 0.499265216586
20 14 36 0.13552 0.599983431001 0.499421341059
20.1 14 34 0.134926 0.598683900265 0.499569517326
20.2 14 34 0.135753 0.597392745747 0.499710303864
20.3 14 35 0.136366 0.596110035809 0.49984435053
20.4 15 34 0.136999 0.594835843774 0.499972364839
20.5 15 38 0.143193 0.593570244134 0.500095080094
20.6 15 40 0.126379 0.592313313731 0.500213225254
20.7 15 39 0.127699 0.591065128752 0.500327493815
20.8 15 40 0.128408 0.589825766945 0.500438521084
20.9 16 42 0.12953 0.588595303802 0.500546862821
21 16 40 0.154441 0.587373814147 0.500652979028
21.1 16 41 0.153645 0.586161370439 0.500757223412
21.2 15 41 0.154476 0.584958040776 0.500859839261
21.3 16 43 0.132642 0.583763888962 0.500960959644
21.4 16 41 0.157497 0.582578973745 0.501060613013
21.5 16 41 0.156913 0.581403348017 0.501158734188
21.6 16 41 0.157689 0.580237057928 0.501255178844
21.7 16 41 0.157657 0.579080141928 0.501349741883
21.8 16 42 0.15833 0.577932630005 0.5014421772
21.9 16 41 0.159187 0.576794543424 0.50153222162
22 16 44 0.142119 0.575665893392 0.501619614508
22.1 16 43 0.160717 0.574546681738 0.50170412187
22.2 16 45 0.143635 0.573436900444 0.501785555618
22.3 16 42 0.161989 0.572336529762 0.50186379071
22.4 16 42 0.162126 0.571245540579 0.501938783236
22.5 16 42 0.162929 0.570163892333 0.502010576781
22.6 16 42 0.163748 0.569091534723 0.502079313905
22.7 16 42 0.145562 0.568028407163 0.502145235271
22.8 16 43 0.14694 0.566974439938 0.50220867979
22.9 16 42 0.166235 0.565929554211 0.502270076305
23 16 40 0.166018 0.564893662496 0.502329935218
23.1 16 42 0.15083 0.563866670404 0.502388829962
23.2 16 45 0.169668 0.562848476259 0.502447385619
23.3 16 45 0.152454 0.561838974045 0.502506252655
23.4 16 49 0.151286 0.560838051802 0.502566093675
23.5 16 47 0.153732 0.559845595479 0.502627554517
23.6 16 47 0.172678 0.558861486952 0.502691246789
23.7 16 45 0.173344 0.557885608437 0.502757722768
23.8 16 47 0.17222 0.556917841563 0.502827462412
23.9 16 45 0.154692 0.555958068108 0.502900853324
24 16 44 0.172323 0.555006171447 0.502978175677
24.1 16 47 0.156033 0.554062038835 0.503059594949
24.2 16 45 0.175357 0.553125560311 0.503145153257
24.3 16 47 0.175185 0.552196630176 0.503234769005
24.4 16 45 0.175758 0.551275147492 0.503328237467
24.5 16 45 0.175575 0.550361017841 0.503425238807
24.6 16 45 0.163313 0.549454151395 0.503525347532
24.7 16 46 0.180956 0.548554465102 0.503628042464
24.8 16 45 0.176287 0.547661883031 0.50373272663
24.9 16 45 0.181051 0.546776335008 0.503838745359
25 16 42 0.180655 0.545897758253 0.503945403753
25.1 16 45 0.183393 0.545026096361 0.50405198757
25.2 16 44 0.18054 0.544161299731 0.504157785201
25.3 16 48 0.162808 0.543303324887 0.504262107868
25.4 16 47 0.16284 0.542452134928 0.504364307256
25.5 16 49 0.164728 0.541607698853 0.504463793051
25.6 16 48 0.186494 0.540769991036 0.504560046393
25.7 16 47 0.184854 0.539938991654 0.504652631246
25.8 16 49 0.164878 0.539114685306 0.504741202685
25.9 16 48 0.1623 0.538297061486 0.504825512623
26 16 49 0.184049 0.537486113622 0.504905411351
26.1 16 49 0.18304 0.536681839276 0.504980843796
26.2 16 46 0.182027 0.535884239222 0.505051847039
26.3 16 47 0.183582 0.535093317568 0.50511853923
26.4 16 50 0.18334 0.534309080848 0.505181111967
26.5 16 51 0.184397 0.533531537807 0.505239815676
26.6 16 48 0.183117 0.5327606998 0.505294948202
26.7 16 48 0.184209 0.531996578101 0.505346838451
26.8 16 49 0.184145 0.53123918683 0.505395832335
26.9 16 50 0.184128 0.530488539726 0.505442278306
27 17 50 0.18552 0.529744651744 0.505486514594
27.1 17 53 0.198771 0.529007536902 0.505528856278
27.2 16 50 0.18354 0.528277209764 0.505569585358
27.3 17 50 0.188936 0.527553683307 0.505608942719
27.4 17 52 0.18165 0.52683696916 0.505647122647
27.5 18 52 0.18362 0.526127077593 0.505684269483
27.6 18 49 0.211885 0.525424016775 0.505720475987
27.7 18 51 0.197453 0.524727792626 0.505755787488
27.8 18 49 0.195137 0.524038407141 0.505790204337
27.9 18 49 0.217765 0.52335586013 0.505823686751
28 18 48 0.220136 0.522680147181 0.505856167801
28.1 18 49 0.220543 0.522011260042 0.505887557445
28.2 18 48 0.22149 0.521349186369 0.505917754481
28.3 18 44 0.222453 0.520693909331 0.505946657477
28.4 18 48 0.227141 0.520045407102 0.505974173994
28.5 18 49 0.208106 0.519403653507 0.506000230699
28.6 18 51 0.211495 0.518768616706 0.506024782193
28.7 18 51 0.228997 0.518140259943 0.506047818473
28.8 18 46 0.224384 0.517518541904 0.506069370734
28.9 18 47 0.234409 0.516903416372 0.506089513531
29 18 48 0.233387 0.516294832415 0.50610836868
29.1 18 48 0.231757 0.515692734029 0.50612610246
29.2 18 55 0.218398 0.515097061491 0.506142924831
29.3 18 49 0.233518 0.514507751211 0.506159082184
29.4 18 46 0.237173 0.513924736168 0.506174853832
29.5 18 51 0.218443 0.513347946502 0.506190541074
29.6 18 49 0.238531 0.512777309374 0.5062064608
29.7 18 49 0.215954 0.512212750801 0.506222932226
29.8 18 53 0.239677 0.511654194398 0.506240268766
29.9 18 50 0.238005 0.511101563624 0.506258763782
30 18 52 0.218223 0.510554781042 0.506278682004
30.1 18 53 0.241264 0.510013769429 0.506300248671
30.2 18 52 0.240366 0.509478452916 0.506323642177
30.3 18 51 0.242334 0.508948755693 0.506348988979
30.4 18 54 0.242804 0.508424604347 0.506376356339
30.5 18 56 0.248021 0.507905927045 0.506405749928
30.6 18 57 0.241812 0.507392654367 0.506437111706
30.7 18 58 0.22387 0.506884719724 0.506470322316
30.8 18 58 0.222107 0.506382059224 0.506505203703
30.9 18 58 0.245021 0.505884613029 0.506541521674
31 18 56 0.245366 0.505392323679 0.506578996771
31.1 18 57 0.244287 0.504905137725 0.506617310423
31.2 18 58 0.22156 0.504423004767 0.506656113912
31.3 18 59 0.226462 0.503945878161 0.506695038407
31.4 18 56 0.245812 0.503473715441 0.506733707684
31.5 18 59 0.246949 0.50300647615 0.506771747788
31.6 18 59 0.246735 0.502544124479 0.506808796751
31.7 18 57 0.245105 0.502086626824 0.506844516601
31.8 18 58 0.229409 0.501633952909 0.50687860008
31.9 18 56 0.248827 0.501186075303 0.506910779652
32 18 60 0.249514 0.500742969759 0.506940833463
32.1 18 59 0.231355 0.500304614315 0.506968589525
32.2 18 58 0.254298 0.49987098906 0.506993927999
32.3 18 60 0.245919 0.499442076106 0.507016783187
32.4 18 62 0.247699 0.499017860295 0.507037141333
32.5 18 64 0.250293 0.498598327456 0.507055038145
32.6 18 62 0.254956 0.498183465109 0.507070555051
32.7 18 59 0.254765 0.497773262249 0.507083812768
32.8 18 56 0.255233 0.497367709065 0.507094964326
32.9 18 59 0.25323 0.496966796299 0.50710418921
33 18 59 0.235106 0.496570515934 0.507111683344
33.1 18 59 0.233962 0.496178860343 0.507117652021
33.2 18 61 0.258746 0.49579182235 0.50712230105
33.3 18 56 0.252128 0.495409394905 0.507125830156
33.4 18 55 0.230747 0.495031571385 0.50712842509
33.5 18 53 0.252193 0.494658344288 0.507130252524
33.6 18 53 0.252285 0.4942897063 0.507131454826
33.7 18 54 0.251602 0.4939256493 0.507132146475
33.8 18 58 0.25891 0.493566164676 0.507132413133
33.9 18 52 0.255928 0.493211242564 0.50713230956
34 18 52 0.236951 0.492860872308 0.507131862809
34.1 18 53 0.258326 0.492515041715 0.507131072009
34.2 18 51 0.254053 0.492173737013 0.507129912912
34.3 18 56 0.240065 0.491836942418 0.507128342225
34.4 18 57 0.23956 0.491504640598 0.507126302838
34.5 19 55 0.26697 0.491176811954 0.507123729334
34.6 19 59 0.286448 0.490853435039 0.507120554696
34.7 20 60 0.273521 0.490534485416 0.507116715374
34.8 20 56 0.31389 0.490219936962 0.507112156833
34.9 20 58 0.294605 0.489909760776 0.507106840336
35 20 57 0.31079 0.489603925464 0.507100746351
35.1 20 56 0.308827 0.489302397416 0.507093878158
35.2 20 56 0.311638 0.489005140163 0.507086264157
35.3 20 54 0.314512 0.488712115204 0.507077959546
35.4 20 56 0.319104 0.488423281414 0.50706904602
35.5 20 60 0.319877 0.488138596125 0.507059630707
35.6 20 61 0.299079 0.487858014653 0.507049843436
35.7 20 62 0.311699 0.487581490477 0.507039832955
35.8 20 64 0.321311 0.487308975589 0.507029763794
35.9 20 64 0.319431 0.487040420755 0.507019809672
36 20 59 0.300599 0.486775775824 0.507010149073
36.1 20 59 0.329883 0.486514990425 0.507000956374
36.2 20 61 0.319353 0.486258013042 0.506992398058
36.3 20 60 0.323915 0.48600479331 0.506984627267
36.4 20 58 0.30775 0.485755280712 0.506977775943
36.5 20 56 0.300174 0.48550942439 0.506971950102
36.6 20 59 0.323998 0.485267174439 0.506967228124
36.7 20 56 0.309119 0.485028484 0.506963651413
36.8 20 65 0.352908 0.48479330441 0.506961228974
36.9 20 59 0.319998 0.484561589876 0.506959937006
37 20 63 0.300916 0.48433329493 0.506959713405
37.1 20 60 0.305095 0.484108378622 0.506960459392
37.2 20 57 0.324682 0.483886798903 0.506962048215
37.3 20 60 0.320732 0.483668517048 0.506964322659
37.4 20 56 0.325505 0.48345349603 0.506967102806
37.5 20 54 0.329227 0.483241701756 0.50697019162
37.6 20 56 0.32418 0.483033100374 0.506973381105
37.7 20 65 0.336878 0.482827661377 0.506976455388
37.8 20 64 0.333405 0.482625354793 0.506979200258
37.9 20 59 0.323076 0.482426153615 0.506981409087
38 20 58 0.326932 0.482230031931 0.506982886101
38.1 20 60 0.323904 0.48203696591 0.506983454749
38.2 20 62 0.328085 0.481846933507 0.506982960343
38.3 20 64 0.307268 0.481659913743 0.506981274604
38.4 20 71 0.324511 0.481475886735 0.506978298401
38.5 20 69 0.334873 0.481294835255 0.506973964148
38.6 20 72 0.316813 0.481116740634 0.506968234617
38.7 20 63 0.336498 0.480941586796 0.506961104309
38.8 20 64 0.3355 0.48076935807 0.50695259777
38.9 20 68 0.333111 0.480600039932 0.506942765697
39 20 65 0.339146 0.48043361827 0.506931682917
39.1 20 66 0.317537 0.480270079597 0.506919443923
39.2 20 62 0.321444 0.480109410954 0.50690615875
39.3 20 66 0.345189 0.479951599483 0.506891948364
39.4 20 65 0.3371 0.479796633164 0.506876938614
39.5 20 62 0.325119 0.479644499861 0.506861256545
39.6 20 65 0.334424 0.479495187685 0.506845025996
39.7 20 60 0.324404 0.479348684419 0.506828362084
39.8 20 63 0.326185 0.479204978298 0.506811368264
39.9 20 66 0.313061 0.479064057112 0.506794133449
40 20 66 0.314264 0.478925908284 0.506776729019
40.1 20 66 0.311999 0.478790519146 0.506759208386
40.2 20 64 0.31474 0.478657876416 0.506741606345
40.3 21 62 0.335042 0.478527966209 0.506723939508
40.4 21 69 0.355534 0.478400774048 0.506706207531
40.5 21 70 0.329452 0.478276284997 0.506688394689
40.6 20 68 0.33475 0.478154483146 0.506670472959
40.7 21 63 0.336921 0.478035351066 0.506652404494
40.8 21 68 0.333631 0.477918871376 0.506634145891
40.9 21 70 0.338005 0.477805024647 0.506615651297
41 21 69 0.356942 0.477693791204 0.506596876028
41.1 20 72 0.372776 0.477585147699 0.506577781466
41.2 20 68 0.355636 0.477479073613 0.506558336342
41.3 21 65 0.375322 0.477375546907 0.506538520291
41.4 21 70 0.371195 0.477274541646 0.506518327245
41.5 21 69 0.368182 0.477176030882 0.506497766094
41.6 21 72 0.358047 0.477079988049 0.506476861781
41.7 22 68 0.359847 0.476986385446 0.506455656069
41.8 22 70 0.409252 0.476895193253 0.506434205864
41.9 22 68 0.415951 0.476806382147 0.50641258206
42 22 69 0.430586 0.476719921411 0.506390869588
42.1 22 76 0.435638 0.476635779553 0.506369162475
42.2 22 69 0.41973 0.476553924485 0.50634756165
42.3 22 69 0.413902 0.476474322399 0.506326171684
42.4 22 69 0.416236 0.476396942878 0.50630509628
42.5 22 71 0.415618 0.476321753309 0.506284435337
42.6 22 69 0.41649 0.476248721428 0.506264280516
42.7 22 70 0.428261 0.476177815299 0.506244712302
42.8 22 73 0.436653 0.47610900283 0.506225797138
42.9 22 71 0.422732 0.476042252905 0.50620758403
43 22 66 0.425207 0.475977535292 0.506190102454
43.1 22 66 0.40637 0.475914819799 0.50617336118
43.2 22 68 0.435236 0.475854077782 0.506157346864
43.3 22 65 0.428343 0.475795282174 0.506142025453
43.4 22 64 0.423146 0.475738404907 0.506127342003
43.5 22 68 0.437822 0.475683420607 0.506113222248
43.6 22 65 0.43493 0.475630304593 0.506099573989
43.7 22 69 0.436503 0.475579033002 0.506086290802
43.8 22 66 0.440272 0.475529583178 0.506073254457
43.9 22 69 0.4289 0.475481933914 0.506060341315
44 22 66 0.427475 0.475436064445 0.506047422553
44.1 22 69 0.418467 0.475391955375 0.506034368832
44.2 22 67 0.431489 0.475349588423 0.506021055443
44.3 22 72 0.434359 0.47530894637 0.506007364542
44.4 22 70 0.419994 0.475270013159 0.50599318767
44.5 22 67 0.419432 0.475232772112 0.505978431217
44.6 22 69 0.425595 0.475197207337 0.505963017347
44.7 22 64 0.433098 0.475163305448 0.505946885771
44.8 22 69 0.417334 0.475131053179 0.505929994827
44.9 22 67 0.430518 0.475100436597 0.505912322419
45 22 69 0.402528 0.475071442996 0.505893865787
45.1 22 67 0.426166 0.475044059958 0.505874640543
45.2 22 71 0.452698 0.475018275429 0.505854678814
45.3 22 70 0.429529 0.474994077601 0.5058340282
45.4 22 68 0.426044 0.474971455314 0.505812747626
45.5 22 65 0.413325 0.474950397149 0.505790906724
45.6 22 67 0.429056 0.474930892152 0.505768582293
45.7 22 70 0.441676 0.474912929614 0.505745854383
45.8 22 61 0.425253 0.4748964984 0.505722803221
45.9 22 65 0.434337 0.474881587848 0.505699507771
46 22 67 0.419991 0.474868187288 0.505676041503
46.1 22 65 0.432349 0.474856285571 0.505652470139
46.2 22 64 0.403606 0.47484587206 0.505628850345
46.3 22 62 0.403688 0.47483693585 0.505605229017
46.4 22 63 0.409875 0.474829465871 0.505581640619
46.5 22 64 0.405585 0.474823450531 0.505558108199
46.6 22 65 0.41181 0.474818878337 0.50553464274
46.7 22 67 0.440369 0.474815737398 0.505511245065
46.8 22 69 0.435707 0.474814015482 0.505487905
46.9 22 69 0.445344 0.474813700089 0.505464604496
47 22 66 0.438722 0.474814778028 0.505441319651
47.1 22 69 0.44644 0.474817235445 0.505418022247
47.2 22 67 0.418786 0.474821058717 0.505394681608
47.3 22 67 0.437943 0.47482623332 0.505371268042
47.4 22 65 0.432916 0.474832743967 0.505347753992
47.5 22 69 0.418654 0.474840575101 0.50532411707
47.6 22 70 0.430899 0.474849710294 0.505300341621
47.7 22 70 0.434483 0.474860132877 0.505276419866
47.8 22 70 0.422356 0.474871825814 0.505252353518
47.9 22 73 0.433983 0.474884771104 0.505228153834
48 22 71 0.42465 0.474898950687 0.505203842781
48.1 22 71 0.423409 0.474914345632 0.505179451959
48.2 22 71 0.430965 0.474930937056 0.505155021706
48.3 22 72 0.425266 0.474948705426 0.505130600662
48.4 22 73 0.423595 0.47496763158 0.505106243582
48.5 22 73 0.431385 0.474987695232 0.505082009777
48.6 22 74 0.429393 0.475008875945 0.505057960712
48.7 22 72 0.428893 0.475031154765 0.505034158211
48.8 22 73 0.427591 0.475054512056 0.505010661424
48.9 22 74 0.426093 0.475078927848 0.504987525374
49 22 75 0.425905 0.475104383007 0.504964798346
49.1 22 75 0.423101 0.475130858358 0.50494251911
49.2 22 74 0.420176 0.475158334776 0.504920716424
49.3 22 72 0.42423 0.475186794312 0.504899407246
49.4 22 74 0.425179 0.47521621912 0.50487859663
49.5 22 74 0.420792 0.475246592064 0.504858276054
49.6 22 73 0.424633 0.475277896375 0.504838423466
49.7 22 74 0.42964 0.475310116203 0.504819004829
49.8 22 72 0.42722 0.475343236334 0.504799974374
49.9 22 72 0.438416 0.47537724155 0.504781275983
50 22 69 0.419638 0.475412117791 0.504762845276
50.1 22 74 0.443493 0.47544785159 0.504744610848
50.2 22 73 0.428814 0.475484429983 0.504726497708
50.3 22 73 0.43618 0.475521840604 0.504708427953
50.4 22 72 0.434771 0.475560071719 0.504690324451
50.5 22 72 0.432352 0.475599111627 0.504672113169
50.6 22 73 0.445425 0.475638949896 0.504653724727
50.7 22 71 0.441442 0.475679575701 0.50463509683
50.8 22 72 0.440055 0.475720979422 0.504616176433
50.9 22 70 0.422909 0.475763151104 0.504596920108
51 22 70 0.424808 0.475806081181 0.504577296162
51.1 22 72 0.435099 0.475849760739 0.504557284316
51.2 22 70 0.439937 0.475894180896 0.50453687643
51.3 22 71 0.434416 0.475939333461 0.504516076398
51.4 22 70 0.430555 0.475985209691 0.504494898731
51.5 22 70 0.437439 0.476031801177 0.504473367575
51.6 22 70 0.436776 0.476079099945 0.504451516347
51.7 22 71 0.438387 0.476127098222 0.50442938469
51.8 22 71 0.450061 0.476175787906 0.504407017277
51.9 22 71 0.450108 0.476225161275 0.504384462393
52 22 71 0.445164 0.476275210608 0.504361768992
52.1 22 73 0.442799 0.476325928413 0.504338985049
52.2 22 70 0.4401 0.476377306988 0.504316156217
52.3 22 69 0.436851 0.476429338834 0.504293323628
52.4 22 70 0.441239 0.476482017015 0.504270521826
52.5 22 70 0.440014 0.476535333483 0.504247779696
52.6 22 69 0.44304 0.476589280655 0.504225118126
52.7 22 69 0.434483 0.476643851119 0.50420254967
52.8 22 70 0.440384 0.476699037213 0.504180079258
52.9 22 71 0.447151 0.476754830483 0.504157703891
53 22 72 0.431654 0.476811223791 0.504135413607
53.1 22 72 0.447386 0.476868208687 0.504113192583
53.2 22 71 0.445832 0.476925776977 0.504091020068
53.3 22 73 0.442419 0.476983920559 0.504068871766
53.4 22 73 0.441464 0.477042630765 0.504046722433
53.5 22 71 0.437375 0.47710189883 0.504024546324
53.6 22 71 0.439925 0.477161715346 0.504002319683
53.7 22 72 0.442186 0.477222071434 0.503980021279
53.8 22 71 0.444559 0.477282956923 0.503957636022
53.9 22 71 0.4438 0.477344362314 0.503935153693
54 22 68 0.46226 0.477406276988 0.503912572513
54.1 22 67 0.442025 0.477468691122 0.503889896434
54.2 22 70 0.436924 0.477531593814 0.50386713897
54.3 22 70 0.463715 0.47759497396 0.503844320189
54.4 22 71 0.456151 0.477658820355 0.503821469093
54.5 22 72 0.443854 0.477723121956 0.503798620847
54.6 22 69 0.449538 0.477787867261 0.503775816957
54.7 22 70 0.465935 0.477853045635 0.503753103012
54.8 22 68 0.424408 0.477918643711 0.503730528971
54.9 22 71 0.45992 0.477984650774 0.503708145197
55 22 70 0.45699 0.478051056133 0.503686001607
55.1 22 70 0.474371 0.478117847421 0.50366414698
55.2 22 73 0.463351 0.478185013385 0.503642625461
55.3 22 73 0.4562 0.478252543063 0.503621476635
55.4 22 77 0.461615 0.478320424808 0.50360073248
55.5 22 74 0.43175 0.47838864856 0.503580416566
55.6 22 71 0.448489 0.478457204269 0.503560543166
55.7 22 67 0.446636 0.478526082001 0.503541117385
55.8 22 71 0.446146 0.478595271979 0.503522132945
55.9 22 72 0.440124 0.478664765089 0.503503574213
56 22 68 0.449037 0.478734552891 0.503485415015
56.1 22 67 0.445562 0.478804625991 0.503467620099
56.2 22 64 0.437602 0.478874977194 0.503450146123
56.3 22 69 0.460768 0.478945598331 0.503432942463
56.4 22 70 0.438408 0.479016482217 0.5034159534
56.5 22 67 0.441873 0.479087622246 0.503399120048
56.6 22 69 0.449092 0.479159011437 0.503382380455
56.7 22 71 0.449489 0.479230643518 0.503365673081
56.8 22 70 0.455723 0.4793025126 0.503348938274
56.9 22 67 0.429014 0.47937461281 0.503332119388
57 22 67 0.441887 0.479446938662 0.503315164721
57.1 22 68 0.449279 0.479519484806 0.503298029107
57.2 22 65 0.459672 0.479592246255 0.503280675226
57.3 22 69 0.429611 0.479665217859 0.503263074645
57.4 22 67 0.437341 0.479738394631 0.503245207223
57.5 22 73 0.43876 0.47981177156 0.503227062204
57.6 22 71 0.444631 0.479885344373 0.503208638413
57.7 22 71 0.456626 0.479959106648 0.503189943661
57.8 22 65 0.452629 0.480033055043 0.503170993262
57.9 22 61 0.437904 0.480107184872 0.503151809651
58 22 65 0.464637 0.480181491355 0.503132421556
58.1 22 66 0.450244 0.480255969926 0.503112862586
58.2 22 68 0.42576 0.480330615706 0.503093170132
58.3 22 68 0.44058 0.480405424219 0.503073382102
58.4 22 72 0.434582 0.480480390845 0.50305353846
58.5 22 67 0.464794 0.480555510783 0.503033676962
58.6 22 68 0.436293 0.480630779405 0.503013833913
58.7 22 70 0.483655 0.48070619159 0.502994041492
58.8 22 65 0.47922 0.480781742749 0.502974327613
58.9 22 63 0.487896 0.480857428083 0.502954715597
59 22 67 0.47526 0.480933242334 0.502935223394
59.1 22 67 0.47143 0.481009181122 0.502915862375
59.2 22 63 0.459789 0.481085239371 0.502896639418
59.3 22 67 0.495297 0.481161412056 0.502877554515
59.4 22 68 0.484076 0.481237694626 0.502858603539
59.5 22 64 0.504965 0.481314081345 0.502839778307
59.6 22 69 0.501281 0.481390567284 0.502821067572
59.7 22 68 0.46239 0.481467147647 0.502802457986
59.8 22 66 0.504378 0.481543816602 0.502783934085
59.9 22 67 0.499207 0.481620569124 0.502765480964
60 22 68 0.498385 0.48169739954 0.502747084528
60.1 22 66 0.520085 0.481774302806 0.502728732836
60.2 22 67 0.494626 0.481851273681 0.502710417088
60.3 22 67 0.497156 0.481928305585 0.502692131726
60.4 22 68 0.503002 0.482005393188 0.502673875166
60.5 22 68 0.496728 0.482082530938 0.502655650308
60.6 22 68 0.504631 0.482159712905 0.502637464041
60.7 22 68 0.505872 0.482236933531 0.502619328518
60.8 22 69 0.500054 0.482314186904 0.50260125934
60.9 22 69 0.500131 0.482391467348 0.502583275743
61 22 73 0.514222 0.482468769062 0.502565400046
61.1 22 68 0.504372 0.48254608626 0.502547656308
61.2 22 70 0.503513 0.482623413718 0.502530069418
61.3 22 69 0.508403 0.482700745541 0.502512664745
61.4 22 73 0.525244 0.482778076416 0.502495465675
61.5 22 73 0.534335 0.482855400816 0.502478494202
61.6 22 74 0.563309 0.482932713914 0.502461768329
61.7 22 71 0.539976 0.483010010455 0.502445303062
61.8 22 72 0.553151 0.48308728593 0.502429107796
61.9 22 70 0.550713 0.483164535555 0.502413186331
62 22 72 0.54035 0.483241755177 0.502397537435
62.1 22 72 0.555053 0.483318940259 0.50238215323
62.2 22 77 0.5623 0.483396087191 0.50236702069
62.3 22 76 0.58264 0.483473191764 0.502352121149
62.4 22 75 0.573146 0.483550250551 0.502337430503
62.5 22 73 0.541659 0.483627259826 0.502322920561
62.6 22 73 0.554485 0.483704216932 0.502308559992
62.7 22 68 0.542876 0.483781118335 0.502294314154
62.8 22 70 0.52875 0.483857961015 0.50228014757
62.9 22 71 0.550684 0.483934742048 0.502266024609
63 22 70 0.542346 0.484011458783 0.502251909704
63.1 22 69 0.545758 0.484088108575 0.502237770023
63.2 22 72 0.565142 0.484164688747 0.502223575626
63.3 22 72 0.566936 0.484241196938 0.502209300625
63.4 22 71 0.549646 0.484317630484 0.50219492338
63.5 22 69 0.540123 0.484393986969 0.502180428033
63.6 22 66 0.518775 0.48447026379 0.502165804072
63.7 22 70 0.547807 0.484546458219 0.502151047031
63.8 22 71 0.550534 0.484622568436 0.502136158382
63.9 22 70 0.560935 0.4846985916 0.502121144875
64 22 71 0.575897 0.484774525117 0.502106018579
64.1 22 71 0.568514 0.484850366619 0.502090796093
64.2 22 70 0.602975 0.484926113666 0.502075498219
64.3 22 71 0.554 0.485001763672 0.502060147609
64.4 22 72 0.57596 0.485077314048 0.502044770353
64.5 22 69 0.529792 0.485152762305 0.5020293923
64.6 22 70 0.585993 0.485228105522 0.50201403983
64.7 22 67 0.575104 0.485303341812 0.501998737428
64.8 22 72 0.552841 0.485378468187 0.501983508567
64.9 22 71 0.573236 0.485453482061 0.501968373088
65 22 71 0.565768 0.485528381241 0.501953346966
65.1 22 72 0.65292 0.485603163019 0.501938443068
65.2 22 71 0.576215 0.485677824511 0.50192366982
65.3 22 68 0.56838 0.485752363732 0.501909030653
65.4 22 66 0.608307 0.485826778091 0.501894524935
65.5 22 66 0.561626 0.485901064813 0.501880148828
65.6 22 68 0.579161 0.485975221805 0.501865893882
65.7 22 66 0.568753 0.486049246307 0.501851748791
65.8 22 66 0.577438 0.486123135671 0.50183770034
65.9 22 68 0.580592 0.48619688746 0.501823733665
66 22 68 0.555069 0.486270498999 0.501809833606
66.1 22 67 0.593962 0.486343967619 0.501795984246
66.2 22 69 0.569585 0.486417290662 0.501782171215
66.3 22 67 0.591722 0.486490465792 0.501768382009
66.4 22 66 0.558321 0.486563489779 0.50175460708
66.5 22 69 0.616163 0.486636360284 0.501740839638
66.6 22 71 0.555229 0.486709074289 0.501727076956
66.7 22 65 0.563506 0.486781629348 0.50171332044
66.8 22 68 0.686189 0.486854022183 0.501699575146
66.9 22 72 0.570096 0.486926249948 0.501685850823
67 22 69 0.564757 0.486998310561 0.501672160254
67.1 22 69 0.588359 0.487070200553 0.50165851987
67.2 22 71 0.573881 0.487141917423 0.501644949508
67.3 22 69 0.556429 0.487213458297 0.501631470456
67.4 22 68 0.576821 0.487284821071 0.501618105921
67.5 22 67 0.583537 0.487356002916 0.501604879031
67.6 22 68 0.585553 0.487427001448 0.501591813003
67.7 22 70 0.609141 0.487497814403 0.501578929154
67.8 22 70 0.595503 0.487568439728 0.501566246666
67.9 22 73 0.583095 0.487638875454 0.501553781395
68 22 67 0.589631 0.487709119595 0.501541546386
68.1 22 71 0.583639 0.487779170511 0.501529549294
68.2 22 70 0.561675 0.487849026898 0.501517792912
68.3 22 71 0.580027 0.487918687449 0.501506275253
68.4 22 68 0.580157 0.48798815102 0.501494989168
68.5 22 70 0.62372 0.488057416202 0.501483921881
68.6 22 68 0.582109 0.488126482531 0.501473056181
68.7 22 70 0.641225 0.48819534892 0.501462370071
68.8 22 73 0.587545 0.488264014963 0.501451838493
68.9 22 71 0.607189 0.488332480051 0.501441433735
69 22 71 0.605294 0.488400743673 0.501431125328
69.1 22 76 0.609043 0.488468805503 0.501420881954
69.2 22 68 0.794153 0.488536665145 0.50141067191
69.3 22 70 0.701476 0.488604322023 0.501400465412
69.4 22 69 0.586793 0.488671776426 0.501390233283
69.5 22 72 0.543589 0.488739027472 0.501379949859
69.6 22 71 0.586088 0.4888060748 0.501369592326
69.7 22 68 0.554382 0.488872918091 0.501359142959
69.8 22 70 0.541703 0.488939556413 0.501348588252
69.9 22 73 0.553352 0.489005989513 0.50133792007
70 22 70 0.594981 0.489072216504 0.501327134913
70.1 22 71 0.609755 0.489138236814 0.501316234998
70.2 22 71 0.609117 0.489204049335 0.501305227323
70.3 22 72 0.597688 0.489269653236 0.501294123861
70.4 22 67 0.573004 0.489335047617 0.501282939451
70.5 22 70 0.55264 0.489400230619 0.501271694253
70.6 22 70 0.566955 0.489465202329 0.501260409244
70.7 22 71 0.568751 0.489529960379 0.501249108603
70.8 22 70 0.580188 0.489594503957 0.501237818032
70.9 22 71 0.598895 0.489658831917 0.501226561665
71 22 71 0.576349 0.489722942739 0.501215363613
71.1 22 71 0.59562 0.489786835038 0.501204246588
71.2 22 73 0.61725 0.489850507402 0.501193230907
71.3 22 68 0.596133 0.489913958577 0.5011823344
71.4 22 68 0.594232 0.489977187489 0.501171570243
71.5 22 67 0.601303 0.49004019263 0.501160948163
71.6 22 68 0.574269 0.490102972602 0.501150474624
71.7 22 70 0.603337 0.490165526407 0.501140151778
71.8 22 65 0.595223 0.490227853332 0.501129978074
71.9 22 68 0.605563 0.490289951588 0.501119948283
72 22 69 0.595595 0.490351820361 0.501110053957
72.1 22 68 0.623931 0.490413458624 0.501100283659
72.2 22 65 0.597601 0.490474865306 0.501090625416
72.3 22 70 0.806099 0.49053603941 0.501081064417
72.4 22 66 0.62078 0.490596980268 0.501071586061
72.5 22 66 0.825441 0.490657687185 0.501062175891
72.6 22 71 0.774117 0.490718159086 0.501052820021
72.7 22 66 0.59274 0.490778395276 0.501043506166
72.8 22 69 0.628834 0.490838394945 0.501034223735
72.9 22 67 0.604582 0.490898157234 0.501024964678
73 22 72 0.662092 0.490957681815 0.501015724626
73.1 22 67 0.661654 0.491016967549 0.501006501337
73.2 22 69 0.761747 0.491076014347 0.50099729552
73.3 22 71 0.67131 0.491134821203 0.500988110743
73.4 22 69 0.713866 0.491193387828 0.500978954624
73.5 22 71 0.847163 0.491251713993 0.500969835375
73.6 23 65 0.8714 0.49130979888 0.500960764085
73.7 23 75 0.864495 0.491367642406 0.500951753088
73.8 23 78 0.735618 0.491425243805 0.500942815937
73.9 23 69 0.65662 0.491482603435 0.500933966093
74 23 81 0.709235 0.491539720658 0.500925216511
74.1 23 77 0.695619 0.491596595968 0.500916578828
74.2 23 72 0.701139 0.491653229116 0.500908063606
74.3 23 73 0.66135 0.491709620664 0.500899679143
74.4 23 71 0.669874 0.491765769815 0.500891429912
74.5 23 75 0.926326 0.49182167784 0.500883318932
74.6 23 75 0.889553 0.49187734464 0.50087534478
74.7 23 66 0.670951 0.491932770417 0.500867503796
74.8 23 64 0.678349 0.491987956368 0.500859789439
74.9 23 66 0.663602 0.492042902786 0.50085219093
75 23 74 0.709307 0.492097610016 0.500844695294
75.1 23 76 0.741368 0.492152079071 0.500837287463
75.2 23 70 0.703693 0.492206310205 0.500829950801
75.3 23 73 0.719278 0.492260304173 0.500822667395
75.4 23 69 0.67905 0.492314061958 0.500815418423
75.5 23 75 0.688032 0.492367583894 0.500808185961
75.6 23 73 0.695584 0.492420870564 0.500800952806
75.7 23 73 0.651123 0.492473922747 0.500793703052
75.8 23 72 0.69212 0.492526741107 0.500786422235
75.9 23 67 0.684976 0.492579325666 0.500779098612
76 23 70 0.63843 0.492631677056 0.50077172492
76.1 23 72 0.680367 0.492683795302 0.500764294934
76.2 23 74 0.678697 0.492735680437 0.500756807346
76.3 23 72 0.694885 0.492787332925 0.500749265128
76.4 23 67 0.666408 0.492838752676 0.500741673393
76.5 23 70 0.675252 0.492889939305 0.500734041155
76.6 23 69 0.678475 0.492940892733 0.50072638034
76.7 23 80 0.705559 0.492991612577 0.500718704406
76.8 23 77 0.732212 0.493042098497 0.500711029927
76.9 23 73 0.685765 0.493092349952 0.500703375708
77 23 84 0.693285 0.493142366541 0.500695761288
77.1 23 74 0.706122 0.493192147836 0.500688204835
77.2 23 71 0.698286 0.493241693277 0.500680725028
77.3 23 70 0.714798 0.493291002109 0.500673339457
77.4 23 72 0.649174 0.49334007383 0.500666063725
77.5 23 66 0.713179 0.493388907628 0.500658911205
77.6 23 75 0.682594 0.493437503325 0.500651892697
77.7 23 68 0.802036 0.493485860123 0.500645016205
77.8 23 84 0.70136 0.49353397782 0.500638286252
77.9 23 75 0.670305 0.493581855795 0.500631703677
78 23 69 0.696652 0.493629493637 0.500625266067
78.1 23 68 0.685389 0.493676891109 0.500618968275
78.2 23 68 0.681266 0.493724048154 0.50061280205
78.3 23 66 0.671706 0.493770964376 0.500606755497
78.4 23 67 0.653931 0.493817639862 0.500600815813
78.5 23 69 0.671402 0.493864074712 0.500594967466
78.6 23 68 0.678408 0.493910268785 0.500589194486
78.7 23 66 0.684117 0.49395622255 0.500583479517
78.8 23 67 0.683113 0.49400193605 0.500577805575
78.9 23 65 0.668238 0.494047409785 0.500572156347
79 23 69 0.690961 0.494092644139 0.500566516529
79.1 23 66 0.698246 0.494137639701 0.500560872044
79.2 23 71 0.692383 0.494182396808 0.500555210867
79.3 23 69 0.706448 0.49422691631 0.500549523677
79.4 23 68 0.729264 0.494271198618 0.50054380326
79.5 23 75 0.707393 0.494315244883 0.500538045445
79.6 23 76 0.690825 0.494359055773 0.500532248224
79.7 23 81 0.734871 0.494402632139 0.500526412398
79.8 23 74 0.735713 0.494445974924 0.500520540985
79.9 23 75 0.73408 0.494489084998 0.500514640079
80 23 74 0.776688 0.494531963486 0.500508716986
80.1 23 81 0.715997 0.494574611364 0.500502781102
80.2 23 78 0.736034 0.494617029531 0.500496841718
80.3 23 79 0.727687 0.494659219019 0.500490909044
80.4 23 79 0.70449 0.494701180968 0.500484993846
80.5 23 81 0.731729 0.494742916577 0.500479106485
80.6 23 81 0.739699 0.494784426745 0.500473256826
80.7 23 72 0.683965 0.494825712769 0.500467453935
80.8 23 72 0.682951 0.494866775591 0.50046170556
80.9 23 71 0.697657 0.494907616217 0.500456017878
81 23 72 0.675032 0.494948235858 0.500450395363
81.1 23 69 0.694168 0.494988635361 0.500444840954
81.2 23 74 0.694321 0.495028815858 0.500439355943
81.3 23 74 0.662722 0.495068778008 0.500433939897
81.4 23 70 0.683905 0.49510852308 0.500428591441
81.5 23 70 0.639738 0.49514805176 0.500423307932
81.6 23 72 0.643378 0.495187364689 0.500418086213
81.7 23 69 0.662285 0.495226462492 0.50041292278
81.8 23 71 0.637352 0.495265345875 0.500407813501
81.9 23 71 0.663808 0.495304015627 0.500402755181
82 23 71 0.668585 0.495342471533 0.500397744361
82.1 23 73 0.665768 0.495380714419 0.500392778734
82.2 23 71 0.691883 0.495418744479 0.500387857117
82.3 23 72 0.672148 0.495456561965 0.500382979602
82.4 23 73 0.683374 0.495494166946 0.50037814714
82.5 23 70 0.679135 0.495531559538 0.500373362305
82.6 23 72 0.663806 0.4955687394 0.500368628891
82.7 23 74 0.694275 0.495605706979 0.500363952232
82.8 23 71 0.667953 0.495642462024 0.500359337826
82.9 23 69 0.663317 0.495679004656 0.500354792698
83 23 72 0.683644 0.495715334158 0.50035032381
83.1 23 71 0.710689 0.495751450758 0.500345938858
83.2 23 72 0.664666 0.49578735421 0.500341644145
83.3 23 67 0.714801 0.495823044167 0.50033744628
83.4 23 70 0.664485 0.49585852073 0.500333350184
83.5 23 69 0.669405 0.495893783956 0.50032935953
83.6 23 73 0.670036 0.495928833602 0.500325476073
83.7 23 69 0.653201 0.495963669513 0.500321700247
83.8 23 65 0.652331 0.495998291953 0.500318029816
83.9 23 66 0.657727 0.496032701251 0.500314460132
84 23 68 0.659303 0.496066897711 0.500310983864
84.1 23 68 0.664017 0.496100881155 0.500307592014
84.2 23 70 0.659997 0.496134652025 0.500304273454
84.3 23 67 0.637811 0.496168210616 0.500301014696
84.4 23 69 0.661474 0.496201557508 0.500297801396
84.5 23 68 0.662789 0.496234693074 0.500294617716
84.6 23 69 0.829087 0.496267618102 0.500291447048
84.7 23 68 0.780895 0.496300333115 0.500288272073
84.8 23 67 0.988233 0.496332838915 0.500285075963
84.9 23 73 0.758076 0.496365136267 0.500281843019
85 23 66 0.651283 0.496397226137 0.500278558982
85.1 23 71 0.837894 0.496429109354 0.500275211353
85.2 23 71 0.663636 0.496460786567 0.500271789028
85.3 23 68 0.678654 0.496492258718 0.500268284334
85.4 23 70 0.658496 0.496523526815 0.500264692863
85.5 23 68 0.654544 0.496554591879 0.500261013254
85.6 23 68 0.663801 0.496585454758 0.500257246666
85.7 23 67 0.643414 0.496616116504 0.500253397731
85.8 23 65 0.644395 0.496646578117 0.5002494741
85.9 23 66 0.637998 0.496676840659 0.500245486206
86 23 65 0.638663 0.496706905014 0.500241447187
86.1 23 68 0.640386 0.496736772338 0.500237372247
86.2 23 68 0.640236 0.49676644367 0.500233278168
86.3 23 68 0.642669 0.49679592011 0.500229182759
86.4 23 69 0.609031 0.49682520277 0.500225105037
86.5 23 66 0.622357 0.49685429274 0.500221063489
86.6 23 75 0.656383 0.496883191437 0.500217076695
86.7 23 73 0.630023 0.496911899491 0.500213161389
86.8 23 83 0.67589 0.496940418609 0.500209333502
86.9 23 76 0.650485 0.496968749931 0.50020560654
87 23 75 0.680708 0.496996894753 0.500201991075
87.1 23 77 0.634528 0.4970248543 0.500198495517
87.2 23 73 0.620828 0.49705263004 0.500195125653
87.3 23 76 0.655444 0.497080223171 0.500191883016
87.4 23 75 0.618157 0.497107634968 0.500188767946
87.5 23 75 0.622132 0.497134866938 0.50018577682
87.6 23 69 0.617334 0.497161920204 0.500182903268
87.7 23 77 0.623612 0.497188796311 0.500180138539
87.8 23 76 0.63923 0.4972154966 0.50017747249
87.9 23 73 0.61725 0.497242022538 0.50017489261
88 23 73 0.651956 0.497268374441 0.500172386177
88.1 23 76 0.615335 0.497294553717 0.500169939178
88.2 23 78 0.646224 0.497320561619 0.500167536977
88.3 23 80 0.625597 0.497346399783 0.500165166529
88.4 23 75 0.639668 0.49737206824 0.500162814803
88.5 23 77 0.646737 0.497397567689 0.500160469964
88.6 23 74 0.63457 0.497422899352 0.500158121667
88.7 23 74 0.6586 0.497448063738 0.500155761806
88.8 23 78 0.65389 0.497473061655 0.500153384015
88.9 23 76 0.644484 0.497497893757 0.500150983878
89 23 82 0.699739 0.497522560004 0.500148560051
89.1 23 77 0.642568 0.497547061018 0.500146113144
89.2 23 73 0.637356 0.497571397143 0.500143645327
89.3 23 75 0.622793 0.497595568696 0.500141160214
89.4 23 78 0.625292 0.497619575662 0.500138663637
89.5 23 77 0.65175 0.497643418433 0.500136162315
89.6 23 75 0.627547 0.497667096956 0.500133663754
89.7 23 76 0.640521 0.497690611413 0.500131176611
89.8 23 87 0.665132 0.49771396217 0.500128708366
89.9 23 75 0.645174 0.497737148959 0.500126266185
90 23 77 0.639163 0.497760172027 0.500123857395
90.1 23 85 0.654967 0.497783031333 0.500121487742
90.2 23 82 0.668687 0.497805727216 0.500119161488
90.3 23 76 0.638236 0.497828259818 0.500116881828
90.4 23 86 0.656537 0.497850629639 0.500114649045
90.5 23 77 0.648845 0.497872836209 0.500112463284
90.6 23 72 0.647003 0.497894880604 0.50011032183
90.7 23 72 0.629293 0.497916762815 0.500108221087
90.8 23 72 0.664288 0.497938482801 0.500106155768
90.9 23 73 0.635015 0.497960042275 0.500104119313
91 23 71 0.671932 0.497981440898 0.50010210429
91.1 23 74 0.63466 0.498002679325 0.500100102733
91.2 23 72 0.637409 0.498023757856 0.500098106232
91.3 23 69 0.625724 0.49804467752 0.500096106549
91.4 23 71 0.642632 0.498065439194 0.500094095718
91.5 23 71 0.652416 0.498086043294 0.500092066783
91.6 23 70 0.622312 0.498106490761 0.50009001395
91.7 23 71 0.633356 0.49812678246 0.500087932155
91.8 23 73 0.638694 0.49814691934 0.500085817984
91.9 23 74 0.64079 0.498166902252 0.500083669863
92 23 68 0.611265 0.498186732013 0.500081488481
92.1 23 65 0.622537 0.498206409456 0.50007927604
92.2 23 64 0.673631 0.498225935782 0.500077035791
92.3 23 65 0.612906 0.498245312183 0.500074773064
92.4 23 66 0.628238 0.498264539527 0.500072493943
92.5 23 66 0.615204 0.49828361867 0.500070206578
92.6 23 64 0.617255 0.498302551041 0.500067919427
92.7 23 65 0.632986 0.498321337575 0.50006564183
92.8 23 66 0.627545 0.498339979778 0.500063382883
92.9 23 66 0.621622 0.498358478513 0.500061152307
93 23 66 0.622091 0.498376835004 0.500058958899
93.1 23 67 0.614194 0.498395050454 0.500056811556
93.2 23 69 0.634751 0.498413126123 0.500054717208
93.3 23 68 0.614842 0.498431063238 0.500052682354
93.4 23 69 0.64081 0.498448862969 0.500050711521
93.5 23 77 0.653492 0.49846652661 0.500048808332
93.6 23 70 0.604355 0.498484055537 0.50004697469
93.7 23 71 0.649594 0.49850145081 0.500045210383
93.8 23 71 0.613125 0.498518713998 0.500043513856
93.9 23 71 0.628604 0.498535845447 0.500041883533
94 23 74 0.651233 0.498552846483 0.500040315566
94.1 23 67 0.647081 0.498569718282 0.50003880558
94.2 23 70 0.640995 0.498586461802 0.50003734838
94.3 23 71 0.641259 0.498603077887 0.5000359383
94.4 23 71 0.624711 0.49861956758 0.500034570035
94.5 23 76 0.62794 0.49863593135 0.500033237754
94.6 23 75 0.645395 0.498652169857 0.50003193672
94.7 23 75 0.673141 0.498668283879 0.500030662778
94.8 23 78 0.664571 0.49868427378 0.500029412889
94.9 23 75 0.849914 0.498700140167 0.50002818476
95 23 82 0.992831 0.498715883523 0.500026976431
95.1 23 76 0.804288 0.498731503688 0.500025787553
95.2 23 81 0.69771 0.498747001069 0.500024619507
95.3 23 75 0.632029 0.498762375808 0.500023473926
95.4 23 80 0.770236 0.498777628168 0.500022353522
95.5 23 78 0.647924 0.498792758102 0.500021261797
95.6 23 85 0.6845 0.49880776579 0.50002020297
95.7 23 77 0.619573 0.498822650706 0.500019181907
95.8 23 78 0.676906 0.498837413597 0.500018201393
95.9 23 79 0.624297 0.498852054309 0.500017265144
96 23 81 0.617488 0.498866572782 0.500016376778
96.1 23 84 0.638217 0.498880968886 0.500015538679
96.2 23 75 0.653235 0.498895242971 0.500014751919
96.3 23 74 0.628722 0.498909395023 0.500014016114
96.4 23 74 0.636706 0.498923425167 0.50001332937
96.5 23 81 0.639449 0.498937333658 0.500012687989
96.6 23 77 0.650568 0.498951120803 0.500012086999
96.7 23 82 0.666933 0.49896478671 0.500011519942
96.8 23 75 0.645959 0.498978331849 0.500010977471
96.9 23 83 0.686719 0.498991757671 0.500010450566
97 23 81 0.639234 0.499005063796 0.500009928905
97.1 23 77 0.662399 0.499018251152 0.500009400116
97.2 23 79 0.663215 0.49903131988 0.500008852332
97.3 23 74 0.619163 0.499044271666 0.500008273047
97.4 23 75 0.639038 0.499057107378 0.500007650746
97.5 23 78 0.637894 0.499069827562 0.50000697333
97.6 23 81 0.671001 0.499082432976 0.50000623046
97.7 23 76 0.615567 0.499094924024 0.500005413858
97.8 23 78 0.678182 0.499107303013 0.500004515015
97.9 23 80 0.629504 0.499119569755 0.500003529428
98 23 77 0.657772 0.499131726251 0.500002452444
98.1 23 75 0.646421 0.49914377323 0.50000128387
98.2 23 77 0.637117 0.49915571125 0.500000024563
98.3 23 77 0.746632 0.499167541482 0.49999867907
98.4 23 79 0.750696 0.499179264391 0.49999725378
98.5 23 73 0.645857 0.499190881672 0.499995757311
98.6 23 80 0.662262 0.499202394257 0.499994200196
98.7 23 77 0.643731 0.499213803696 0.499992595108
98.8 23 73 0.628885 0.499225110112 0.499990955804
98.9 23 71 0.626195 0.499236314328 0.499989297488
99 23 75 0.65268 0.499247418245 0.49998763639
99.1 23 74 0.603879 0.499258422053 0.499985987767
99.2 23 74 0.637987 0.499269327432 0.499984367279
99.3 23 71 0.625896 0.499280134942 0.499982791467
99.4 23 76 0.644206 0.499290845378 0.499981274257
99.5 23 76 0.662222 0.499301459984 0.499979828728
99.6 23 78 0.628957 0.499311979422 0.499978466867
99.7 23 82 0.678232 0.499322404815 0.499977198562
99.8 23 73 0.656734 0.499332736957 0.499976031291
99.9 23 73 0.674623 0.499342976743 0.499974969795
100 23 77 0.667961 0.499353125035 0.49997401738
