iteration m energy
1 12 -30.1794856241
2 40 -30.199668174
3 65 -30.1997123078
4 69 -30.1997123147
5 70 -30.1997123147
6 70 -30.1997123147
7 70 -30.1997123147
8 70 -30.1997123147
9 70 -30.1997123147
10 70 -30.1997123147
11 70 -30.1997123147
12 70 -30.1997123147
13 70 -30.1997123147
14 70 -30.1997123147
15 70 -30.1997123147
16 70 -30.1997123147
17 70 -30.1997123147
18 70 -30.1997123147
19 70 -30.1997123147
20 70 -30.1997123147
time m n_up n_dw
0.1 72 0.999900056263 0.00134856960315
0.2 72 0.999600898644 0.00537715363702
0.3 72 0.999104539281 0.0120346790002
0.4 72 0.998414303256 0.0212370205429
0.5 72 0.997534786394 0.0328684742812
0.6 72 0.996471797165 0.0467837759977
0.7 72 0.995232283709 0.0628106246473
0.8 72 0.993824247096 0.0807526551759
0.9 72 0.992256642306 0.100392802866
1 72 0.990539268686 0.121496988216
1.1 72 0.988682651345 0.143818046039
1.2 72 0.986697915613 0.167099820046
1.3 72 0.984596656637 0.191081341947
1.4 72 0.982390805862 0.215501010493
1.5 72 0.980092496627 0.240100690603
1.6 72 0.977713930918 0.264629653246
1.7 72 0.975267249174 0.288848281472
1.8 72 0.972764405046 0.312531473193
1.9 72 0.970217046643 0.335471688375
2 72 0.967636405831 0.357481582328
2.1 72 0.96503319813 0.378396192393
2.2 72 0.962417531017 0.398074623375
2.3 72 0.959798826629 0.416401262231
2.4 72 0.95718575493 0.433286448981
2.5 72 0.954586181449 0.448666669485
2.6 72 0.952007126236 0.462504242011
2.7 72 0.94945473714 0.474786535346
2.8 72 0.946934275988 0.485524757557
2.9 72 0.944450116924 0.494752348373
3 72 0.942005756463 0.502523028495
3.1 72 0.939603834541 0.50890856827
3.2 72 0.937246169815 0.513996313012
3.3 72 0.934933795482 0.517886552267
3.4 72 0.932667010652 0.520689785513
3.5 72 0.93044543501 0.522523933788
3.6 72 0.928268071453 0.523511590692
3.7 72 0.92613336725 0.523777336654
3.8 72 0.924039287651 0.523445195963
3.9 72 0.921983380798 0.522636268021
4 72 0.919962849163 0.521466588529
4.1 72 0.917974618339 0.52004522818
4.2 72 0.916015404938 0.518472702283
4.3 72 0.914081781202 0.516839672711
4.4 72 0.912170235737 0.515225947543
4.5 72 0.910277232352 0.513699822911
4.6 72 0.90839925909 0.512317720763
4.7 72 0.906532878968 0.511124131203
4.8 72 0.904674769791 0.51015182801
4.9 72 0.902821761094 0.509422350738
5 72 0.900970865157 0.508946707996
5.1 72 0.899119303406 0.508726271904
5.2 72 0.897264522368 0.508753829331
5.3 72 0.895404213509 0.509014759741
5.4 72 0.893536318568 0.509488279957
5.5 72 0.891659037519 0.510148748808
5.6 72 0.889770829136 0.51096696294
5.7 72 0.887870408455 0.511911428435
5.8 72 0.885956742926 0.51294957732
5.9 72 0.88402904341 0.514048890189
6 72 0.882086753979 0.515177909856
6.1 72 0.880129544068 0.516307125694
6.2 72 0.878157290052 0.517409709133
6.3 72 0.87617006276 0.518462104871
6.4 72 0.874168114259 0.519444459275
6.5 72 0.872151861949 0.520340894848
6.6 72 0.870121874501 0.521139634259
6.7 72 0.868078853909 0.521832979749
6.8 72 0.866023623467 0.522417168018
6.9 72 0.863957112571 0.522892107574
7 72 0.861880342405 0.523261026752
7.1 72 0.859794411203 0.523530037471
7.2 72 0.857700482278 0.523707645197
7.3 72 0.855599771862 0.523804226881
7.4 72 0.853493535741 0.523831489182
7.5 72 0.851383056673 0.523801936057
7.6 72 0.849269633148 0.523728346509
7.7 72 0.847154568061 0.5236233014
7.8 73 0.845039159782 0.523498751744
7.9 73 0.842924687556 0.523365647664
8 74 0.840812405751 0.523233641777
8.1 75 0.838703530413 0.523110860766
8.2 76 0.836599230414 0.52300375465
8.3 77 0.834500616861 0.522917019978
8.4 78 0.832408736296 0.522853595362
8.5 79 0.830324560897 0.522814725494
8.6 81 0.828248980904 0.522800083484
8.7 82 0.82618279758 0.522807944145
8.8 83 0.824126717217 0.522835398546
8.9 84 0.822081345166 0.522878598473
9 85 0.82004718289 0.522933020533
9.1 86 0.818024621457 0.52299373539
9.2 87 0.816013942794 0.52305567869
9.3 88 0.814015317307 0.523113905811
9.4 90 0.812028805441 0.523163825759
9.5 91 0.810054358242 0.523201406323
9.6 92 0.808091820813 0.523223343399
9.7 93 0.806140937331 0.523227190809
9.8 94 0.804201356621 0.523211447663
9.9 95 0.802272638552 0.523175602097
10 96 0.800354262815 0.523120131842
10.1 97 0.79844563885 0.52304646477
10.2 98 0.796546112152 0.522956899704
10.3 99 0.794654978065 0.522854498076
10.4 99 0.792771492524 0.522742946219
10.5 100 0.790894883367 0.522626397783
10.6 101 0.789024362857 0.522509302808
10.7 102 0.787159136681 0.522396228046
10.8 102 0.785298418616 0.522291680678
10.9 103 0.783441440257 0.52219993638
11 104 0.781587462426 0.522124881489
11.1 105 0.779735784963 0.52206987273
11.2 107 0.77788575627 0.522037620272
11.3 108 0.776036781643 0.522030096787
11.4 109 0.774188328619 0.522048474873
11.5 110 0.772339938075 0.522093094939
11.6 111 0.770491223898 0.522163461909
11.7 113 0.768641879616 0.522258271968
11.8 114 0.766791680062 0.522375466169
11.9 114 0.764940483911 0.522512307754
12 115 0.763088232574 0.522665481345
12.1 116 0.761234950557 0.522831206914
12.2 117 0.759380742298 0.52300536713
12.3 118 0.757525790021 0.523183641195
12.4 120 0.755670349023 0.523361641431
12.5 121 0.753814745112 0.523535045839
12.6 122 0.751959365719 0.523699726692
12.7 123 0.750104655657 0.523851865013
12.8 125 0.748251111123 0.523988052492
12.9 126 0.746399272086 0.52410537559
13 128 0.744549715506 0.524201480194
13.1 129 0.742703047821 0.524274615738
13.2 130 0.740859897881 0.524323657915
13.3 131 0.73902090905 0.524348110406
13.4 133 0.737186732308 0.52434808654
13.5 134 0.735358019437 0.524324272491
13.6 135 0.733535414899 0.524277873991
13.7 136 0.731719552826 0.524210549577
13.8 138 0.7299110472 0.524124333002
13.9 139 0.728110487677 0.524021548727
14 141 0.726318433054 0.523904722281
14.1 142 0.724535408665 0.523776490972
14.2 145 0.722761900692 0.523639516334
14.3 145 0.720998352885 0.52349640252
14.4 146 0.719245163057 0.523349621712
14.5 148 0.717502681251 0.523201450512
14.6 150 0.715771204544 0.523053917797
14.7 152 0.714050978854 0.522908765552
14.8 154 0.712342196042 0.522767422871
14.9 155 0.710644993437 0.522630994253
15 156 0.708959456171 0.522500260694
15.1 158 0.707285612533 0.522375693231
15.2 159 0.70562343879 0.522257477745
15.3 160 0.703972860083 0.522145548108
15.4 161 0.702333751287 0.522039627345
15.5 163 0.700705940589 0.521939274097
15.6 164 0.699089211375 0.521843931613
15.7 166 0.697483306124 0.521752977765
15.8 167 0.695887929615 0.521665773419
15.9 169 0.694302754345 0.52158170704
16 170 0.692727421069 0.521500235426
16.1 172 0.691161547466 0.521420915968
16.2 173 0.689604730891 0.521343432414
16.3 175 0.688056554702 0.521267611421
16.4 176 0.686516592377 0.521193430523
16.5 178 0.684984412905 0.52112101697
16.6 179 0.683459586216 0.521050638123
16.7 181 0.681941688517 0.5209826836
16.8 183 0.680430307728 0.520917641486
16.9 185 0.678925046047 0.520856068306
17 186 0.677425527377 0.520798555047
17.1 188 0.675931400617 0.520745690892
17.2 190 0.674442343776 0.52069802601
17.3 192 0.672958067476 0.520656035252
17.4 193 0.67147831873 0.520620084071
17.5 195 0.670002883444 0.520590399124
17.6 196 0.668531586969 0.520567042825
17.7 197 0.667064297248 0.520549894729
17.8 199 0.66560092697 0.520538640267
17.9 200 0.664141432422 0.520532766216
18 202 0.662685814058 0.520531563785
18.1 204 0.66123411562 0.520534140156
18.2 205 0.659786423355 0.520539436048
18.3 207 0.658342864371 0.520546250361
18.4 208 0.656903604953 0.52055327
18.5 210 0.6554688465 0.520559104686
18.6 211 0.654038822886 0.520562324216
18.7 213 0.652613799391 0.520561497849
18.8 214 0.651194066691 0.52055523416
18.9 215 0.64977993822 0.520542220105
19 217 0.648371745468 0.520521257374
19.1 218 0.646969834018 0.520491295264
19.2 220 0.64557455968 0.520451459203
19.3 222 0.644186285204 0.520401073277
19.4 224 0.64280537237 0.520339677761
19.5 226 0.641432181837 0.520267037848
19.6 228 0.640067067574 0.520183147513
19.7 604 0.637858976476 0.520044249597
19.8 623 0.636520045612 0.519938777908
19.9 645 0.635190367512 0.519822231548
20 669 0.633870233251 0.519695434774
20.1 698 0.632559909836 0.519559380299
