time m <n0> <cd>  nActive
0.1 4 0.999900056266 0.00134960944125 8
0.2 4 0.999600898996 0.00538128732326 8
0.3 4 0.999104541418 0.0120438838551 8
0.4 4 0.998414310407 0.0212531482427 8
0.5 4 0.997534804261 0.0328932049162 8
0.6 4 0.996471834534 0.0468185767336 8
0.7 4 0.995232352966 0.0628567131615 8
0.8 4 0.993824364628 0.0808109702837 8
0.9 4 0.992256828884 0.100463981628 8
1 4 0.990539549609 0.121581349903 8
1.1 4 0.988683056668 0.143915583791 8
1.2 4 0.986698479972 0.167210202588 8
1.3 4 0.984597419118 0.191203921504 8
1.4 4 0.982391809734 0.215634839102 8
1.5 5 0.980093789015 0.240244543036 10
1.6 5 0.977715562002 0.264782056477 10
1.7 6 0.975269272195 0.289007548247 10
1.8 6 0.972766875176 0.312695744561 10
1.9 6 0.97022002032 0.335638977192 10
2 6 0.967639940165 0.357649819842 10
2.1 7 0.965037351365 0.378563270187 12
2.2 7 0.962422358804 0.398238451823 12
2.3 7 0.959804382594 0.416559807933 12
2.4 8 0.957192089976 0.4334377876 12
2.5 8 0.954593345333 0.448809022923 12
2.6 8 0.952015161973 0.462636016857 12
2.7 8 0.949463682601 0.474906355842 12
2.8 8 0.946944163537 0.485631491083 14
2.9 8 0.944460972829 0.494845126164 12
3 8 0.942017600195 0.502601261145 12
3.1 8 0.939616683859 0.508971943437 12
3.2 8 0.937260028684 0.51404480884 12
3.3 8 0.934948662329 0.51792041862 12
3.4 8 0.932682877247 0.520709532472 14
3.5 8 0.930462284184 0.522530316342 14
3.6 8 0.928285881908 0.523505572697 12
3.7 8 0.926152111329 0.523760080573 14
3.8 8 0.924058930015 0.523418019399 12
3.9 8 0.922003883284 0.52260060477 12
4 8 0.919984167895 0.521423951857 12
4.1 8 0.917996703115 0.519997183927 12
4.2 9 0.916038201961 0.518420824081 12
4.3 9 0.914105233492 0.516785500199 12
4.4 9 0.912194283879 0.515170960459 16
4.5 10 0.910301815428 0.513645405033 16
4.6 10 0.908424315968 0.512265134757 16
4.7 11 0.906558347278 0.511074492079 16
4.8 11 0.904700587629 0.51010608829 16
4.9 11 0.902847867975 0.509381285225 16
5 11 0.900997202262 0.50891090378 16
5.1 12 0.899145812647 0.508696125468 16
5.2 12 0.897291149148 0.508729550212 16
5.3 12 0.89543090464 0.508996373873 16
5.4 12 0.893563024297 0.509475645915 16
5.5 12 0.891685711242 0.510141568475 16
5.6 12 0.889797427575 0.510964801147 16
5.7 12 0.887896892498 0.511913735979 16
5.8 12 0.885983077211 0.512955711788 16
5.9 12 0.884055197009 0.514058140033 16
6 12 0.882112700596 0.515189519042 16
6.1 12 0.880155260003 0.516320317329 16
6.2 12 0.878182754011 0.517423710989 16
6.3 12 0.876195258572 0.518476170614 16
6.4 12 0.874193029109 0.519457887889 16
6.5 12 0.872176486666 0.520353048281 16
6.6 12 0.870146202373 0.521149951338 16
6.7 12 0.868102884374 0.521840989222 18
6.8 12 0.866047356737 0.522422495995 18
6.9 12 0.863980551494 0.522894483547 20
7 12 0.861903492107 0.523260281876 20
7.1 12 0.859817279965 0.523526103239 20
7.2 12 0.857723081599 0.523700550066 16
7.3 12 0.855622114554 0.523794088392 16
7.4 13 0.853515637449 0.52381850474 16
7.5 13 0.851404934161 0.523786368896 16
7.6 14 0.849291305182 0.52371051559 16
7.7 15 0.847176056285 0.523603564868 16
7.8 15 0.845060486718 0.523477492792 18
7.9 15 0.842945878403 0.523343262635 20
8 16 0.84083348719 0.523210524547 20
8.1 16 0.838724528353 0.523087390526 20
8.2 17 0.836620171904 0.522980283657 20
8.3 17 0.834521529679 0.522893863668 20
8.4 17 0.832429648583 0.522831024934 20
8.5 18 0.83034550054 0.522792962061 20
8.6 18 0.828269975873 0.5227792934 20
8.7 19 0.826203875599 0.522788237056 20
8.8 19 0.824147905006 0.522816827694 20
8.9 19 0.822102668242 0.522861162971 20
9 19 0.820068666733 0.522916668423 20
9.1 19 0.818046288886 0.522978371159 20
9.2 21 0.816035814803 0.523041168896 20
9.3 22 0.814037412953 0.523100087107 20
9.4 23 0.812051140989 0.52315051375 20
9.5 22 0.810076947863 0.523188403838 20
9.6 22 0.808114676178 0.523210449719 20
9.7 22 0.806164067138 0.523214210204 20
9.8 22 0.80422476642 0.523198197375 20
9.9 22 0.8022963311 0.523161919262 20
10 22 0.800378237874 0.523105880008 20
10.1 22 0.798469891578 0.523031538067 20
10.2 22 0.796570637689 0.522941227563 20
10.3 22 0.794679767613 0.522838046826 20
10.4 24 0.792796533601 0.522725719329 20
10.5 24 0.790920160856 0.522608435393 20
10.6 24 0.789049858163 0.522490679278 22
10.7 23 0.787184830284 0.522377049522 20
10.8 23 0.785324288579 0.522272080301 20
10.9 24 0.783467462995 0.522180069336 22
11 24 0.781613612967 0.522104919035 22
11.1 24 0.779762037143 0.522049995926 22
11.2 25 0.777912083706 0.52201801343 22
11.3 25 0.776063156225 0.522010941348 22
11.4 25 0.774214724726 0.522029943232 22
11.5 25 0.77236632755 0.52207534442 22
11.6 25 0.770517579241 0.522146629936 22
11.7 25 0.7686681741 0.522242472088 20
11.8 26 0.766817887846 0.522360784603 22
11.9 26 0.76496658081 0.522498801058 22
12 26 0.76311419631 0.52265317493 22
12.1 26 0.761260760162 0.522820094873 22
12.2 27 0.759406378998 0.522995413048 22
12.3 26 0.757551237657 0.523174779961 22
12.4 27 0.755695594643 0.523353781528 22
12.5 28 0.753839775313 0.523528073469 22
12.6 28 0.751984169787 0.523693509101 22
12.7 28 0.75012922584 0.523846255318 22
12.8 28 0.74827544176 0.523982894301 22
12.9 28 0.746423359507 0.524100508228 22
13 29 0.744573558887 0.524196743027 24
13.1 29 0.742726648597 0.524269852972 24
13.2 30 0.740883259345 0.52431872285 22
13.3 29 0.739044036945 0.524342869219 24
13.4 30 0.737209633997 0.52434242151 24
13.5 29 0.735380703757 0.524318084552 24
13.6 30 0.733557893876 0.524271084495 24
13.7 30 0.731741838549 0.524203101456 24
13.8 30 0.729933152196 0.524116191594 24
13.9 32 0.728132425301 0.52401270076 24
14 31 0.726340218292 0.523895175347 24
14.1 33 0.724557059197 0.523766271506 24
14.2 33 0.722783433006 0.523628667497 24
14.3 33 0.721019783496 0.523484981533 24
14.4 34 0.719266508379 0.523337697169 24
14.5 34 0.717523958191 0.523189099028 24
14.6 34 0.715792429361 0.523041221149 24
14.7 34 0.714072167453 0.522895807226 24
14.8 34 0.71236336468 0.522754285396 24
14.9 34 0.710666157004 0.522617756823 24
15 34 0.708980627627 0.522486996201 24
15.1 35 0.707306804615 0.522362467062 24
15.2 35 0.705644663201 0.522244345378 24
15.3 36 0.703994126607 0.522132554526 24
15.4 38 0.702355068625 0.522026806793 24
15.5 39 0.700727315768 0.5219266497 24
15.6 37 0.699110649945 0.521831516389 24
15.7 38 0.697504812622 0.521740774915 24
15.8 39 0.695909506477 0.521653777804 24
15.9 39 0.694324401133 0.521569906886 24
16 42 0.692749137265 0.521488613445 24
16.1 39 0.691183330387 0.521409451744 24
16.2 39 0.68962657681 0.52133210417 24
16.3 40 0.688078457749 0.521256397888 24
16.4 42 0.686538544611 0.521182312644 24
16.5 42 0.685006405336 0.521109979431 24
16.6 43 0.683481608338 0.521039670628 24
16.7 41 0.681963728217 0.520971782082 24
16.8 43 0.680452350878 0.520906808652 24
16.9 44 0.678947078254 0.520845313817 24
17 44 0.67744753332 0.520787895569 24
17.1 44 0.675953365238 0.520735149509 26
17.2 45 0.674464250468 0.520687631538 26
17.3 44 0.672979900314 0.520645821383 26
17.4 44 0.671500060082 0.520610088171 26
17.5 45 0.670024514893 0.520580660436 26
17.6 44 0.668553091302 0.520557601053 26
17.7 45 0.667085658019 0.520540788576 26
17.8 45 0.665622127779 0.520529905391 28
17.9 45 0.664162457479 0.520524433805 28
18 46 0.662706648361 0.520523659303 28
18.1 46 0.661254746159 0.520526681729 28
18.2 47 0.659806837169 0.520532433795 28
18.3 47 0.658363049615 0.520539705461 28
18.4 48 0.656923551443 0.520547174396 28
18.5 48 0.655488545441 0.520553440681 28
18.6 48 0.654058267258 0.52055706482 28
18.7 49 0.652632982972 0.520556607375 28
18.8 50 0.65121298511 0.520550669023 28
18.9 50 0.64979858954 0.520537929576 28
19 50 0.648390128567 0.520517185053 28
19.1 50 0.646987949323 0.520487380484 28
19.2 50 0.645592409041 0.520447638689 28
19.3 50 0.644203871212 0.520397283021 28
19.4 51 0.642822699629 0.520335854036 28
19.5 51 0.641449256136 0.520263119628 28
19.6 52 0.640083896206 0.520179077501 28
19.7 53 0.638726964902 0.520083951869 28
19.8 53 0.637378793882 0.519978182572 28
19.9 56 0.636039696705 0.519862409351 28
20 55 0.634709967167 0.519737449494 28
20.1 56 0.633389876351 0.519604271421 28
20.2 59 0.63207966992 0.519463964993 28
20.3 56 0.630779566035 0.519317709531 28
20.4 58 0.629489754392 0.51916673998 28
20.5 57 0.628210394881 0.519012313319 28
20.6 56 0.626941614858 0.518855676821 28
20.7 58 0.625683510425 0.518698036788 28
20.8 56 0.624436146149 0.518540530859 28
20.9 57 0.623199554522 0.518384204545 28
21 58 0.621973735386 0.518229991532 28
21.1 59 0.620758658972 0.518078698907 28
21.2 60 0.619554264861 0.517930997662 28
21.3 60 0.618360464522 0.517787417672 28
21.4 59 0.617177141442 0.517648348126 28
21.5 60 0.616004154427 0.517514042276 28
21.6 61 0.614841338541 0.517384626332 28
21.7 62 0.613688507773 0.517260112069 28
21.8 62 0.612545457106 0.517140411925 28
21.9 62 0.611411964863 0.517025356653 28
22 63 0.610287796283 0.516914713706 28
22.1 63 0.609172704074 0.516808206328 28
22.2 62 0.608066433242 0.516705532074 28
22.3 65 0.606968722603 0.516606380314 28
22.4 66 0.605879308133 0.516510447611 28
22.5 65 0.604797925637 0.516417451121 28
22.6 67 0.603724313505 0.516327138796 28
22.7 69 0.602658215109 0.516239297427 28
22.8 68 0.601599381362 0.51615375587 28
22.9 68 0.600547573494 0.516070386116 28
23 68 0.599502564891 0.515989101245 30
23.1 67 0.598464143743 0.515909850301 30
23.2 67 0.597432114935 0.515832610379 30
23.3 68 0.596406301685 0.515757377378 30
23.4 66 0.595386547161 0.5156841549 30
23.5 67 0.594372715301 0.515612942523 30
23.6 69 0.593364692351 0.51554372386 30
23.7 68 0.592362387401 0.515476454928 30
23.8 68 0.591365732714 0.515411053079 30
23.9 72 0.590374684027 0.51534738893 32
24 73 0.589389220876 0.515285278723 30
24.1 71 0.588409345401 0.51522448005 30
24.2 69 0.587435082011 0.5151646897 32
24.3 72 0.58646647712 0.515105544747 32
24.4 72 0.585503597379 0.515046626079 32
24.5 73 0.584546528585 0.514987465089 32
24.6 72 0.583595373108 0.514927552155 32
24.7 75 0.582650250339 0.514866348453 32
24.8 75 0.581711292044 0.514803298617 32
24.9 75 0.580778642121 0.514737845389 32
25 72 0.579852453789 0.514669444791 32
25.1 74 0.578932888267 0.514597581794 32
25.2 73 0.57802011095 0.514521785449 32
25.3 74 0.577114290357 0.514441643163 32
25.4 72 0.576215595524 0.514356813705 32
25.5 73 0.575324193562 0.514267038556 32
25.6 76 0.574440247737 0.51417215032 32
25.7 76 0.573563915618 0.514072079337 32
25.8 75 0.572695346789 0.513966856862 32
25.9 78 0.571834682271 0.513856615689 32
26 78 0.57098205013 0.513741587433 32
26.1 78 0.570137567044 0.513622097404 32
26.2 78 0.569301335333 0.513498556477 32
26.3 80 0.568473442765 0.513371450433 32
26.4 80 0.567653961061 0.51324132782 32
26.5 80 0.566842945589 0.51310878571 32
26.6 79 0.566040436025 0.512974454496 32
26.7 83 0.565246453747 0.512838981987 32
26.8 83 0.564461003856 0.512703017742 32
26.9 81 0.563684074078 0.512567197277 32
27 82 0.562915635922 0.512432127591 32
27.1 82 0.562155644492 0.512298374013 32
27.2 84 0.561404040588 0.512166448521 32
27.3 86 0.56066074995 0.512036800347 32
27.4 84 0.559925684938 0.51190980871 32
27.5 88 0.559198745461 0.511785778247 32
27.6 86 0.558479819959 0.51166493598 32
27.7 87 0.557768786785 0.511547432053 32
27.8 85 0.557065515408 0.511433341967 32
27.9 86 0.556369867963 0.511322670923 32
28 87 0.555681701046 0.51121536071 32
28.1 86 0.555000865889 0.511111297195 32
28.2 88 0.554327210492 0.511010319408 32
28.3 90 0.553660581469 0.510912229486 32
28.4 86 0.553000824575 0.510816802934 32
28.5 89 0.552347786591 0.510723798631 32
28.6 89 0.551701316499 0.510632968692 34
28.7 88 0.551061266706 0.510544067371 34
28.8 90 0.550427493755 0.510456859211 34
28.9 90 0.549799860785 0.510371124971 34
29 90 0.549178237573 0.510286667518 34
29.1 89 0.548562500941 0.510203314755 34
29.2 89 0.547952536693 0.510120921677 34
29.3 90 0.547348239526 0.51003937087 34
29.4 90 0.546749514129 0.509958570611 34
29.5 89 0.546156275419 0.509878452456 34
29.6 91 0.545568449096 0.509798967506 34
29.7 93 0.544985971565 0.509720081546 34
29.8 90 0.544408790289 0.509641769715 34
29.9 94 0.543836864108 0.509564010694 34
30 94 0.543270161795 0.509486781081 34
30.1 93 0.542708663371 0.509410050017 34
30.2 93 0.54215235883 0.509333774236 34
30.3 92 0.54160124792 0.509257893995 34
30.4 94 0.541055339355 0.509182330135 34
30.5 94 0.540514650614 0.509106982064 34
30.6 95 0.539979205967 0.509031727389 34
30.7 94 0.539449037015 0.508956422481 34
30.8 95 0.538924180984 0.508880904486 34
30.9 96 0.538404679938 0.508804994755 34
31 96 0.537890579589 0.50872850344 34
31.1 96 0.537381928336 0.508651234282 34
31.2 97 0.536878776318 0.508572991127 36
31.3 99 0.53638117397 0.508493584406 36
31.4 100 0.535889171574 0.508412837668 36
31.5 99 0.535402817752 0.508330594737 36
31.6 101 0.53492215889 0.508246725539 36
31.7 98 0.534447238453 0.508161132193 36
31.8 99 0.533978094191 0.508073753839 36
31.9 101 0.533514759176 0.507984570308 36
32 100 0.533057261475 0.507893605067 36
32.1 100 0.532605622213 0.507800926275 36
32.2 100 0.532159855796 0.507706646681 36
32.3 100 0.531719969279 0.507610922006 36
32.4 100 0.531285962809 0.507513948152 36
32.5 103 0.53085782823 0.5074159567 36
32.6 102 0.530435549967 0.507317209673 36
32.7 102 0.530019104882 0.507217992896 36
32.8 104 0.529608461898 0.507118609083 36
32.9 104 0.529203582429 0.507019369956 36
33 107 0.528804421643 0.506920588296 36
33.1 105 0.528410926711 0.506822569959 36
33.2 106 0.528023039874 0.506725606068 36
33.3 106 0.527640697131 0.506629966003 36
33.4 106 0.527263829509 0.506535890792 36
33.5 107 0.526892363041 0.506443587756 36
33.6 107 0.526526220253 0.50635322612 36
33.7 110 0.52616532035 0.506264934009 36
33.8 109 0.525809580129 0.506178796372 36
33.9 108 0.525458914427 0.506094854784 36
34 111 0.525113237335 0.506013108299 36
34.1 109 0.524772461737 0.505933515616 36
34.2 111 0.524436500677 0.5058559985 36
34.3 108 0.524105268386 0.505780445933 36
34.4 110 0.523778679996 0.50570671933 36
34.5 111 0.523456652872 0.505634658279 36
34.6 111 0.523139106469 0.505564086851 36
34.7 111 0.522825963563 0.50549481948 36
34.8 113 0.522517149864 0.505426667584 36
34.9 111 0.522212593881 0.505359445683 36
35 111 0.521912228668 0.50529297669 36
35.1 115 0.521615991543 0.505227096496 36
35.2 117 0.521323824561 0.505161658502 36
35.3 116 0.521035673645 0.505096536327 36
35.4 118 0.520751488443 0.505031626171 36
35.5 117 0.520471224372 0.504966847764 36
35.6 118 0.520194841022 0.504902144463 36
35.7 117 0.51992230178 0.504837482537 38
35.8 121 0.519653574821 0.50477284934 38
35.9 119 0.519388632542 0.504708250754 38
36 120 0.519127451308 0.504643708283 38
36.1 120 0.518870011043 0.504579255198 38
36.2 120 0.518616295062 0.504514933016 38
36.3 120 0.518366289851 0.504450787377 38
36.4 120 0.518119984658 0.504386864343 38
36.5 119 0.517877370925 0.50432320679 38
36.6 121 0.517638442238 0.504259851139 38
36.7 120 0.517403193403 0.504196824721 38
36.8 118 0.517171620602 0.504134143935 38
36.9 118 0.516943720424 0.504071812827 38
37 118 0.516719489929 0.5040098227 38
37.1 119 0.516498926091 0.503948152228 38
37.2 119 0.516282024133 0.503886768619 38
37.3 119 0.516068780044 0.503825629367 38
37.4 120 0.515859185777 0.503764684104 38
37.5 120 0.515653234079 0.503703877793 38
37.6 119 0.515450914688 0.50364315374 38
37.7 119 0.515252214587 0.503582456889 38
37.8 122 0.515057118334 0.503521737215 38
37.9 121 0.514865607757 0.50346095286 38
38 122 0.514677661068 0.503400073426 38
38.1 123 0.51449325356 0.503339082362 38
38.2 121 0.514312357361 0.503277979238 38
38.3 122 0.51413494121 0.503216781044 38
38.4 121 0.51396097043 0.503155523285 38
38.5 124 0.513790407562 0.50309426 38
38.6 122 0.513623212029 0.503033062986 38
38.7 122 0.513459340201 0.502972020451 38
38.8 124 0.513298746067 0.502911234771 38
38.9 124 0.513141380832 0.502850819972 38
39 125 0.512987193946 0.502790898487 38
39.1 126 0.512836132914 0.502731597378 38
39.2 124 0.512688143831 0.502673044552 38
39.3 126 0.512543171891 0.502615364578 38
39.4 126 0.512401161312 0.502558674857 38
39.5 126 0.512262055965 0.50250308165 38
39.6 126 0.512125799957 0.502448676596 38
39.7 126 0.511992337607 0.502395533779 38
39.8 127 0.511861613945 0.50234370704 38
39.9 126 0.511733574925 0.50229322814 38
40 125 0.511608168511 0.502244105751 38
40.1 128 0.511485343644 0.502196325068 38
40.2 127 0.511365051405 0.502149848056 38
40.3 127 0.511247245284 0.502104614792 38
40.4 128 0.511131880583 0.502060545213 38
40.5 125 0.51101891546 0.502017541758 38
40.6 129 0.510908310335 0.501975492348 38
40.7 128 0.510800028444 0.501934273896 38
40.8 127 0.510694035396 0.501893756093 38
40.9 130 0.510590300121 0.501853805473 38
41 128 0.510488793606 0.501814289394 38
41.1 129 0.510389489529 0.501775079914 38
41.2 127 0.510292364035 0.501736057511 38
41.3 131 0.510197395451 0.501697114228 38
41.4 133 0.510104564413 0.501658156674 38
41.5 134 0.510013853816 0.501619108315 38
41.6 135 0.509925247462 0.501579910981 38
41.7 134 0.509838731117 0.501540525945 38
41.8 134 0.50975429185 0.501500934216 38
41.9 135 0.509671917869 0.501461136091 38
42 134 0.509591598093 0.501421150083 38
42.1 135 0.50951332183 0.50138101166 38
42.2 138 0.509437078971 0.501340770724 38
42.3 136 0.509362859592 0.501300489384 38
42.4 137 0.50929065341 0.501260239047 38
42.5 139 0.509220449641 0.501220097414 38
42.6 138 0.509152236913 0.501180145494 38
42.7 137 0.509086003101 0.50114046447 38
42.8 138 0.509021735077 0.501101132961 38
42.9 137 0.508959418476 0.501062224373 38
43 140 0.508899037534 0.501023804719 38
43.1 141 0.508840574996 0.500985930755 38
43.2 141 0.508784012064 0.500948648703 38
43.3 143 0.508729327784 0.500911993595 38
43.4 142 0.508676499774 0.500875988602 38
43.5 141 0.508625503665 0.500840645628 38
43.6 143 0.508576313109 0.500805965868 38
43.7 143 0.508528899833 0.500771941207 38
43.8 141 0.508483233691 0.500738555423 38
43.9 141 0.508439282711 0.500705786157 38
44 143 0.508397013087 0.500673606889 38
44.1 142 0.508356389363 0.500641989062 38
44.2 144 0.508317373962 0.500610904084 38
44.3 144 0.508279928674 0.500580325492 38
44.4 143 0.508244013623 0.500550230623 38
44.5 143 0.508209588392 0.500520602276 38
44.6 145 0.508176609983 0.50049142991 38
44.7 144 0.508145036274 0.500462710368 38
44.8 144 0.508114824193 0.500434448416 38
44.9 144 0.508085930393 0.500406656645 38
45 145 0.508058312296 0.500379355015 38
45.1 146 0.508031926447 0.500352569991 38
45.2 143 0.508006729937 0.500326333323 38
45.3 145 0.507982680894 0.500300680456 38
45.4 144 0.507959738434 0.500275648617 38
45.5 145 0.507937862949 0.500251274966 38
45.6 145 0.507917016213 0.500227594479 38
45.7 145 0.507897161709 0.500204637874 38
45.8 144 0.507878264669 0.500182429619 38
45.9 145 0.507860292297 0.500160986193 38
46 145 0.507843214104 0.500140314491 38
46.1 145 0.507827001502 0.50012041074 38
46.2 144 0.507811628444 0.500101259583 38
46.3 149 0.507797070814 0.500082833828 38
46.4 147 0.507783306665 0.50006509439 38
46.5 146 0.507770317211 0.500047990821 38
46.6 146 0.507758085685 0.500031462281 38
46.7 146 0.507746597392 0.500015438934 38
46.8 149 0.507735839739 0.499999843617 38
46.9 149 0.50772580253 0.499984594094 38
47 148 0.507716477062 0.499969605083 38
47.1 150 0.507707856344 0.499954790813 38
47.2 149 0.507699935023 0.499940067475 38
47.3 146 0.507692709035 0.499925355828 38
47.4 149 0.507686175533 0.499910583279 38
47.5 148 0.507680331917 0.499895686254 38
47.6 152 0.507675176401 0.499880612078 38
47.7 150 0.507670708175 0.499865320549 38
47.8 151 0.50766692602 0.49984978475 38
47.9 152 0.507663828342 0.499833992327 38
48 151 0.507661413953 0.499817945337 38
48.1 152 0.507659680977 0.49980166022 38
48.2 151 0.50765862725 0.499785167136 38
48.3 152 0.507658249153 0.499768508867 38
48.4 153 0.507658542094 0.499751739319 38
48.5 152 0.507659500387 0.499734921855 38
48.6 154 0.507661116794 0.499718127252 38
48.7 153 0.507663382953 0.499701431393 38
48.8 154 0.507666288618 0.49968491305 38
48.9 155 0.507669822106 0.499668651485 38
49 154 0.507673970592 0.499652724194 38
49.1 156 0.507678718986 0.499637204574 38
49.2 158 0.507684050673 0.499622160273 38
49.3 156 0.507689947908 0.499607651439 38
49.4 156 0.507696390763 0.499593729258 38
49.5 157 0.507703358003 0.499580435006 38
49.6 157 0.507710826831 0.499567799543 38
49.7 158 0.507718773339 0.499555842907 38
49.8 155 0.507727172028 0.499544574653 38
49.9 154 0.5077359963 0.499533994223 38
50 154 0.507745218876 0.499524091906 38
50.1 162 0.507754811504 0.499514849768 38
50.2 160 0.507764745096 0.499506243222 38
50.3 161 0.507774990116 0.499498242419 38
50.4 165 0.507785516731 0.499490813764 38
50.5 161 0.507796294824 0.499483921641 38
50.6 159 0.507807294154 0.499477529984 38
50.7 159 0.507818484651 0.49947160356 38
50.8 160 0.507829836743 0.499466109484 38
50.9 163 0.507841321416 0.499461018199 38
51 166 0.507852910051 0.499456304401 38
51.1 163 0.507864575252 0.499451947454 38
51.2 163 0.507876290456 0.499447931747 38
51.3 164 0.507888029961 0.499444246703 38
51.4 167 0.507899769925 0.499440886296 38
51.5 164 0.507911487523 0.499437848628 38
51.6 164 0.507923161729 0.499435135064 38
51.7 166 0.507934772478 0.499432749359 38
51.8 167 0.507946302468 0.499430696256 38
51.9 165 0.507957735831 0.499428980596 38
52 165 0.507969058352 0.499427605944 38
52.1 166 0.507980258012 0.499426573637 38
52.2 164 0.507991324103 0.499425881299 38
52.3 169 0.508002247971 0.499425522381 38
52.4 167 0.508013022587 0.499425485169 38
52.5 167 0.508023643016 0.499425752402 38
52.6 169 0.508034105739 0.499426301044 38
52.7 164 0.508044409048 0.499427102337 38
52.8 168 0.508054552013 0.499428122036 38
52.9 167 0.508064536058 0.499429321178 38
53 168 0.508074363172 0.499430656869 38
53.1 169 0.508084035889 0.499432083334 38
53.2 170 0.508093557989 0.4994335532 38
53.3 169 0.50810293386 0.499435018932 38
53.4 168 0.50811216795 0.499436434241 38
53.5 169 0.508121265725 0.499437755777 38
53.6 171 0.508130232431 0.499438944437 38
53.7 169 0.508139073189 0.499439966763 38
53.8 172 0.508147792456 0.499440796238 38
53.9 170 0.508156395071 0.499441414311 38
54 172 0.508164884801 0.499441811323 38
54.1 171 0.508173264638 0.499441986812 38
54.2 173 0.50818153682 0.499441949887 38
54.3 171 0.508189703043 0.499441719124 38
54.4 172 0.508197762725 0.499441322383 38
54.5 172 0.508205715169 0.499440795874 38
54.6 168 0.508213557923 0.49944018335 38
54.7 171 0.508221287419 0.499439534891 38
54.8 171 0.508228899053 0.499438905522 38
54.9 174 0.508236386444 0.499438353651 38
55 173 0.508243742381 0.499437939396 38
55.1 172 0.508250958557 0.499437722959 38
55.2 172 0.508258024766 0.499437762888 38
55.3 172 0.508264930238 0.499438114479 38
55.4 173 0.508271662954 0.499438828277 38
55.5 172 0.508278210327 0.499439948799 38
55.6 173 0.508284558288 0.499441513343 38
55.7 174 0.508290692155 0.49944355123 38
55.8 177 0.508296596811 0.49944608307 38
55.9 173 0.508302256535 0.499449120703 38
56 175 0.50830765524 0.499452666955 38
56.1 176 0.508312776627 0.499456716031 38
56.2 176 0.508317604218 0.499461254052 38
56.3 177 0.508322121558 0.49946625978 38
56.4 176 0.508326312325 0.499471705647 38
56.5 174 0.508330160432 0.499477558781 38
56.6 176 0.508333650369 0.499483782406 38
56.7 175 0.508336766892 0.499490337091 38
56.8 177 0.508339495704 0.499497182004 38
56.9 177 0.508341823191 0.499504276429 38
57 178 0.508343736237 0.49951158076 38
57.1 177 0.508345222986 0.499519057649 38
57.2 177 0.508346272404 0.499526672949 38
57.3 178 0.508346874539 0.499534396524 38
57.4 178 0.508347020821 0.499542202625 38
57.5 178 0.508346703407 0.499550070291 38
57.6 177 0.508345915837 0.499557983419 38
57.7 176 0.508344652843 0.4995659307 38
57.8 178 0.508342910417 0.49957390506 38
57.9 176 0.508340685905 0.499581903268 38
58 178 0.508337977806 0.499589925361 38
58.1 177 0.508334786256 0.499597973934 38
58.2 176 0.508331111656 0.49960605288 38
58.3 179 0.508326956912 0.499614166775 38
58.4 177 0.50832232409 0.49962232023 38
58.5 177 0.508317217087 0.499630516718 38
58.6 176 0.508311640732 0.49963875804 38
58.7 180 0.508305600762 0.499647043639 38
58.8 177 0.508299103204 0.499655370335 38
58.9 176 0.508292154968 0.49966373183 38
59 179 0.508284763162 0.499672118612 38
59.1 176 0.50827693616 0.499680518365 38
59.2 179 0.508268681101 0.499688915913 38
59.3 179 0.50826000655 0.499697293894 38
59.4 177 0.508250920242 0.499705633232 38
59.5 177 0.508241429816 0.49971391393 38
59.6 180 0.508231542692 0.499722115955 38
59.7 182 0.508221266092 0.499730220044 38
59.8 180 0.508210606605 0.499738208681 38
59.9 187 0.508199570035 0.499746066978 38
60 181 0.508188161705 0.499753783507 38
60.1 180 0.508176386482 0.499761350937 38
60.2 181 0.508164248142 0.499768766802 38
60.3 181 0.508151749388 0.499776033802 38
60.4 183 0.508138892206 0.499783160197 38
60.5 181 0.508125677397 0.499790159693 38
60.6 183 0.508112105307 0.49979705147 38
60.7 182 0.508098175393 0.499803859791 38
60.8 181 0.508083885798 0.499810613411 38
60.9 183 0.508069233751 0.499817345018 38
61 188 0.508054215844 0.49982409013 38
61.1 182 0.508038828124 0.499830886385 38
61.2 180 0.508023065481 0.499837772115 38
61.3 182 0.508006922843 0.499844785484 38
61.4 182 0.507990393647 0.499851963233 38
61.5 181 0.507973471096 0.499859339505 38
61.6 182 0.507956148498 0.49986694493 38
61.7 179 0.507938418618 0.499874805531 38
61.8 182 0.507920274109 0.499882941943 38
61.9 179 0.507901707863 0.499891368862 38
62 181 0.507882712411 0.499900094382 38
62.1 179 0.507863281031 0.49990912004 38
62.2 179 0.507843406662 0.499918440476 38
62.3 177 0.507823082729 0.499928043756 38
62.4 182 0.5078023034 0.499937911635 38
62.5 186 0.507781063772 0.499948020482 38
62.6 181 0.507759358875 0.499958341418 38
62.7 179 0.50773718447 0.499968841804 38
62.8 182 0.507714537347 0.499979485628 38
62.9 181 0.507691414982 0.499990235158 38
63 180 0.507667815693 0.500001051524 38
63.1 182 0.507643738741 0.500011896083 38
63.2 182 0.507619184221 0.500022731378 38
63.3 183 0.507594153153 0.500033522112 38
63.4 183 0.507568647508 0.500044236006 38
63.5 182 0.507542670014 0.500054844527 38
63.6 184 0.507516224392 0.500065323449 38
63.7 182 0.507489315137 0.500075653206 38
63.8 185 0.507461947667 0.500085819118 38
63.9 182 0.507434128028 0.500095811499 38
64 182 0.507405862565 0.500105625414 38
64.1 183 0.507377159156 0.500115260411 38
64.2 185 0.507348025656 0.500124720047 38
64.3 185 0.50731847116 0.500134011386 38
64.4 185 0.507288504436 0.500143144372 38
64.5 184 0.50725813485 0.500152130931 38
64.6 184 0.507227372072 0.500160984369 38
64.7 184 0.50719622604 0.500169718526 38
64.8 183 0.507164706716 0.500178347151 38
64.9 181 0.507132824145 0.5001868832 38
65 185 0.507100587917 0.500195338286 38
65.1 185 0.507068008845 0.500203722068 38
65.2 182 0.507035095823 0.500212042321 38
65.3 187 0.507001857931 0.500220304324 38
65.4 184 0.506968304324 0.500228511027 38
65.5 182 0.506934443181 0.500236663072 38
65.6 182 0.506900282545 0.500244758992 38
65.7 185 0.506865829626 0.500252795671 38
65.8 184 0.506831091313 0.500260768649 38
65.9 184 0.506796073449 0.500268672613 38
66 183 0.506760781251 0.500276502144 38
66.1 186 0.506725218926 0.500284252301 38
66.2 185 0.506689390318 0.500291918745 38
66.3 183 0.506653298676 0.500299498761 38
66.4 186 0.506616945624 0.500306991703 38
66.5 184 0.506580333241 0.500314399444 38
66.6 185 0.506543462007 0.500321726424 38
66.7 185 0.50650633203 0.500328979951 38
66.8 186 0.506468942703 0.500336170219 38
66.9 186 0.506431292478 0.500343310338 38
67 185 0.506393379456 0.500350415843 38
67.1 188 0.506355201675 0.500357504656 38
67.2 186 0.506316756074 0.500364596298 38
67.3 185 0.506278039526 0.500371711504 38
67.4 188 0.506239048813 0.500378871474 38
67.5 187 0.506199780486 0.500386097097 38
67.6 187 0.506160230921 0.500393408492 38
67.7 187 0.506120396617 0.500400823748 38
67.8 189 0.506080274358 0.500408358756 38
67.9 187 0.506039861013 0.500416026066 38
68 187 0.505999153613 0.500423834581 38
68.1 186 0.505958149845 0.500431789074 38
68.2 189 0.505916847652 0.500439889612 38
68.3 187 0.505875245661 0.500448131691 38
68.4 188 0.505833343085 0.500456505896 38
68.5 187 0.505791139731 0.500464998133 38
68.6 189 0.505748636334 0.500473589826 38
68.7 189 0.50570583418 0.500482258423 38
68.8 188 0.505662735488 0.500490977801 38
68.9 189 0.505619342905 0.500499718993 38
69 187 0.505575660271 0.500508450845 38
69.1 190 0.505531692179 0.500517140925 38
69.2 190 0.505487443957 0.50052575628 38
69.3 188 0.505442921462 0.500534264387 38
69.4 188 0.50539813177 0.500542633932 38
69.5 189 0.505353082424 0.500550835684 38
69.6 187 0.505307781451 0.500558843067 38
69.7 192 0.505262237911 0.500566632986 38
69.8 190 0.505216461323 0.500574186179 38
69.9 189 0.50517046121 0.500581487677 38
70 189 0.505124248033 0.500588527068 38
70.1 187 0.505077832787 0.500595298529 38
70.2 188 0.50503122606 0.50060180086 38
70.3 190 0.504984439137 0.500608037164 38
70.4 190 0.504937483308 0.500614014668 38
70.5 189 0.504890369934 0.500619744214 38
70.6 188 0.504843110337 0.500625239725 38
70.7 189 0.504795715532 0.500630517684 38
70.8 191 0.504748196697 0.500635596354 38
70.9 190 0.504700564481 0.500640495251 38
71 189 0.504652829253 0.500645234407 38
71.1 192 0.504605001144 0.50064983372 38
71.2 191 0.504557089725 0.50065431235 38
71.3 190 0.50450910399 0.500658688278 38
71.4 191 0.504461052446 0.500662977779 38
71.5 189 0.504412943039 0.500667195144 38
71.6 189 0.504364782945 0.50067135247 38
71.7 191 0.504316578861 0.500675459527 38
71.8 192 0.50426833657 0.500679523801 38
71.9 187 0.504220061212 0.500683550574 38
72 190 0.504171757392 0.500687543053 38
72.1 189 0.504123428661 0.500691502849 38
72.2 190 0.504075078075 0.500695430137 38
72.3 190 0.504026707854 0.500699324276 38
72.4 190 0.503978319632 0.500703184019 38
72.5 190 0.503929914244 0.500707008097 38
72.6 191 0.503881491923 0.500710795614 38
72.7 190 0.503833052432 0.500714546295 38
72.8 189 0.503784594904 0.500718261001 38
72.9 189 0.503736118078 0.500721941825 38
73 188 0.503687620043 0.500725592368 38
73.1 188 0.503639098755 0.500729217708 38
73.2 190 0.503590551865 0.500732824384 38
73.3 191 0.503541976751 0.500736420308 38
73.4 189 0.503493370683 0.500740014514 38
73.5 193 0.5034447308 0.500743616884 38
73.6 191 0.503396054363 0.500747237724 38
73.7 191 0.503347338766 0.500750887349 38
73.8 188 0.503298581518 0.5007545756 38
73.9 191 0.503249780374 0.500758311354 38
74 189 0.503200933327 0.500762102045 38
74.1 190 0.503152039069 0.500765953111 38
74.2 188 0.503103096386 0.500769867702 38
74.3 189 0.503054104919 0.500773846181 38
74.4 189 0.503005064598 0.500777885958 38
74.5 190 0.502955976146 0.500781981226 38
74.6 189 0.502906840858 0.500786122943 38
74.7 188 0.502857660813 0.500790298748 38
74.8 188 0.502808438692 0.500794493239 38
74.9 193 0.502759177801 0.500798688158 38
75 188 0.502709882324 0.50080286271 38
75.1 189 0.502660557125 0.500806994071 38
75.2 189 0.502611207696 0.500811057907 38
75.3 191 0.502561840221 0.500815028985 38
75.4 189 0.502512461464 0.5008188817 38
75.5 190 0.502463078703 0.500822590868 38
75.6 190 0.502413699809 0.50082613232 38
75.7 189 0.502364333195 0.500829483508 38
75.8 189 0.502314987624 0.500832624155 38
75.9 192 0.502265672214 0.500835536768 38
76 189 0.502216396588 0.500838206845 38
76.1 191 0.502167170428 0.500840623693 38
76.2 190 0.502118003716 0.500842780257 38
76.3 188 0.502068906346 0.500844673437 38
76.4 192 0.502019888388 0.500846304014 38
76.5 190 0.501970959823 0.500847676564 38
76.6 191 0.501922130468 0.500848799294 38
76.7 188 0.501873410115 0.500849683633 38
76.8 188 0.501824808156 0.500850343898 38
76.9 190 0.501776333757 0.500850796772 38
77 190 0.50172799577 0.500851060855 38
77.1 192 0.501679802673 0.500851155949 38
77.2 190 0.501631762412 0.500851102613 38
77.3 196 0.501583882527 0.500850921521 38
77.4 189 0.501536169952 0.500850633017 38
77.5 190 0.501488631052 0.500850256568 38
77.6 189 0.501441271715 0.500849810194 38
77.7 191 0.501394097082 0.500849310344 38
77.8 188 0.50134711182 0.500848771452 38
77.9 189 0.501300319838 0.500848205806 38
78 188 0.501253724464 0.500847623465 38
78.1 195 0.501207328309 0.500847032267 38
78.2 186 0.501161133533 0.500846437799 38
78.3 189 0.501115141651 0.500845843815 38
78.4 187 0.501069353585 0.500845252188 38
78.5 188 0.501023769657 0.500844663396 38
78.6 189 0.500978389417 0.500844076829 38
78.7 188 0.500933212218 0.500843491081 38
78.8 187 0.500888236968 0.500842904362 38
78.9 189 0.500843461827 0.500842314826 38
79 187 0.500798884979 0.500841720891 38
79.1 187 0.500754503935 0.500841121491 38
79.2 185 0.500710316085 0.500840516345 38
79.3 187 0.500666318624 0.500839906114 38
79.4 186 0.500622508668 0.500839292497 38
79.5 191 0.500578883064 0.500838678171 38
79.6 190 0.500535438686 0.500838066767 38
79.7 191 0.500492172418 0.500837462748 38
79.8 191 0.500449081306 0.500836871201 38
79.9 188 0.500406162524 0.500836297459 38
80 188 0.500363413411 0.500835747066 38
80.1 196 0.50032083167 0.500835225086 38
80.2 186 0.500278414995 0.500834736052 38
80.3 187 0.500236161647 0.500834283452 38
80.4 185 0.50019407036 0.500833869369 38
80.5 187 0.500152140112 0.500833494321 38
80.6 189 0.500110370466 0.500833156855 38
80.7 189 0.500068761339 0.500832853451 38
80.8 188 0.500027313348 0.500832578333 38
80.9 187 0.499986027468 0.500832323486 38
81 185 0.49994490524 0.500832078596 38
81.1 187 0.49990394873 0.500831831355 38
81.2 185 0.499863160498 0.500831567441 38
81.3 188 0.499822543566 0.500831270932 38
81.4 187 0.499782101624 0.50083092461 38
81.5 187 0.49974183855 0.500830510398 38
81.6 188 0.499701758834 0.500830009783 38
81.7 189 0.499661867324 0.500829404347 38
81.8 187 0.499622169071 0.50082867621 38
81.9 190 0.499582669639 0.500827808562 38
82 187 0.499543374705 0.500826786107 38
82.1 188 0.499504290242 0.500825595443 38
82.2 191 0.499465422457 0.500824225569 38
82.3 188 0.499426777557 0.500822668026 38
82.4 189 0.499388361734 0.500820917343 38
82.5 188 0.49935018139 0.500818970964 38
82.6 192 0.499312242634 0.500816829561 38
82.7 198 0.49927455162 0.500814496798 38
82.8 198 0.499237114402 0.50081197924 38
82.9 195 0.499199936788 0.500809286313 38
83 194 0.499163024371 0.500806429887 38
83.1 188 0.499126382366 0.500803423958 38
83.2 191 0.499090015751 0.500800284272 38
83.3 191 0.49905392921 0.500797027929 38
83.4 190 0.499018127025 0.500793672851 38
83.5 189 0.498982613009 0.500790237402 38
83.6 191 0.498947390695 0.500786739913 38
83.7 190 0.498912462872 0.500783198193 38
83.8 197 0.498877832301 0.50077962929 38
83.9 187 0.498843500731 0.500776049039 38
84 196 0.49880946993 0.50077247177 38
84.1 196 0.498775741081 0.500768910172 38
84.2 188 0.498742314541 0.500765375213 38
84.3 195 0.498709190498 0.500761875863 38
84.4 186 0.498676368598 0.500758419324 38
84.5 193 0.498643848066 0.500755011055 38
84.6 191 0.498611627613 0.500751654829 38
84.7 189 0.498579705535 0.500748353054 38
84.8 190 0.498548079692 0.500745106853 38
84.9 202 0.498516747634 0.500741916416 38
85 189 0.498485706448 0.500738781299 38
85.1 193 0.498454953054 0.500735700639 38
85.2 192 0.49842448391 0.500732673363 38
85.3 190 0.498394295325 0.500729698519 38
85.4 187 0.498364383243 0.500726775423 38
85.5 190 0.498334743528 0.500723903766 38
85.6 188 0.49830537182 0.500721083767 38
85.7 186 0.498276263669 0.500718316128 38
85.8 187 0.498247414443 0.500715602042 38
85.9 187 0.498218819487 0.500712943096 38
86 188 0.498190474222 0.500710341074 38
86.1 191 0.498162374093 0.500707797881 38
86.2 192 0.498134514516 0.500705315098 38
86.3 193 0.498106890965 0.500702893676 38
86.4 189 0.498079499089 0.500700533959 38
86.5 190 0.49805233464 0.500698234968 38
86.6 194 0.498025393768 0.500695994288 38
86.7 188 0.497998672262 0.500693807847 38
86.8 190 0.497972166774 0.500691669513 38
86.9 189 0.497945873745 0.500689570988 38
87 189 0.497919790038 0.500687501536 38
87.1 191 0.497893912419 0.500685448003 38
87.2 192 0.497868238188 0.500683394774 38
87.3 191 0.497842764636 0.500681323931 38
87.4 192 0.497817489764 0.500679215118 38
87.5 190 0.497792411393 0.500677046006 38
87.6 192 0.497767527441 0.500674792497 38
87.7 196 0.497742836178 0.500672429074 38
87.8 194 0.497718336054 0.500669929227 38
87.9 186 0.497694025469 0.500667265807 38
88 202 0.497669903045 0.500664411619 38
88.1 197 0.497645967245 0.500661339719 38
88.2 194 0.497622216674 0.500658024111 38
88.3 193 0.497598649872 0.500654440177 38
88.4 196 0.497575265326 0.500650564994 38
88.5 199 0.497552061387 0.500646377703 38
88.6 194 0.497529036314 0.500641859993 38
88.7 193 0.497506188401 0.500636996212 38
88.8 193 0.497483515294 0.50063177359 38
88.9 195 0.497461014776 0.500626182272 38
89 192 0.497438683957 0.500620215405 38
89.1 192 0.497416520009 0.50061386893 38
89.2 195 0.49739451938 0.500607141324 38
89.3 200 0.497372678141 0.500600033521 38
89.4 200 0.497350991879 0.500592548316 38
89.5 198 0.497329455993 0.500584689941 38
89.6 194 0.497308065349 0.500576463602 38
89.7 198 0.497286813892 0.500567874765 38
89.8 191 0.497265695138 0.500558928581 38
89.9 192 0.497244702004 0.500549629108 38
90 194 0.497223826744 0.500539978576 38
90.1 190 0.497203061032 0.500529976689 38
90.2 196 0.497182395797 0.500519619759 38
90.3 194 0.497161821097 0.5005088999 38
90.4 194 0.497141326171 0.500497804299 38
90.5 192 0.497120899486 0.500486314384 38
90.6 194 0.497100528705 0.500474405024 38
90.7 195 0.497080200814 0.500462043731 38
90.8 190 0.497059901793 0.500449189908 38
90.9 191 0.497039616638 0.500435794015 38
91 191 0.497019329201 0.500421796863 38
91.1 192 0.496999022576 0.500407128718 38
91.2 191 0.496978678493 0.500391708623 38
91.3 196 0.496958277976 0.500375443622 38
91.4 186 0.496937800663 0.50035822788 38
91.5 186 0.496917224849 0.500339941963 38
91.6 189 0.496896527556 0.500320451939 38
91.7 193 0.496875684662 0.500299608696 38
91.8 194 0.496854670469 0.500277246957 38
91.9 185 0.496833457973 0.500253184577 38
92 186 0.496812018386 0.500227221703 38
92.1 190 0.496790321318 0.500199140014 38
92.2 193 0.496768334596 0.500168701914 38
92.3 193 0.496746024407 0.50013564986 38
92.4 186 0.496723354712 0.500099705866 38
92.5 187 0.496700287572 0.500060570706 38
92.6 187 0.496676782967 0.500017923547 38
92.7 184 0.496652798523 0.499971421767 38
92.8 186 0.49662828929 0.49992070051 38
92.9 187 0.496603208066 0.499865372741 38
93 185 0.496577504789 0.499805029375 38
93.1 186 0.496551126652 0.499739239471 38
93.2 183 0.496524017822 0.499667550743 38
93.3 188 0.496496119416 0.499589490155 38
93.4 183 0.4964673692 0.499504564791 38
93.5 184 0.496437701479 0.499412262866 38
93.6 183 0.496407046951 0.49931205488 38
93.7 182 0.49637533243 0.499203395036 38
93.8 183 0.496342480941 0.499085722682 38
93.9 183 0.496308410911 0.498958464117 38
94 184 0.496273036729 0.498821034228 38
94.1 189 0.496236268008 0.498672838516 38
94.2 180 0.496198009684 0.498513274758 38
94.3 185 0.496158161643 0.4983417353 38
94.4 183 0.496116618674 0.498157608676 38
94.5 184 0.49607326993 0.497960281828 38
94.6 182 0.496027999162 0.497749141718 38
94.7 183 0.495980684584 0.497523577303 38
94.8 185 0.495931197796 0.497282981137 38
94.9 180 0.495879404768 0.497026750692 38
95 181 0.495825164737 0.496754289877 38
95.1 183 0.495768330457 0.496465010158 38
95.2 182 0.495708748124 0.496158331453 38
95.3 183 0.495646256528 0.495833682759 38
95.4 179 0.495580687541 0.49549050288 38
95.5 186 0.495511865703 0.495128240558 38
95.6 183 0.495439608128 0.494746354641 38
95.7 182 0.495363723874 0.494344314079 38
95.8 179 0.495284014369 0.49392159761 38
95.9 182 0.495200272788 0.493477693521 38
96 183 0.495112284105 0.493012099063 38
96.1 188 0.495019824997 0.492524320079 38
96.2 182 0.49492266344 0.492013870516 38
96.3 183 0.494820558655 0.491480271924 38
96.4 181 0.494713260984 0.490923053124 38
96.5 180 0.494600511542 0.490341750053 38
96.6 180 0.494482042382 0.489735905657 38
96.7 182 0.49435757615 0.489105070348 38
96.8 179 0.49422682591 0.488448802419 38
96.9 181 0.494089494979 0.487766669291 38
97 183 0.493945277224 0.487058248755 38
97.1 187 0.493793856228 0.486323130952 38
97.2 181 0.49363490588 0.485560920948 38
97.3 186 0.493468090117 0.484771241675 38
97.4 186 0.49329306234 0.483953737921 38
97.5 183 0.493109466032 0.48310808046 38
97.6 182 0.492916934658 0.482233971275 38
97.7 181 0.492715091331 0.481331149551 38
97.8 183 0.49250354922 0.480399398035 38
97.9 183 0.492281911322 0.479438550586 38
98 192 0.492049770918 0.478448500201 38
98.1 188 0.491806711469 0.477429207778 38
98.2 188 0.491552306677 0.476380711787 38
98.3 188 0.491286121429 0.475303138479 38
98.4 194 0.491007711365 0.474196712662 38
98.5 185 0.490716623829 0.47306176926 38
98.6 186 0.490412398139 0.471898765257 38
98.7 193 0.490094565989 0.470708291973 38
98.8 185 0.489762652421 0.469491087818 38
98.9 199 0.489416176071 0.468248051271 38
99 198 0.489054650173 0.466980253821 38
99.1 197 0.488677583883 0.465688952992 38
99.2 191 0.488284482623 0.464375605037 38
99.3 187 0.48787484926 0.463041877839 38
99.4 194 0.487448185582 0.461689662669 38
99.5 185 0.487003993523 0.460321085504 38
99.6 192 0.486541776387 0.458938517876 38
99.7 187 0.48606104075 0.457544586278 38
99.8 187 0.485561297745 0.456142180736 38
99.9 188 0.48504206494 0.454734461834 38
100 190 0.48450286856 0.453324866204 38
