21:34:01: Starting /home/yurielnf/Documents/projects/impurityMPS/build/Desktop-Release/example/fbr_dyn_siam...
K inicial
[matrix size: 0x0]
time m <n0> <cd>  nActive
0.1 4 0.999900056266 0.00134960944053 8
0.2 4 0.999600898997 0.00538128731813 8
0.3 4 0.999104541422 0.012043883839 8
0.4 4 0.998414310415 0.0212531482073 8
0.5 4 0.997534804277 0.0328932048527 8
0.6 4 0.996471834557 0.046818576623 8
0.7 4 0.995232353008 0.0628567129943 8
0.8 4 0.993824364695 0.0808109700353 8
0.9 4 0.992256828983 0.100463981282 8
1 4 0.990539549751 0.121581349435 8
1.1 4 0.988683056841 0.143915583152 8
1.2 4 0.986698480173 0.167210201802 8
1.3 4 0.98459741931 0.191203920604 8
1.4 4 0.982391809931 0.215634838096 8
1.5 5 0.980093789296 0.240244541765 10
1.6 5 0.977715562354 0.264782055006 10
1.7 6 0.97526927281 0.28900754649 10
1.8 6 0.972766875609 0.31269574295 10
1.9 6 0.970220020757 0.335638975554 10
2 6 0.967639940652 0.357649817977 10
2.1 7 0.965037351765 0.37856326816 12
2.2 7 0.962422359337 0.398238449718 12
2.3 7 0.959804383283 0.416559805627 12
2.4 8 0.957192090636 0.433437785276 12
2.5 8 0.954593345883 0.44880902059 12
2.6 8 0.952015162442 0.462636014455 12
2.7 8 0.949463682968 0.474906353442 12
2.8 8 0.946944163971 0.485631488658 14
2.9 8 0.944460973171 0.49484512375 12
3 8 0.942017600674 0.502601258681 12
3.1 8 0.939616684154 0.508971941015 12
3.2 8 0.937260028839 0.514044806585 12
3.3 8 0.934948662359 0.517920416401 12
3.4 8 0.932682876188 0.520709530543 14
3.5 8 0.930462282164 0.522530314513 14
3.6 8 0.928285879082 0.523505571103 14
3.7 8 0.926152107323 0.523760078877 14
3.8 8 0.924058924799 0.523418017836 12
3.9 8 0.922003875487 0.522600605384 12
4 8 0.919984229376 0.521423872776 12
4.1 8 0.917996835968 0.519997046616 12
4.2 9 0.916038408508 0.518420648456 12
4.3 9 0.91410551551 0.51678530463 12
4.4 10 0.912194643532 0.515170761031 16
4.5 10 0.91030225418 0.513645215535 16
4.6 11 0.908424835499 0.51226496679 16
4.7 11 0.906558950079 0.511074355015 16
4.8 11 0.904701276233 0.510105988643 16
4.9 11 0.902848644511 0.509381227745 16
5 12 0.900998070188 0.508910891059 16
5.1 12 0.899146775052 0.508696158436 16
5.2 12 0.897292209314 0.508729626813 16
5.3 12 0.895432065631 0.508996492072 16
5.4 12 0.893564289569 0.509475800909 16
5.5 12 0.891687084354 0.510141754573 16
5.6 12 0.889798912307 0.510965011688 16
5.7 12 0.887898492633 0.511913963673 16
5.8 12 0.885984796498 0.512955948725 16
5.9 12 0.8840570394 0.514058377564 16
6 12 0.882114670061 0.51518974831 16
6.1 12 0.880157360922 0.516320530718 16
6.2 12 0.878184990056 0.517423900649 16
6.3 12 0.876197633839 0.518476328569 16
6.4 12 0.87419554766 0.519458007435 16
6.5 12 0.872179152282 0.520353123403 16
6.6 12 0.870149019244 0.521149977678 16
6.7 12 0.868105853951 0.521840962961 18
6.8 12 0.866050483131 0.522422413885 18
6.9 13 0.863983838082 0.522894344418 20
7 12 0.86190694264 0.523260084913 20
7.1 12 0.859820898142 0.523525848883 20
7.2 12 0.857726869782 0.523700239886 16
7.3 13 0.855626076454 0.52379372431 16
7.4 13 0.853519776076 0.523818088887 16
7.5 13 0.851409252262 0.523785905696 16
7.6 14 0.849295804989 0.523710008645 16
7.7 14 0.847180741513 0.523603018314 16
7.8 15 0.8450653597 0.52347691156 18
7.9 15 0.842950941327 0.523342650356 20
8 16 0.840838741639 0.52320988628 20
8.1 16 0.838729976879 0.523086730834 20
8.2 17 0.836625816756 0.522979606588 20
8.3 17 0.834527372619 0.522893172818 20
8.4 17 0.832435690658 0.522830324056 20
8.5 18 0.830351743347 0.522792253471 20
8.6 18 0.828276421278 0.522778578978 20
8.7 19 0.826210524747 0.522787518999 20
8.8 19 0.824154758279 0.522816108615 20
8.9 19 0.822109728029 0.522860441292 20
9 19 0.820075931535 0.522915944017 20
9.1 19 0.818053760178 0.522977644151 20
9.2 22 0.816043491875 0.523040439778 20
9.3 23 0.814045296821 0.523099354033 20
9.4 23 0.812059231828 0.523149774881 20
9.5 23 0.810085245482 0.52318765799 20
9.6 22 0.808123179945 0.523209696759 20
9.7 22 0.806172777478 0.523213448477 20
9.8 22 0.804233682291 0.52319742589 20
9.9 22 0.802305452492 0.523161137676 20
10 22 0.800387563512 0.523105087885 20
10.1 22 0.798479420682 0.523030734412 20
10.2 23 0.796580369901 0.522940412307 20
10.3 22 0.794689699785 0.522837219814 20
10.4 22 0.792806666107 0.522724880708 20
10.5 22 0.790930491246 0.522607585667 20
10.6 23 0.789060385571 0.52248981977 22
10.7 24 0.787195552544 0.522376180085 20
10.8 23 0.785335203838 0.52227120276 20
10.9 23 0.783478569983 0.522179186445 22
11 23 0.781624909352 0.522104030253 22
11.1 23 0.77977352138 0.522049103819 22
11.2 25 0.777923753848 0.522017119582 22
11.3 24 0.776075011136 0.522010047612 22
11.4 25 0.774226760895 0.522029051436 22
11.5 25 0.772378542425 0.522074456317 22
11.6 25 0.770529971404 0.522145747844 20
11.7 26 0.768680741953 0.522241597684 20
11.8 26 0.766830630138 0.522359918034 22
11.9 26 0.764979495125 0.522497946478 22
12 27 0.763127280456 0.522652332412 22
12.1 26 0.761274012984 0.522819264817 22
12.2 27 0.759419799065 0.522994595972 22
12.3 27 0.757564823319 0.523173976077 22
12.4 27 0.755709342866 0.52335299232 22
12.5 29 0.753853683796 0.523527299952 22
12.6 29 0.751998237258 0.523692751925 22
12.7 29 0.750143450202 0.523845514154 22
12.8 29 0.748289821962 0.523982167838 22
12.9 29 0.74643789469 0.52409979687 24
13 29 0.744588246038 0.52419604642 22
13.1 30 0.742741487001 0.524269171731 22
13.2 30 0.740898249285 0.524318055693 24
13.3 30 0.739059176285 0.524342214739 24
13.4 29 0.737224921673 0.524341780004 24
13.5 30 0.735396137684 0.524317454737 24
13.6 29 0.733573472896 0.524270465252 24
13.7 29 0.731757560969 0.524202493469 24
13.8 31 0.729949016791 0.524115593347 24
13.9 32 0.728148429888 0.524012112767 24
14 32 0.726356361908 0.523894597759 24
14.1 32 0.724573338844 0.523765703688 24
14.2 33 0.72279984683 0.523628110187 24
14.3 34 0.721036330279 0.523484434909 24
14.4 33 0.719283187099 0.52333715958 24
14.5 33 0.717540765525 0.523188573131 24
14.6 33 0.715809364529 0.523040705248 24
14.7 33 0.714089227637 0.522895302224 24
14.8 34 0.712380550039 0.522753790699 24
14.9 34 0.710683466355 0.522617273433 24
15 35 0.708998057803 0.522486524035 24
15.1 34 0.707324353563 0.522362007139 24
15.2 35 0.705662330154 0.522243897398 24
15.3 36 0.704011910095 0.522132117698 24
15.4 36 0.702372966585 0.522026382804 24
15.5 37 0.700745327555 0.521926239209 24
15.6 39 0.699128772954 0.521831119122 24
15.7 39 0.697523044523 0.521740391023 24
15.8 39 0.695927846041 0.521653406714 24
15.9 39 0.694342847902 0.521569549408 24
16 41 0.692767688897 0.521488268555 24
16.1 41 0.691201985246 0.52140912139 24
16.2 40 0.6896453334 0.521331786544 24
16.3 42 0.688097313358 0.521256091895 24
16.4 40 0.686557497704 0.521182017173 24
16.5 42 0.685025454436 0.521109693689 24
16.6 42 0.683500750695 0.521039394564 24
16.7 43 0.681982960374 0.5209715157 24
16.8 43 0.68047167135 0.520906551535 24
16.9 43 0.678966485564 0.52084506598 24
17 45 0.677467025451 0.520787655883 24
17.1 44 0.675972938384 0.520734917563 24
17.2 44 0.674483902711 0.520687407818 26
17.3 46 0.672999628589 0.520645604595 24
17.4 45 0.671519863623 0.520609879866 26
17.5 45 0.670044391662 0.520580460153 26
17.6 46 0.668573038442 0.520557409183 26
17.7 47 0.667105673187 0.520540605369 28
17.8 47 0.665642209864 0.520529731756 26
17.9 46 0.664182603706 0.520524271234 26
18 46 0.66272685664 0.520523508836 28
18.1 47 0.661275014139 0.5205265431 28
18.2 47 0.659827162498 0.520532308644 28
18.3 49 0.658383429624 0.520539596132 28
18.4 48 0.656943982432 0.520547082762 28
18.5 50 0.655509025733 0.520553368135 28
18.6 50 0.654078795174 0.520557012324 28
18.7 49 0.652653555662 0.520556575193 28
18.8 49 0.65123360007 0.520550659735 28
18.9 50 0.649819244985 0.520537946802 28
19 50 0.648410822586 0.52051722859 28
19.1 50 0.647008679381 0.520487452363 28
19.2 48 0.645613173561 0.520447739827 28
19.3 49 0.644224667214 0.520397414392 28
19.4 50 0.642843525536 0.520336016476 28
19.5 52 0.641470110074 0.520263314418 28
19.6 51 0.640104776519 0.520179304243 28
19.7 51 0.638747870771 0.520084212281 28
19.8 52 0.637399723419 0.519978475942 28
19.9 56 0.636060647627 0.519862734702 28
20 54 0.634730937302 0.519737807205 28
20.1 57 0.633410863974 0.519604661163 28
20.2 56 0.632100673651 0.519464384739 28
20.3 55 0.630800584821 0.519318157634 28
20.4 56 0.629510787412 0.519167216336 28
20.5 56 0.628231439806 0.519012816247 28
20.6 56 0.626962670611 0.518856204147 28
20.7 56 0.625704574816 0.518698587582 28
20.8 56 0.624457217575 0.518541102961 28
20.9 57 0.623220631855 0.51838479648 28
21 59 0.621994815972 0.518230601603 28
21.1 59 0.620779741426 0.518079325307 28
21.2 62 0.619575348191 0.517931638348 28
21.3 63 0.618381546851 0.517788070555 28
21.4 62 0.617198221768 0.517649009204 28
21.5 62 0.616025230621 0.517514713406 28
21.6 62 0.614862409539 0.517385304564 28
21.7 62 0.613709571399 0.517260795721 28
21.8 65 0.612566511307 0.517141100654 28
21.9 62 0.611433008911 0.517026048675 28
22 63 0.610308827984 0.516915407752 28
22.1 66 0.609193722738 0.516808903406 28
22.2 63 0.608087436373 0.516706230791 28
22.3 65 0.606989708957 0.516607079125 28
22.4 65 0.605900276262 0.516511145834 28
22.5 66 0.604818873387 0.516418149868 28
22.6 67 0.603745238705 0.516327838924 28
22.7 67 0.602679115197 0.516239998665 30
22.8 66 0.601620255485 0.516154457475 30
22.9 67 0.600568418092 0.516071090787 30
23 66 0.599523378703 0.515989809985 30
23.1 68 0.598484925503 0.515910561086 30
23.2 67 0.597452863554 0.515833323437 30
23.3 67 0.596427015983 0.515758095022 30
23.4 70 0.5954072235 0.51568487674 30
23.5 68 0.594393352921 0.515613668357 30
23.6 68 0.593385289808 0.515544453281 30
23.7 69 0.592382943432 0.51547719024 30
23.8 69 0.591386245395 0.515411797148 30
23.9 69 0.5903951538 0.515348140785 30
24 71 0.589409645501 0.515286037204 30
24.1 71 0.588429722931 0.515225246435 32
24.2 73 0.587455411004 0.515165464855 30
24.3 72 0.586486757637 0.515106332376 30
24.4 71 0.58552382932 0.515047425748 30
24.5 70 0.584566710816 0.514988277583 32
24.6 73 0.583615505012 0.514928377204 32
24.7 75 0.582670330674 0.514867186183 32
24.8 75 0.581731317889 0.514804151271 32
24.9 73 0.580798613422 0.514738714152 32
25 75 0.579872370671 0.514670330011 32
25.1 75 0.578952749434 0.514598485172 32
25.2 75 0.578039914692 0.514522707852 32
25.3 77 0.577134035626 0.514442585384 32
25.4 77 0.576235281371 0.51435777585 32
25.5 77 0.575343819473 0.514268025789 32
25.6 79 0.57445981402 0.514173160535 32
25.7 76 0.573583421006 0.514073115137 32
25.8 76 0.572714792356 0.513967920227 32
25.9 76 0.571854064239 0.513857707849 32
26 78 0.571001369263 0.513742710609 32
26.1 80 0.570156823032 0.51362324903 32
26.2 79 0.569320528539 0.513499735088 32
26.3 78 0.568492571431 0.513372657192 32
26.4 81 0.56767302548 0.5132425649 32
26.5 82 0.566861943668 0.513110052575 32
26.6 80 0.566059365845 0.512975753037 32
26.7 81 0.565265315614 0.512840309467 32
26.8 81 0.564479796796 0.512704373311 32
26.9 82 0.563702797355 0.512568580722 32
27 82 0.562934288802 0.512433537402 32
27.1 82 0.562174226506 0.512299808609 32
27.2 85 0.561422550315 0.512167905681 32
27.3 84 0.560679187752 0.512038278429 32
27.4 86 0.559944048953 0.511911306581 32
27.5 86 0.559217034115 0.511787292407 32
27.6 84 0.558498033 0.511666464663 32
27.7 86 0.557786921841 0.511548977696 32
27.8 85 0.557083572509 0.511434901639 32
27.9 86 0.55638784507 0.511324243833 32
28 87 0.55569959664 0.511216944534 32
28.1 87 0.55501867881 0.511112891845 32
28.2 89 0.554344940324 0.51101192185 32
28.3 87 0.553678226357 0.510913839874 32
28.4 88 0.553018383342 0.510818419124 32
28.5 90 0.552365258024 0.510725420069 32
28.6 89 0.551718698216 0.51063459501 34
28.7 89 0.551078558473 0.51054569958 34
28.8 90 0.55044469437 0.510458493765 34
28.9 93 0.549816970031 0.510372761676 34
29 92 0.549195253689 0.510288309706 34
29.1 92 0.548579421442 0.510204959943 34
29.2 93 0.54796936162 0.510122572285 34
29.3 92 0.5473649678 0.510041027353 34
29.4 92 0.546766144385 0.509960232431 34
29.5 94 0.54617280533 0.509880119706 34
29.6 93 0.545584879057 0.509800640212 34
29.7 92 0.545002300498 0.509721760543 34
29.8 95 0.544425018635 0.509643456592 34
29.9 93 0.543852991567 0.509565704733 34
30 96 0.543286185808 0.509488482897 34
30.1 95 0.542724583903 0.50941175969 34
30.2 95 0.542168177276 0.509335489511 34
30.3 94 0.541616963891 0.509259612873 34
30.4 97 0.541070952023 0.509184051378 34
30.5 96 0.540530160063 0.509108703706 34
30.6 96 0.539994612208 0.509033447785 34
30.7 96 0.539464340213 0.508958138049 34
30.8 98 0.538939380913 0.508882613663 34
30.9 98 0.538419777936 0.508806694528 34
31 98 0.537905576492 0.50873019107 34
31.1 98 0.537396824514 0.508652907193 34
31.2 100 0.536893572635 0.508574645503 34
31.3 98 0.536395870648 0.508495219372 34
31.4 97 0.535903770022 0.508414452267 36
31.5 100 0.535417320625 0.508332183409 36
31.6 101 0.534936566327 0.508248286491 36
31.7 98 0.534461550738 0.508162663818 36
31.8 100 0.533992310927 0.508075254004 36
31.9 97 0.533528880831 0.507986038976 36
32 100 0.533071287415 0.507895042665 36
32.1 102 0.532619553796 0.507802333707 36
32.2 103 0.532173695111 0.507708021326 36
32.3 102 0.531733716042 0.507612266557 36
32.4 102 0.531299617736 0.507515263099 36
32.5 104 0.530871392544 0.507417243961 36
32.6 105 0.530449023566 0.507318471813 36
32.7 105 0.530032489125 0.507219230567 36
32.8 105 0.529621757314 0.507119827094 36
32.9 108 0.529216790007 0.507020570747 36
33 107 0.528817543265 0.506921774178 36
33.1 106 0.528423962675 0.506823744309 36
33.2 107 0.528035990193 0.506726774348 36
33.3 107 0.527653562588 0.506631133139 36
33.4 108 0.527276611383 0.506537058906 36
33.5 106 0.526905061296 0.506444759064 36
33.6 109 0.526538836819 0.506354404132 36
33.7 108 0.526177854379 0.506266123303 36
33.8 107 0.525822031395 0.506179997814 36
33.9 108 0.525471283084 0.506096071194 36
34 111 0.52512552023 0.506014344344 36
34.1 110 0.52478465917 0.505934772313 36
34.2 111 0.52444861386 0.505857275718 36
34.3 109 0.524117296296 0.505781745695 36
34.4 110 0.523790622442 0.505708044719 36
34.5 111 0.523468509202 0.50563600761 36
34.6 115 0.523150876979 0.505565462063 36
34.7 112 0.522837646517 0.505496220529 36
34.8 112 0.522528744927 0.505428093237 36
34.9 112 0.522224101692 0.505360895688 36
35 114 0.5219236487 0.505294448793 36
35.1 111 0.521627323209 0.505228590739 36
35.2 114 0.521335066387 0.505163171479 36
35.3 116 0.521046824332 0.505098069132 36
35.4 114 0.520762548399 0.505033178281 36
35.5 114 0.520482192368 0.504968417274 36
35.6 115 0.520205714644 0.504903727218 36
35.7 118 0.519933082538 0.50483907698 36
35.8 116 0.519664261003 0.504774453683 36
35.9 115 0.519399222946 0.504709861814 36
36 118 0.519137944174 0.50464532817 36
36.1 114 0.51888040734 0.504580879343 36
36.2 116 0.518626593708 0.504516561403 36
36.3 116 0.518376490203 0.504452416319 36
36.4 116 0.518130087406 0.504388491759 36
36.5 115 0.51788737489 0.504324830864 36
36.6 114 0.517648348174 0.504261468518 36
36.7 116 0.517413001678 0.504198433642 36
36.8 117 0.517181330818 0.504135746384 36
36.9 117 0.516953332561 0.50407340588 36
37 116 0.516729003821 0.504011406798 36
37.1 117 0.5165083432 0.503949726615 36
37.2 120 0.516291343812 0.50388833166 36
37.3 121 0.516078002614 0.503827181635 36
37.4 123 0.51586831279 0.503766223009 36
37.5 121 0.515662265201 0.503705402536 36
37.6 121 0.515459850341 0.503644664856 36
37.7 121 0.515261056344 0.503583953103 36
37.8 119 0.515065867461 0.50352322047 36
37.9 120 0.514874265507 0.503462421394 36
38 122 0.514686229172 0.503401525553 36
38.1 121 0.514501732641 0.503340518205 36
38.2 120 0.51432075006 0.503279399918 36
38.3 120 0.514143249338 0.503218186486 36
38.4 122 0.513969196268 0.503156915219 36
38.5 121 0.513798551644 0.50309563572 36
38.6 121 0.513631276438 0.503034423533 36
38.7 122 0.513467325664 0.50297336526 36
38.8 122 0.513306654601 0.502912566303 36
38.9 121 0.513149213645 0.502852136498 36
39 124 0.51299495419 0.502792200781 36
39.1 123 0.512843820255 0.502732885905 36
39.2 122 0.51269576119 0.502674319515 36
39.3 122 0.512550719975 0.502616627212 36
39.4 125 0.51240864183 0.502559922931 36
39.5 126 0.512269470772 0.50250431533 36
39.6 125 0.512133151638 0.502449897697 36
39.7 126 0.511999625381 0.502396745371 36
39.8 126 0.511868839088 0.502344909312 36
39.9 126 0.511740738853 0.502294423157 36
40 126 0.511615271073 0.502245292818 36
40.1 125 0.511492386185 0.502197505732 36
40.2 127 0.51137203546 0.502151020479 36
40.3 129 0.51125417067 0.502105780213 36
40.4 129 0.511138748726 0.502061703777 36
40.5 131 0.511025724634 0.502018694683 38
40.6 132 0.51091506154 0.501976639512 38
40.7 130 0.510806721326 0.501935415423 38
40.8 132 0.510700669874 0.501894889026 38
40.9 135 0.510596877005 0.501854933688 38
41 132 0.510495312957 0.501815410837 38
41.1 132 0.510395948303 0.501776196336 38
41.2 134 0.510298763222 0.50173716699 38
41.3 136 0.510203735207 0.50169821852 38
41.4 134 0.510110844338 0.501659254304 38
41.5 134 0.510020072799 0.501620200288 38
41.6 136 0.509931404603 0.501580999963 38
41.7 137 0.509844827271 0.501541612303 38
41.8 135 0.509760324451 0.501502018278 38
41.9 137 0.509677888331 0.501462218275 38
42 136 0.509597505863 0.501422233805 38
42.1 139 0.509519166756 0.501382094418 38
42.2 136 0.509442859351 0.501341855474 38
42.3 134 0.509368573054 0.501301579854 38
42.4 135 0.509296302014 0.501261329929 38
42.5 140 0.509226032906 0.501221192708 38
42.6 138 0.509157755629 0.501181243738 38
42.7 136 0.509091457225 0.501141568618 38
42.8 136 0.509027124476 0.501102242524 38
42.9 137 0.50896474115 0.501063339338 38
43 136 0.508904293854 0.50102492939 38
43.1 137 0.508845763357 0.500987063719 38
43.2 136 0.508789134465 0.500949788807 38
43.3 136 0.508734383136 0.500913142897 38
43.4 138 0.508681487665 0.500877146336 38
43.5 137 0.508630424878 0.500841815762 38
43.6 137 0.508581167739 0.500807145815 38
43.7 136 0.508533689106 0.500773131024 38
43.8 140 0.508487955512 0.500739755258 38
43.9 138 0.508443938585 0.500706994779 38
44 142 0.508401602282 0.500674826127 38
44.1 139 0.508360912191 0.500643217623 38
44.2 140 0.508321828359 0.500612141955 38
44.3 139 0.508284316074 0.500581571227 38
44.4 142 0.508248336 0.500551486562 38
44.5 143 0.508213844053 0.500521868553 38
44.6 140 0.508180798729 0.5004927066 38
44.7 140 0.508149156646 0.50046399709 38
44.8 144 0.508118877733 0.500435744546 38
44.9 142 0.508089916807 0.500407961017 38
45 144 0.508062231344 0.500380669238 38
45.1 142 0.508035776246 0.500353894283 38
45.2 143 0.508010511262 0.500327668524 38
45.3 141 0.507986393105 0.500302025945 38
45.4 143 0.507963380973 0.500277005256 38
45.5 143 0.507941435337 0.500252641298 38
45.6 141 0.507920520115 0.500228970917 38
45.7 145 0.507900596224 0.500206021334 38
45.8 144 0.50788162896 0.500183825793 38
45.9 141 0.507863587147 0.500162387363 38
46 144 0.507846437811 0.500141723876 38
46.1 143 0.50783015398 0.500121826973 38
46.2 142 0.507814708983 0.500102684388 38
46.3 142 0.507800080393 0.500084261895 38
46.4 146 0.507786244062 0.500066523856 38
46.5 146 0.507773184427 0.500049422826 38
46.6 144 0.507760881521 0.500032893475 38
46.7 146 0.507749322198 0.500016866878 38
46.8 145 0.50773849403 0.500001266667 38
46.9 145 0.507728386478 0.499986007563 38
47 146 0.507718991568 0.499971007828 38
47.1 142 0.507710302932 0.49995617794 38
47.2 144 0.507702314506 0.499941437099 38
47.3 142 0.507695022735 0.49992670353 38
47.4 144 0.507688425537 0.499911907302 38
47.5 145 0.507682519103 0.499896982039 38
47.6 142 0.5076773035 0.499881878265 38
47.7 144 0.507672776027 0.499866553745 38
47.8 143 0.507668937771 0.499850980576 38
47.9 146 0.507665786999 0.499835146772 38
48 144 0.507663323361 0.499819057389 38
48.1 147 0.50766154392 0.499802728375 38
48.2 146 0.507660447436 0.499786186709 38
48.3 143 0.507660028749 0.499769474959 38
48.4 145 0.50766028662 0.499752650284 38
48.5 147 0.507661211592 0.499735775815 38
48.6 149 0.507662802416 0.499718918778 38
48.7 145 0.507665045198 0.499702162874 38
48.8 145 0.507667932362 0.499685581307 38
48.9 148 0.507671452736 0.499669254209 38
49 150 0.507675590575 0.49965326028 38
49.1 151 0.507680334851 0.499637673839 38
49.2 148 0.507685667189 0.499622564352 38
49.3 150 0.507691568858 0.499607985658 38
49.4 149 0.507698022301 0.499593992584 38
49.5 153 0.507705003681 0.499580629118 38
49.6 150 0.507712491849 0.499567923229 38
49.7 150 0.507720460432 0.499555898636 38
49.8 149 0.507728886347 0.499544562182 38
49.9 151 0.507737742663 0.49953391223 38
50 153 0.50774700115 0.499523938553 38
50.1 152 0.507756633166 0.499514629129 38
50.2 155 0.507766610688 0.499505951399 38
50.3 153 0.507776901339 0.499497882885 38
50.4 149 0.507787476396 0.499490389903 38
50.5 154 0.507798306501 0.499483435948 38
50.6 156 0.50780936013 0.499476986667 38
50.7 154 0.507820606946 0.499471002386 38
50.8 154 0.507832015161 0.499465453699 38
50.9 156 0.507843558185 0.49946031141 38
51 155 0.507855206481 0.499455547162 38
51.1 157 0.507866932 0.499451141452 38
51.2 158 0.507878706599 0.499447085213 38
51.3 159 0.507890505619 0.49944336159 38
51.4 158 0.507902305171 0.499439969725 38
51.5 159 0.50791408007 0.499436903787 38
51.6 160 0.507925813528 0.49943416878 38
51.7 157 0.507937480126 0.499431765451 38
51.8 157 0.507949064502 0.499429701895 38
51.9 158 0.5079605486 0.499427982123 38
52 157 0.507971920654 0.499426609931 38
52.1 160 0.507983166559 0.499425584683 38
52.2 158 0.507994275584 0.499424906476 38
52.3 160 0.508005239013 0.499424567463 38
52.4 162 0.508016050169 0.499424554794 38
52.5 160 0.508026704632 0.499424852793 38
52.6 161 0.508037197034 0.499425437896 38
52.7 160 0.508047525216 0.499426282611 38
52.8 161 0.508057689838 0.499427352414 38
52.9 160 0.508067691791 0.49942860523 38
53 160 0.508077530709 0.499429999085 38
53.1 162 0.508087213885 0.499431488831 38
53.2 161 0.508096741649 0.499433024199 38
53.3 160 0.508106117743 0.499434558826 38
53.4 162 0.508115349421 0.499436045238 38
53.5 161 0.508124441588 0.499437439306 38
53.6 161 0.508133398741 0.499438701813 38
53.7 162 0.508142226461 0.499439799397 38
53.8 161 0.508150930292 0.499440701493 38
53.9 163 0.508159514522 0.499441391648 38
54 163 0.508167984717 0.49944185985 38
54.1 165 0.508176340969 0.499442103804 38
54.2 163 0.508184588642 0.499442132518 38
54.3 163 0.508192726994 0.499441961031 38
54.4 161 0.508200755938 0.499441619556 38
54.5 161 0.508208676905 0.499441145851 38
54.6 163 0.508216487426 0.499440580738 38
54.7 162 0.5082241867 0.499439971802 38
54.8 167 0.508231766083 0.499439377088 38
54.9 166 0.508239223323 0.499438851623 38
55 166 0.508246549803 0.499438460408 38
55.1 166 0.508253735388 0.499438259755 38
55.2 165 0.508260772128 0.49943830611 38
55.3 167 0.508267650746 0.499438658925 38
55.4 170 0.508274360322 0.49943936633 38
55.5 167 0.508280884834 0.499440475506 38
55.6 165 0.508287211089 0.499442023029 38
55.7 166 0.508293324878 0.499444039226 38
55.8 167 0.508299210859 0.499446541786 38
55.9 170 0.508304856059 0.4994495455 38
56 167 0.508310242755 0.499453052745 38
56.1 169 0.508315356317 0.499457058455 38
56.2 170 0.508320176432 0.499461553726 38
56.3 168 0.508324689828 0.499466514213 38
56.4 170 0.508328876927 0.499471912329 38
56.5 169 0.508332723723 0.499477718249 38
56.6 168 0.508336214314 0.499483895704 38
56.7 167 0.508339334808 0.499490403459 38
56.8 170 0.508342067646 0.499497201639 38
56.9 169 0.508344403191 0.499504250446 38
57 168 0.508346324645 0.499511512822 38
57.1 170 0.508347820465 0.499518952192 38
57.2 169 0.508348878869 0.499526534979 38
57.3 171 0.508349489626 0.499534228123 38
57.4 171 0.508349644529 0.499542010332 38
57.5 169 0.508349334547 0.499549859315 38
57.6 172 0.508348554023 0.499557760968 38
57.7 170 0.508347295845 0.499565700765 38
57.8 172 0.508345558995 0.499573674129 38
57.9 172 0.508343338077 0.499581679317 38
58 171 0.508340630339 0.499589717791 38
58.1 172 0.508337436857 0.499597790731 38
58.2 173 0.508333759222 0.499605899091 38
58.3 172 0.508329595691 0.499614052566 38
58.4 172 0.508324953778 0.499622249335 38
58.5 172 0.508319832794 0.499630496318 38
58.6 173 0.50831424035 0.499638793479 38
58.7 171 0.508308180041 0.499647143786 38
58.8 176 0.508301658429 0.499655541032 38
58.9 171 0.508294683038 0.499663976248 38
59 179 0.508287259833 0.499672440878 38
59.1 173 0.508279397517 0.499680922608 38
59.2 170 0.508271102823 0.499689408586 38
59.3 174 0.508262384788 0.499697876243 38
59.4 169 0.508253250499 0.499706303487 38
59.5 171 0.508243710628 0.499714676927 38
59.6 174 0.508233767499 0.499722970814 38
59.7 172 0.50822343174 0.49973116406 38
59.8 174 0.50821270968 0.499739241051 38
59.9 171 0.508201606656 0.499747184116 38
60 170 0.508190130768 0.499754982752 38
60.1 172 0.508178284919 0.499762630058 38
60.2 174 0.508166073862 0.499770123016 38
60.3 173 0.508153499841 0.499777461996 38
60.4 173 0.508140563424 0.499784653219 38
60.5 172 0.508127267766 0.499791713992 38
60.6 172 0.508113613174 0.499798658799 38
60.7 173 0.508099599279 0.499805514772 38
60.8 171 0.50808522405 0.499812306658 38
60.9 174 0.508070486904 0.499819070702 38
61 173 0.50805538414 0.499825841043 38
61.1 176 0.50803991064 0.499832653757 38
61.2 172 0.508024063837 0.499839551256 38
61.3 171 0.508007835438 0.499846566312 38
61.4 176 0.50799122191 0.499853741269 38
61.5 175 0.50797421726 0.499861106394 38
61.6 177 0.507956811682 0.499868696657 38
61.7 175 0.507939002092 0.499876534691 38
61.8 182 0.507920779757 0.499884642656 38
61.9 179 0.507902137067 0.499893033793 38
62 178 0.507883067853 0.499901720865 38
62.1 175 0.50786356488 0.499910702462 38
62.2 177 0.507843622663 0.499919975661 38
62.3 179 0.507823232472 0.499929529926 38
62.4 176 0.507802390307 0.499939346834 38
62.5 180 0.507781090846 0.499949402844 38
62.6 179 0.507759328396 0.499959672598 38
62.7 179 0.507737098394 0.499970119921 38
62.8 178 0.507714400087 0.49998070646 38
62.9 177 0.507691228242 0.499991397216 38
63 182 0.507667581309 0.500002159618 38
63.1 179 0.507643459539 0.500012949244 38
63.2 180 0.507618862896 0.500023732311 38
63.3 181 0.507593791937 0.500034472083 38
63.4 181 0.507568250183 0.500045135575 38
63.5 180 0.507542238496 0.500055697247 38
63.6 184 0.507515760916 0.500066130776 38
63.7 183 0.507488821843 0.500076419557 38
63.8 183 0.507461426142 0.500086547324 38
63.9 182 0.507433579879 0.500096504741 38
64 184 0.507405288836 0.500106284257 38
64.1 184 0.507376562489 0.500115888241 38
64.2 183 0.507347406824 0.500125318152 38
64.3 182 0.507317832482 0.500134581075 38
64.4 183 0.507287847995 0.500143686696 38
64.5 183 0.507257461259 0.500152649113 38
64.6 184 0.507226682286 0.500161479003 38
64.7 186 0.507195521268 0.500170191009 38
64.8 183 0.507163986956 0.500178803175 38
64.9 183 0.507132091153 0.500187319046 38
65 183 0.507099841643 0.500195757778 38
65.1 183 0.507067250454 0.500204123933 38
65.2 185 0.50703432616 0.500212427125 38
65.3 183 0.507001078545 0.500220670992 38
65.4 185 0.506967515573 0.500228862198 38
65.5 186 0.506933645163 0.500236998921 38
65.6 184 0.506899475967 0.500245083791 38
65.7 189 0.506865015032 0.500253109331 38
65.8 184 0.50683026963 0.500261069062 38
65.9 185 0.506795245929 0.500268958301 38
66 186 0.506759949572 0.500276772913 38
66.1 186 0.506724384717 0.500284509089 38
66.2 185 0.506688554085 0.500292159041 38
66.3 184 0.506652460394 0.500299722597 38
66.4 184 0.506616107912 0.500307198253 38
66.5 184 0.506579496868 0.500314585365 38
66.6 184 0.506542628052 0.500321892778 38
66.7 188 0.506505502553 0.500329128153 38
66.8 184 0.506468118691 0.500336296889 38
66.9 184 0.506430474753 0.500343413843 38
67 184 0.506392567956 0.500350502355 38
67.1 185 0.506354398685 0.500357572622 38
67.2 186 0.50631596315 0.50036464142 38
67.3 183 0.506277257124 0.500371736612 38
67.4 186 0.506238278838 0.500378873192 38
67.5 187 0.506199022875 0.500386078838 38
67.6 184 0.506159486843 0.500393367496 38
67.7 188 0.506119668693 0.50040076188 38
67.8 185 0.50607956221 0.500408273709 38
67.9 186 0.506039166715 0.500415917938 38
68 186 0.505998478314 0.500423702801 38
68.1 186 0.505957494565 0.500431631582 38
68.2 186 0.505916212667 0.500439708123 38
68.3 184 0.505874633161 0.50044792813 38
68.4 185 0.505832753993 0.500456278645 38
68.5 183 0.5057905751 0.500464746133 38
68.6 188 0.505748096802 0.500473313593 38
68.7 185 0.50570532054 0.500481955193 38
68.8 188 0.505662249953 0.500490650084 38
68.9 193 0.505618886118 0.500499367736 38
69 186 0.505575232251 0.500508075635 38
69.1 183 0.505531293232 0.500516745625 38
69.2 184 0.505487074993 0.500525339058 38
69.3 186 0.505442582358 0.500533827419 38
69.4 184 0.505397823534 0.500542179129 38
69.5 188 0.505352807229 0.500550359823 38
69.6 186 0.505307538311 0.500558351125 38
69.7 187 0.505262027485 0.500566124482 38
69.8 189 0.505216283813 0.500573661193 38
69.9 188 0.505170317369 0.50058094836 38
70 185 0.505124138563 0.50058797704 38
70.1 187 0.505077757453 0.500594738226 38
70.2 187 0.505031185023 0.500601231978 38
70.3 187 0.504984433125 0.500607456785 38
70.4 187 0.504937511167 0.500613429737 38
70.5 188 0.50489043273 0.500619152381 38
70.6 187 0.504843208545 0.500624642645 38
70.7 186 0.504795849656 0.500629911304 38
70.8 185 0.504748365482 0.500634987144 38
70.9 188 0.504700768062 0.500639883446 38
71 187 0.504653067798 0.500644620821 38
71.1 188 0.504605275115 0.500649217378 38
71.2 187 0.504557398292 0.500653691897 38
71.3 186 0.504509448049 0.500658067499 38
71.4 189 0.50446143338 0.500662350882 38
71.5 187 0.504413359825 0.500666564828 38
71.6 186 0.504365235416 0.500670718434 38
71.7 187 0.504317068604 0.50067481871 38
71.8 191 0.504268862964 0.500678876775 38
71.9 188 0.504220624122 0.500682896047 38
72 187 0.504172358398 0.500686881384 38
72.1 186 0.50412406585 0.500690831701 38
72.2 189 0.504075752912 0.500694750188 38
72.3 189 0.504027421294 0.500698632687 38
72.4 190 0.503979071021 0.500702482338 38
72.5 187 0.503930705727 0.50070629094 38
72.6 189 0.503882323468 0.500710065976 38
72.7 187 0.503833924925 0.500713803731 38
72.8 186 0.503785507923 0.500717505878 38
72.9 187 0.503737071754 0.500721174183 38
73 188 0.503688613701 0.500724811399 38
73.1 189 0.503640133209 0.500728424448 38
73.2 189 0.503591628621 0.500732016372 38
73.3 188 0.503543093863 0.500735604387 38
73.4 193 0.503494527894 0.500739191443 38
73.5 191 0.50344592813 0.500742785734 38
73.6 188 0.503397290551 0.500746400576 38
73.7 191 0.503348613488 0.500750046514 38
73.8 189 0.503299893906 0.500753731478 38
73.9 188 0.503251130457 0.500757466421 38
74 189 0.503202319904 0.500761257434 38
74.1 187 0.503153461065 0.500765110905 38
74.2 190 0.503104553005 0.500769030106 38
74.3 193 0.503055595118 0.500773014513 38
74.4 186 0.503006585315 0.500777064605 38
74.5 188 0.502957528019 0.500781170676 38
74.6 189 0.502908421728 0.500785327564 38
74.7 191 0.502859269581 0.500789516808 38
74.8 190 0.502810073557 0.50079372583 38
74.9 188 0.502760838037 0.500797936977 38
75 187 0.502711565827 0.500802130025 38
75.1 187 0.502662263245 0.500806281771 38
75.2 187 0.502612933428 0.500810368886 38
75.3 188 0.502563584783 0.500814361494 38
75.4 191 0.502514223825 0.50081823537 38
75.5 188 0.502464857588 0.500821965525 38
75.6 188 0.502415493382 0.500825530449 38
75.7 188 0.502366140409 0.500828903636 38
75.8 189 0.502316807639 0.500832067588 38
75.9 188 0.502267504054 0.500835003835 38
76 189 0.502218238788 0.500837696732 38
76.1 189 0.502169021811 0.500840135907 38
76.2 186 0.502119863968 0.500842311684 38
76.3 188 0.502070774034 0.500844225791 38
76.4 191 0.502021763515 0.50084587697 38
76.5 189 0.501972839847 0.500847270564 38
76.6 187 0.501924016753 0.500848414292 38
76.7 191 0.501875301472 0.500849318071 38
76.8 196 0.50182670572 0.500849998299 38
76.9 186 0.501778236719 0.500850469995 38
77 190 0.501729904771 0.500850751326 38
77.1 188 0.501681717133 0.500850860807 38
77.2 191 0.501633683127 0.50085082468 38
77.3 186 0.501585809804 0.500850659129 38
77.4 191 0.50153810442 0.500850381544 38
77.5 187 0.501490572878 0.500850016942 38
77.6 191 0.501443221909 0.500849579554 38
77.7 188 0.501396055903 0.500849085429 38
77.8 188 0.501349080152 0.500848550935 38
77.9 189 0.501302297605 0.500847990303 38
78 196 0.501255711051 0.500847409394 38
78.1 187 0.501209324364 0.500846819847 38
78.2 187 0.501163140547 0.500846223941 38
78.3 189 0.501117160009 0.500845627149 38
78.4 186 0.501071382481 0.50084503157 38
78.5 186 0.501025808909 0.50084443565 38
78.6 190 0.500980439069 0.500843840186 38
78.7 187 0.500935272058 0.500843244251 38
78.8 188 0.50089030511 0.500842645212 38
78.9 188 0.500845539156 0.500842043196 38
79 186 0.500800970373 0.500841433915 38
79.1 188 0.50075659578 0.500840824057 38
79.2 188 0.500712411745 0.500840211258 38
79.3 184 0.500668418194 0.50083959011 38
79.4 187 0.500624609726 0.500838963919 38
79.5 187 0.500580985558 0.500838338275 38
79.6 185 0.500537540148 0.500837721136 38
79.7 185 0.500494271496 0.500837112669 38
79.8 186 0.500451174995 0.500836522542 38
79.9 186 0.500408248574 0.500835953731 38
80 191 0.500365490403 0.50083540996 38
80.1 190 0.500322895426 0.500834902371 38
80.2 184 0.500280463599 0.50083442871 38
80.3 189 0.500238192734 0.500833995965 38
80.4 187 0.500196080022 0.50083360852 38
80.5 185 0.500154125418 0.500833266146 38
80.6 189 0.500112328758 0.500832966486 38
80.7 186 0.5000706899 0.500832705103 38
80.8 184 0.500029208688 0.500832479896 38
80.9 186 0.499987886952 0.500832276997 38
81 190 0.499946726232 0.50083208724 38
81.1 184 0.499905729089 0.500831899003 38
81.2 191 0.499864897905 0.500831699164 38
81.3 189 0.499824235067 0.500831468767 38
81.4 188 0.499783743996 0.500831192034 38
81.5 188 0.49974342959 0.500830848526 38
81.6 186 0.49970329703 0.500830421573 38
81.7 187 0.499663350589 0.500829890029 38
81.8 189 0.49962359478 0.500829238455 38
81.9 187 0.499584034672 0.500828444932 38
82 185 0.499544679007 0.500827494707 38
82.1 187 0.499505531938 0.500826371434 38
82.2 187 0.499466599776 0.500825069041 38
82.3 189 0.499427889637 0.500823576516 38
82.4 185 0.499389407179 0.500821885116 38
82.5 187 0.499351159377 0.500819992546 38
82.6 188 0.499313151162 0.50081789839 38
82.7 186 0.499275389664 0.500815612544 38
82.8 186 0.499237880792 0.50081313785 38
82.9 189 0.499200631581 0.500810481595 38
83 185 0.499163646598 0.500807657055 38
83.1 186 0.499126930666 0.500804677295 38
83.2 190 0.499090490853 0.500801558609 38
83.3 186 0.49905432954 0.500798318007 38
83.4 193 0.499018452316 0.500794974057 38
83.5 187 0.498982862798 0.500791549724 38
83.6 185 0.498947563785 0.500788060302 38
83.7 187 0.498912558541 0.500784520407 38
83.8 188 0.49887785127 0.50078095156 38
83.9 192 0.498843443193 0.500777367863 38
84 192 0.49880933383 0.500773788188 38
84.1 191 0.498775525584 0.500770223523 38
84.2 184 0.498742019206 0.500766686706 38
84.3 187 0.498708815812 0.500763184026 38
84.4 191 0.498675913182 0.500759728075 38
84.5 187 0.498643310669 0.500756320383 38
84.6 191 0.498611006294 0.500752966507 38
84.7 186 0.498578997968 0.500749668539 38
84.8 187 0.498547286311 0.500746427983 38
84.9 187 0.498515868816 0.50074324414 38
85 188 0.498484741105 0.500740116859 38
85.1 190 0.498453900621 0.500737045252 38
85.2 188 0.498423342307 0.500734029975 38
85.3 186 0.498393064724 0.500731065733 38
85.4 185 0.49836306214 0.500728158059 38
85.5 183 0.49833333034 0.50072529987 38
85.6 183 0.498303865774 0.500722495626 38
85.7 186 0.498274662448 0.50071974428 38
85.8 185 0.498245717659 0.500717042552 38
85.9 182 0.498217027528 0.500714397541 38
86 182 0.498188583453 0.500711811746 38
86.1 185 0.498160385853 0.500709283329 38
86.2 185 0.498132428381 0.500706812834 38
86.3 183 0.49810470472 0.500704402081 38
86.4 183 0.498077213932 0.500702052247 38
86.5 184 0.498049949184 0.500699762887 38
86.6 185 0.498022907503 0.500697530148 38
86.7 187 0.497996085759 0.50069534851 38
86.8 194 0.497969479804 0.500693214711 38
86.9 186 0.497943085944 0.500691119409 38
87 184 0.497916901588 0.500689051506 38
87.1 184 0.497890924241 0.500686997173 38
87.2 183 0.497865150592 0.500684939241 38
87.3 192 0.497839579078 0.500682863238 38
87.4 181 0.497814205345 0.500680748638 38
87.5 184 0.497789029855 0.500678570915 38
87.6 184 0.49776405117 0.500676306294 38
87.7 184 0.497739266392 0.500673931062 38
87.8 187 0.497714674257 0.500671417411 38
87.9 182 0.497690272929 0.500668741349 38
88 194 0.497666061922 0.50066587394 38
88.1 189 0.497642039001 0.500662786768 38
88.2 194 0.497618205048 0.500659454575 38
88.3 189 0.497594556002 0.500655854824 38
88.4 195 0.49757109182 0.500651960364 38
88.5 192 0.497547811943 0.500647758553 38
88.6 192 0.497524713051 0.500643218463 38
88.7 196 0.497501796889 0.500638330071 38
88.8 195 0.497479055881 0.500633087756 38
88.9 191 0.49745649172 0.500627473026 38
89 190 0.497434099985 0.500621481149 38
89.1 187 0.497411878323 0.500615111431 38
89.2 188 0.497389822544 0.500608356089 38
89.3 195 0.497367930498 0.500601222796 38
89.4 197 0.497346194147 0.500593711324 38
89.5 197 0.497324609009 0.500585826974 38
89.6 192 0.497303174756 0.500577569409 38
89.7 191 0.497281882645 0.500568945572 38
89.8 190 0.497260725299 0.500559964832 38
89.9 190 0.497239697604 0.500550628997 38
90 193 0.497218787719 0.500540937841 38
90.1 190 0.497197992036 0.500530892979 38
90.2 188 0.497177297454 0.500520493975 38
90.3 188 0.497156697783 0.500509731245 38
90.4 189 0.497136181899 0.500498589017 38
90.5 187 0.497115733372 0.500487048973 38
90.6 187 0.497095344343 0.500475086218 38
90.7 190 0.497075000193 0.500462666312 38
90.8 185 0.497054686828 0.500449753976 38
90.9 186 0.497034389332 0.500436299317 38
91 188 0.497014090201 0.500422241909 38
91.1 188 0.49699377411 0.500407510696 38
91.2 184 0.496973420742 0.500392026905 38
91.3 186 0.496953012698 0.500375693678 38
91.4 186 0.496932529683 0.500358412812 38
91.5 184 0.496911949035 0.500340057152 38
91.6 183 0.496891249862 0.500320496903 38
91.7 185 0.49687040358 0.500299581483 38
91.8 186 0.496849387199 0.500277152105 38
91.9 184 0.496828174366 0.50025302107 38
92 184 0.496806735586 0.50022698895 38
92.1 184 0.496785038927 0.500198839844 38
92.2 183 0.496763054114 0.500168335436 38
92.3 189 0.496740745911 0.500135219987 38
92.4 185 0.496718080884 0.500099212646 38
92.5 191 0.496695018598 0.500060018371 38
92.6 183 0.496671518145 0.500017315423 38
92.7 185 0.496647539798 0.499970757169 38
92.8 184 0.496623036851 0.499919984843 38
92.9 188 0.496597962156 0.499864612392 38
93 185 0.496572266238 0.499804227165 38
93.1 182 0.496545898605 0.499738395532 38
93.2 182 0.496518801082 0.499666669045 38
93.3 184 0.496490915615 0.499588573104 38
93.4 186 0.496462178939 0.499503616735 38
93.5 186 0.496432526323 0.499411286217 38
93.6 182 0.496401889562 0.499311052149 38
93.7 186 0.496370194565 0.499202368343 38
93.8 182 0.496337362569 0.499084676837 38
93.9 182 0.496303314178 0.49895739962 38
94 182 0.496267960867 0.498819952612 38
94.1 182 0.496231216976 0.498671738616 38
94.2 183 0.496192986009 0.498512158131 38
94.3 184 0.496153166237 0.498340607808 38
94.4 185 0.496111653622 0.498156469511 38
94.5 182 0.496068335476 0.497959130752 38
94.6 181 0.496023097422 0.497747977821 38
94.7 181 0.495975815268 0.497522404798 38
94.8 180 0.495926364101 0.497281799237 38
94.9 184 0.495874606692 0.497025558402 38
95 182 0.495820402455 0.496753082265 38
95.1 179 0.495763606106 0.496463790597 38
95.2 181 0.495704063991 0.496157096705 38
95.3 184 0.495641613021 0.495832431792 38
95.4 179 0.495576086565 0.495489234243 38
95.5 183 0.495507308116 0.495126959503 38
95.6 182 0.495435093388 0.494745055041 38
95.7 184 0.495359252118 0.494342990602 38
95.8 181 0.495279590139 0.493920251377 38
95.9 182 0.495195894754 0.493476327073 38
96 184 0.49510795371 0.493010706903 38
96.1 181 0.495015542796 0.492522904811 38
96.2 180 0.494918431334 0.492012429047 38
96.3 180 0.494816375711 0.491478807651 38
96.4 180 0.494709125168 0.490921565123 38
96.5 182 0.494596423432 0.490340237715 38
96.6 184 0.494478001915 0.489734368857 38
96.7 182 0.49435358552 0.489103510307 38
96.8 191 0.494222881638 0.48844722035 38
96.9 181 0.494085596669 0.487765067133 38
97 181 0.493941421943 0.487056621925 38
97.1 182 0.493790045138 0.486321479882 38
97.2 182 0.493631135988 0.485559244801 38
97.3 181 0.493464362902 0.484769542402 38
97.4 181 0.493289376028 0.48395201628 38
97.5 182 0.49310581879 0.483106338373 38
97.6 182 0.492913326236 0.482232204988 38
97.7 184 0.492711521107 0.481329358762 38
97.8 189 0.492500016048 0.480397580465 38
97.9 184 0.492278414949 0.479436707993 38
98 183 0.492046310834 0.478446630301 38
98.1 185 0.491803285483 0.477427308615 38
98.2 183 0.491548915215 0.476378780275 38
98.3 185 0.491282764651 0.475301171019 38
98.4 185 0.491004389013 0.474194706924 38
98.5 185 0.490713333621 0.473059727186 38
98.6 188 0.490409136794 0.471896686904 38
98.7 189 0.490091337146 0.470706171019 38
98.8 186 0.489759454654 0.469488924259 38
98.9 184 0.489413009482 0.468245841774 38
99 186 0.48905151697 0.466977995603 38
99.1 185 0.488674481909 0.465686642877 38
99.2 185 0.488281411712 0.464373242139 38
99.3 184 0.487871809431 0.463039459604 38
99.4 183 0.487445175515 0.46168718709 38
99.5 184 0.487001015402 0.460318546182 38
99.6 184 0.486538829531 0.458935913194 38
99.7 199 0.486058124519 0.457541913124 38
99.8 183 0.485558412368 0.456139439057 38
99.9 187 0.485039209625 0.454731650446 38
100 191 0.484500043388 0.45332197983 38
05:51:04: The command "/home/yurielnf/Documents/projects/impurityMPS/build/Desktop-Release/example/fbr_dyn_siam" finished successfully.

