21:26:24: Starting /home/yurielnf/Documents/projects/impurityMPS/build/Desktop-Release/example/fbr_dyn_siam_center...
time m <n0> <cd>  nActive
0.1 4 0.999900056266 0.0013496094405 8
0.2 4 0.999600898998 0.00538128731811 8
0.3 4 0.999104541422 0.0120438838387 8
0.4 4 0.998414310418 0.0212531482052 8
0.5 4 0.997534804282 0.0328932048462 8
0.6 4 0.996471834569 0.0468185766154 8
0.7 4 0.99523235302 0.0628567129777 8
0.8 4 0.993824364707 0.0808109700139 8
0.9 4 0.992256828994 0.10046398125 8
1 4 0.990539549758 0.121581349392 8
1.1 4 0.988683056849 0.143915583132 8
1.2 4 0.986698480188 0.167210201765 8
1.3 4 0.984597419371 0.191203920503 8
1.4 4 0.982391810027 0.21563483791 8
1.5 5 0.980093789351 0.240244541644 10
1.6 5 0.977715562383 0.264782054878 10
1.7 6 0.975269272625 0.289007546438 10
1.8 6 0.972766875656 0.312695742541 10
1.9 6 0.970220020852 0.33563897496 10
2 6 0.96763994075 0.357649817401 10
2.1 7 0.965037352005 0.378563267543 12
2.2 7 0.962422359503 0.398238448983 12
2.3 7 0.959804383351 0.416559804908 12
2.4 8 0.957192090794 0.433437784405 12
2.5 8 0.954593346214 0.448809019567 12
2.6 8 0.952015162945 0.462636013421 12
2.7 8 0.949463683665 0.474906352371 12
2.8 8 0.946944164687 0.485631487611 14
2.9 8 0.944460974031 0.494845122756 12
3 8 0.942017601453 0.502601257811 12
3.1 8 0.939616685172 0.508971940169 12
3.2 8 0.937260030002 0.514044805671 12
3.3 8 0.934948663476 0.517920415598 12
3.4 8 0.932682877355 0.520709529767 14
3.5 8 0.93046228336 0.522530313826 14
3.6 8 0.928285880245 0.523505570351 12
3.7 8 0.926152108615 0.52376007841 14
3.8 8 0.924058926187 0.523418017407 12
3.9 8 0.922003876956 0.522600605094 12
4 8 0.919984162182 0.521423951013 12
4.1 8 0.917996785262 0.519997113607 12
4.2 9 0.916038379408 0.518420703186 12
4.3 9 0.914105509914 0.516785348101 12
4.4 10 0.912194662277 0.515170793797 16
4.5 10 0.910302296518 0.513645239354 16
4.6 10 0.908424878142 0.512264994667 16
4.7 11 0.906558993398 0.511074378867 16
4.8 11 0.904701320192 0.510106002659 16
4.9 11 0.902848689466 0.509381227106 16
5 11 0.900998115811 0.50891087203 16
5.1 12 0.899146821322 0.508696118808 16
5.2 12 0.897292255514 0.508729566726 16
5.3 12 0.89543211188 0.508996411326 16
5.4 12 0.893564335528 0.509475701616 16
5.5 12 0.891687129702 0.510141639624 16
5.6 12 0.88979895646 0.510964884719 16
5.7 12 0.887898535136 0.511913828388 16
5.8 12 0.885984836695 0.512955809383 16
5.9 12 0.884057076537 0.51405823903 16
6 12 0.882114703583 0.515189615367 16
6.1 12 0.880157389916 0.516320406933 16
6.2 12 0.878185014318 0.517423789802 16
6.3 12 0.876197652495 0.518476234309 16
6.4 12 0.874195560329 0.519457932407 16
6.5 12 0.872179158558 0.520353070114 16
6.6 12 0.870149018391 0.521149946932 16
6.7 12 0.86810584556 0.521840955936 18
6.8 12 0.866050466351 0.522422431118 18
6.9 12 0.863983812747 0.522894384743 20
7 12 0.861906908285 0.523260147234 20
7.1 12 0.859820854229 0.523525931065 20
7.2 12 0.857726816474 0.523700339319 16
7.3 13 0.855626013131 0.523793837972 16
7.4 13 0.853519703023 0.523818214168 16
7.5 13 0.851409169493 0.523786037934 16
7.6 14 0.849295712906 0.52371014439 16
7.7 14 0.847180638958 0.523603153901 16
7.8 15 0.845065246141 0.523477043233 18
7.9 15 0.842950816174 0.523342775171 20
8 16 0.840838604676 0.523210000138 20
8.1 16 0.838729828095 0.523086829674 20
8.2 17 0.836625655436 0.522979688171 20
8.3 17 0.834527198 0.522893235447 20
8.4 17 0.832435502828 0.522830365947 20
8.5 18 0.830351542185 0.52279227417 20
8.6 18 0.828276206091 0.52277857819 20
8.7 19 0.826210295317 0.52278749634 20
8.8 19 0.824154515889 0.522816062884 20
8.9 19 0.82210947061 0.522860376111 20
9 19 0.820075659227 0.522915861691 20
9.1 20 0.818053473085 0.522977546545 20
9.2 22 0.81604319093 0.52304032809 20
9.3 21 0.814044981142 0.523099231816 20
9.4 22 0.812058901115 0.523149645179 20
9.5 22 0.810084899469 0.523187523394 20
9.6 22 0.808122817757 0.523209559284 20
9.7 22 0.806172398204 0.523213311403 20
9.8 22 0.804233286491 0.523197291694 20
9.9 22 0.802305039557 0.523161008221 20
10 22 0.800387133835 0.523104964881 20
10.1 22 0.798478974389 0.523030620089 20
10.2 23 0.796579905793 0.522940307808 20
10.3 22 0.794689219594 0.522837125386 20
10.4 22 0.792806168249 0.522724797183 20
10.5 23 0.790929977431 0.522607513092 20
10.6 23 0.789059855268 0.522489757448 22
10.7 23 0.787195006448 0.522376128856 20
10.8 25 0.785334642276 0.522271161339 20
10.9 25 0.783477992678 0.522179152054 22
11 24 0.781624316448 0.522104003948 22
11.1 24 0.779772912938 0.52204908343 22
11.2 25 0.77792313021 0.522017103884 22
11.3 25 0.776074371821 0.522010035103 22
11.4 25 0.774226106394 0.522029040559 22
11.5 25 0.772377873718 0.522074445625 22
11.6 25 0.770529287957 0.522145735408 20
11.7 26 0.768680043536 0.522241582166 20
11.8 26 0.76682991657 0.522359899749 22
11.9 26 0.764978767437 0.522497921737 20
12 27 0.763126539151 0.522652301504 20
12.1 27 0.761273257629 0.522819227834 22
12.2 27 0.75941902953 0.522994553651 22
12.3 27 0.757564039289 0.523173928624 22
12.4 27 0.755708544582 0.523352938872 22
12.5 27 0.753852872941 0.523527240009 22
12.6 28 0.751997413693 0.523692685405 22
12.7 28 0.75014261442 0.523845441891 22
12.8 29 0.748288971527 0.523982091699 22
12.9 29 0.746437029022 0.524099716704 24
13 29 0.744587366696 0.524195962987 24
13.1 29 0.74274059319 0.524269084955 24
13.2 29 0.740897339253 0.524317967133 22
13.3 29 0.739058250318 0.524342126071 24
13.4 29 0.737223979375 0.524341691914 24
13.5 30 0.735395179515 0.52431736915 24
13.6 29 0.733572497893 0.524270384183 24
13.7 31 0.7317565693 0.524202416538 24
13.8 30 0.729948008511 0.524115522687 24
13.9 32 0.728147405826 0.52401204843 24
14 32 0.726355321368 0.52389454016 24
14.1 33 0.724572281399 0.523765653966 24
14.2 33 0.722798772857 0.523628068277 24
14.3 32 0.721035239392 0.523484401069 24
14.4 33 0.719282078761 0.523337135901 24
14.5 33 0.717539639915 0.523188557357 24
14.6 33 0.715808220839 0.523040699567 24
14.7 33 0.71408806711 0.522895306173 24
14.8 36 0.712379370789 0.522753805274 24
14.9 34 0.710682268011 0.522617297665 24
15 34 0.708996841887 0.522486559034 24
15.1 34 0.707323120476 0.522362052015 24
15.2 35 0.70566107936 0.522243951991 24
15.3 35 0.704010641164 0.522132182788 24
15.4 38 0.702371680073 0.522026456378 24
15.5 38 0.700744022585 0.521926320667 24
15.6 37 0.699127450599 0.521831208229 24
15.7 38 0.69752170515 0.521740486736 24
15.8 40 0.695926489321 0.521653508727 24
15.9 41 0.694341472573 0.521569655967 24
16 39 0.69276629625 0.521488379537 24
16.1 43 0.691200575105 0.521409233631 24
16.2 40 0.689643905374 0.521331900321 24
16.3 42 0.688095868387 0.521256206779 24
16.4 43 0.686556035696 0.521182132599 24
16.5 43 0.68502397496 0.521109808771 24
16.6 44 0.683499254801 0.521039507604 24
16.7 43 0.681981449346 0.520971624854 24
16.8 44 0.680470145266 0.520906656181 24
16.9 44 0.678964944019 0.520845164131 24
17 44 0.677465469027 0.520787747138 24
17.1 44 0.67597136901 0.520735000835 26
17.2 46 0.674482320486 0.52068748159 26
17.3 45 0.672998033887 0.520645669061 26
17.4 45 0.671518255506 0.52060993288 26
17.5 45 0.670042770415 0.520580501757 26
17.6 46 0.668571404972 0.520557438908 26
17.7 47 0.667104028259 0.52054062301 26
17.8 47 0.665640552409 0.520529736945 26
17.9 46 0.664180935317 0.520524263234 28
18 46 0.662725177682 0.520523487622 28
18.1 47 0.661273324409 0.52052651037 28
18.2 49 0.659825462382 0.520532264483 28
18.3 47 0.658381719537 0.520539539972 28
18.4 48 0.65694226323 0.520547014765 28
18.5 48 0.6555072966 0.520553289141 28
18.6 48 0.65407705629 0.520556923501 28
18.7 48 0.652651807961 0.520556478739 28
18.8 46 0.651231844534 0.520550555255 28
18.9 50 0.649817480434 0.520537833213 28
19 49 0.648409048884 0.520517108389 28
19.1 49 0.647006897232 0.520487325863 28
19.2 49 0.645611382699 0.520447608372 28
19.3 51 0.64422286841 0.520397279168 28
19.4 52 0.642841719211 0.520335878725 28
19.5 52 0.641468296626 0.52026317451 28
19.6 53 0.640102955982 0.520179164204 28
19.7 52 0.638746042364 0.520084071751 28
19.8 55 0.637397887036 0.519978336797 28
19.9 53 0.636058803963 0.519862598976 28
20 54 0.634729087068 0.519737675016 28
20.1 55 0.633409007087 0.519604533132 28
20.2 56 0.63209880988 0.519464262136 28
20.3 57 0.630798713584 0.519318041851 28
20.4 55 0.629508908059 0.519167106996 28
20.5 55 0.628229553067 0.519012714543 28
20.6 56 0.626960776502 0.518856111257 28
20.7 56 0.625702673705 0.518698502974 28
20.8 57 0.62445530991 0.518541027131 28
20.9 60 0.623218716394 0.518384729459 28
21 61 0.621992894222 0.518230543708 28
21.1 58 0.620777812997 0.518079276718 28
21.2 57 0.619573412683 0.517931599221 28
21.3 61 0.618379604773 0.517788040879 28
21.4 60 0.617196272614 0.517648991088 28
21.5 60 0.616023275168 0.517514702603 28
21.6 60 0.614860447348 0.517385301675 28
21.7 60 0.613707603181 0.517260800561 28
21.8 63 0.612564537847 0.517141111839 28
21.9 62 0.61143102945 0.517026066615 28
22 62 0.610306843075 0.51691543255 28
22.1 62 0.609191731642 0.516808932835 28
22.2 63 0.608085439901 0.516706265769 28
22.3 62 0.60698770691 0.516607120678 28
22.4 63 0.605898268705 0.516511194408 28
22.5 62 0.604816860915 0.516418204294 28
22.6 65 0.603743221342 0.516327898562 30
22.7 65 0.602677094251 0.516240063892 28
22.8 66 0.601618230285 0.516154529168 28
22.9 67 0.600566391176 0.516071166487 28
23 67 0.599521350252 0.515989889184 30
23.1 65 0.598482895291 0.515910646113 30
23.2 65 0.597450831588 0.51583341447 30
23.3 66 0.596424982277 0.515758190161 30
23.4 66 0.595405190693 0.515684976732 30
23.5 66 0.594391320824 0.515613773769 30
23.6 66 0.593383258697 0.515544564463 30
23.7 66 0.592380913466 0.515477304765 30
23.8 67 0.591384217879 0.515411912359 30
23.9 67 0.590393127159 0.515348257379 30
24 68 0.589407620868 0.515286156461 30
24.1 71 0.588427701446 0.515225366451 32
24.2 73 0.587453393816 0.515165584326 30
24.3 72 0.586484744034 0.515106447047 30
24.4 72 0.585521818677 0.515047535508 32
24.5 74 0.584564703656 0.514988381125 32
24.6 75 0.583613501701 0.514928474294 32
24.7 73 0.582668331234 0.514867275949 32
24.8 72 0.581729324227 0.514804230916 32
24.9 73 0.580796625197 0.514738781936 32
25 73 0.579870387416 0.51467038516 32
25.1 72 0.578950771762 0.51459852566 32
25.2 73 0.578037943942 0.514522732554 32
25.3 73 0.577132072379 0.514442593356 32
25.4 75 0.576233326103 0.514357767023 32
25.5 75 0.57534187221 0.514267995356 32
25.6 78 0.574457873602 0.514173110853 32
25.7 76 0.57358148801 0.514073043864 32
25.8 79 0.57271286528 0.513967826006 32
25.9 79 0.571852145692 0.513857590077 32
26 77 0.570999458083 0.513742568039 32
26.1 80 0.570154918681 0.513623085294 32
26.2 80 0.569318630093 0.513499552681 32
26.3 81 0.568490679952 0.513372456089 32
26.4 81 0.567671140226 0.513242344159 32
26.5 82 0.566860066229 0.513109813858 32
26.6 81 0.566057497125 0.512975495603 32
26.7 82 0.565263455023 0.512840037211 32
26.8 86 0.564477944521 0.512704088143 32
26.9 85 0.563700953187 0.512568283903 32
27 84 0.562932452098 0.512433231246 32
27.1 84 0.562172397239 0.512299495577 32
27.2 85 0.561420728974 0.512167588743 32
27.3 88 0.560677372972 0.512037959635 32
27.4 87 0.55994224148 0.511910987442 32
27.5 86 0.559215234173 0.51178697653 32
27.6 88 0.558496239394 0.511666154068 32
27.7 87 0.55778513563 0.511548670184 32
27.8 86 0.557081792424 0.511434599905 32
27.9 88 0.556386072078 0.511323948457 32
28 89 0.555697830533 0.511216657613 32
28.1 89 0.555016918919 0.511112613127 32
28.2 87 0.554343185805 0.511011653449 32
28.3 89 0.553676477361 0.510913581149 32
28.4 89 0.553016639703 0.510818171635 34
28.5 89 0.552363519251 0.510725183908 34
28.6 90 0.551716965338 0.510634370117 34
28.7 90 0.551076830118 0.510545484559 34
28.8 89 0.550442970717 0.510458291593 34
28.9 91 0.549815249889 0.510372572464 34
29 90 0.549193536894 0.510288129726 34
29.1 91 0.548577709351 0.510204791536 34
29.2 91 0.547967652703 0.510122412988 34
29.3 92 0.547363261591 0.510040876558 34
29.4 91 0.546764440975 0.509960090533 34
29.5 93 0.546171105992 0.509879986528 34
29.6 91 0.545583182329 0.509800515696 34
29.7 93 0.545000606543 0.509721643658 34
29.8 92 0.544423326227 0.509643345458 34
29.9 92 0.543851300174 0.509565599797 34
30 93 0.543284497635 0.509488383107 34
30.1 93 0.542722898438 0.509411664476 34
30.2 95 0.542166492722 0.509335400302 34
30.3 95 0.541615280422 0.509259530776 34
30.4 94 0.541069270481 0.509183976482 34
30.5 94 0.540528480004 0.509108636704 34
30.6 95 0.539992934108 0.509033388804 34
30.7 95 0.53946266426 0.508958089017 34
30.8 96 0.538937707784 0.508882574381 34
30.9 96 0.538418106778 0.508806666119 34
31 99 0.537903906992 0.508730174193 34
31.1 96 0.537395156999 0.508652902399 34
31.2 98 0.536891907081 0.508574654138 34
31.3 98 0.53639420801 0.508495239989 34
31.4 98 0.535902110025 0.508414483866 34
31.5 98 0.535415661715 0.508332229479 34
31.6 99 0.534934909406 0.508248346922 36
31.7 102 0.534459895501 0.508162738234 36
31.8 101 0.533990657804 0.50807534279 36
31.9 102 0.533527231564 0.507986140595 36
32 103 0.533069643663 0.507895155358 36
32.1 104 0.532617915375 0.507802456166 36
32.2 102 0.532172060952 0.507708154569 36
32.3 102 0.531732087662 0.507612407444 36
32.4 104 0.531297995502 0.507515411592 36
32.5 103 0.53086977668 0.507417398107 36
32.6 106 0.530447415475 0.50731862928 36
32.7 102 0.530030888286 0.507219391471 36
32.8 103 0.529620164161 0.507119987664 36
32.9 106 0.52921520476 0.507020729837 36
33 104 0.5288159646 0.50692193098 36
33.1 106 0.528422391667 0.506823897022 36
33.2 105 0.528034427657 0.506726919519 36
33.3 104 0.527652008475 0.50663126798 36
33.4 104 0.5272750648 0.506537183498 36
33.5 106 0.526903522673 0.506444873485 36
33.6 108 0.526537303912 0.506354507228 36
33.7 106 0.526176328357 0.506266212729 36
33.8 109 0.525820512562 0.506180074949 36
33.9 108 0.525469771198 0.506096135467 36
34 112 0.525124017945 0.506014393109 36
34.1 110 0.524783165821 0.505934806563 36
34.2 111 0.524447127756 0.505857297621 36
34.3 113 0.524115818097 0.505781754811 36
34.4 110 0.52378915197 0.505708039413 36
34.5 111 0.523467046535 0.505635990835 36
34.6 110 0.523149421002 0.505565432905 36
34.7 112 0.522836198362 0.505496179699 36
34.8 112 0.52252730383 0.505428042639 36
34.9 111 0.522222666193 0.505360835346 36
35 113 0.521922218677 0.505294381084 36
35.1 111 0.521625898152 0.505228515526 36
35.2 113 0.521333647211 0.505163092612 36
35.3 112 0.521045410709 0.505097985181 36
35.4 113 0.520761139144 0.505033089109 36
35.5 113 0.520480787435 0.504968322996 36
35.6 115 0.520204315496 0.504903631148 36
35.7 112 0.519931687354 0.504838979833 36
35.8 115 0.519662870954 0.504774356672 36
35.9 119 0.519397838578 0.504709766918 36
36 116 0.519136566437 0.504645231158 36
36.1 116 0.518879034774 0.504580783365 36
36.2 117 0.518625226905 0.504516464915 36
36.3 114 0.518375129156 0.504452321498 36
36.4 117 0.518128731201 0.504388399073 36
36.5 115 0.517886024731 0.504324740393 36
36.6 116 0.51764700327 0.504261381849 36
36.7 117 0.517411661861 0.504198350782 36
36.8 116 0.517179996722 0.504135663605 36
36.9 117 0.516952004699 0.504073324421 36
37 118 0.51672768255 0.504011324377 36
37.1 118 0.516507027805 0.50394964221 36
37.2 120 0.516290036249 0.503888245149 36
37.3 120 0.516076703123 0.503827090534 36
37.4 120 0.515867022041 0.503766128075 36
37.5 121 0.515660985567 0.503705302981 36
37.6 122 0.515458581862 0.503644558389 36
37.7 122 0.515259799303 0.503583839259 36
37.8 122 0.515064622507 0.503523095558 36
37.9 124 0.514873033001 0.503462285574 36
38 120 0.514685009189 0.50340137891 36
38.1 123 0.514500526665 0.503340359045 36
38.2 121 0.514319558083 0.503279225621 36
38.3 123 0.514142071473 0.5032179958 36
38.4 122 0.513968032852 0.503156705115 36
38.5 124 0.513797404601 0.503095407626 36
38.6 122 0.513630145907 0.50303417521 36
38.7 122 0.513466213189 0.502973096171 36
38.8 128 0.513305560681 0.502912273121 36
38.9 124 0.513148139504 0.502851820273 36
39 123 0.512993898861 0.502791860188 36
39.1 124 0.512842786452 0.502732520161 36
39.2 122 0.512694748402 0.502673928157 36
39.3 126 0.512549729583 0.502616209198 36
39.4 125 0.512407674153 0.50255948088 36
39.5 125 0.512268525852 0.502503849772 36
39.6 125 0.51213222855 0.502449407851 36
39.7 124 0.511998726477 0.502396229348 36
39.8 127 0.511867964594 0.502344368388 36
39.9 124 0.511739889127 0.502293857021 36
40 127 0.511614446942 0.502244704256 36
40.1 127 0.511491587338 0.502196895344 36
40.2 126 0.511371261026 0.502150392612 36
40.3 131 0.511253421476 0.502105136344 36
40.4 127 0.511138023917 0.50206104668 36
40.5 131 0.511025026122 0.502018026234 36
40.6 131 0.510914388615 0.501975963092 38
40.7 132 0.510806074275 0.501934734309 38
40.8 131 0.510700048839 0.50189420964 38
40.9 132 0.510596281072 0.501854255651 38
41 131 0.510494741568 0.501814739714 38
41.1 133 0.510395404072 0.501775533852 38
41.2 131 0.510298244316 0.501736518491 38
41.3 134 0.510203240561 0.501697585679 38
41.4 134 0.510110373103 0.501658642078 38
41.5 134 0.510019624525 0.501619610747 38
41.6 135 0.509930978923 0.501580433301 38
41.7 136 0.509844422138 0.501541070759 38
41.8 134 0.509759941398 0.50150150375 38
41.9 137 0.509677524318 0.501461732353 38
42 137 0.509597160115 0.501421774789 38
42.1 136 0.509518838278 0.501381666039 38
42.2 136 0.509442548528 0.501341455719 38
42.3 139 0.509368280918 0.501301205487 38
42.4 138 0.509296024721 0.501260986284 38
42.5 139 0.509225769919 0.50122087546 38
42.6 138 0.509157505133 0.501180953626 38
42.7 140 0.509091218369 0.501141301524 38
42.8 139 0.509026896901 0.501101997377 38
42.9 142 0.508964526132 0.501063114225 38
43 139 0.508904090456 0.50102471766 38
43.1 139 0.508845572698 0.500986864204 38
43.2 142 0.508788954091 0.500949599716 38
43.3 140 0.508734213874 0.500912959015 38
43.4 142 0.508681329777 0.500876965298 38
43.5 141 0.508630277639 0.500841630316 38
43.6 141 0.50858103123 0.500806955326 38
43.7 141 0.5085335624 0.50077293212 38
43.8 143 0.508487841066 0.500739544551 38
43.9 142 0.508443835292 0.500706770437 38
44 143 0.508401511287 0.500674583476 38
44.1 143 0.508360833708 0.500642955314 38
44.2 142 0.508321765405 0.500611857739 38
44.3 144 0.508284267618 0.500581264625 38
44.4 141 0.508248301282 0.500551153547 38
44.5 144 0.508213824929 0.500521507858 38
44.6 146 0.508180796636 0.500492317395 38
44.7 147 0.508149173873 0.500463579451 38
44.8 143 0.508118913554 0.500435299296 38
44.9 145 0.508089972196 0.500407489943 38
45 145 0.508062306368 0.500380171764 38
45.1 147 0.508035873006 0.500353371688 38
45.2 147 0.508010629409 0.500327121866 38
45.3 147 0.50798653379 0.500301458011 38
45.4 148 0.507963545173 0.500276417712 38
45.5 147 0.50794162402 0.500252038327 38
45.6 147 0.507920731558 0.500228355046 38
45.7 148 0.507900831446 0.500205398588 38
45.8 147 0.507881888845 0.500183193641 38
45.9 147 0.507863870721 0.500161756659 38
46 148 0.507846746379 0.500141094454 38
46.1 147 0.507830487212 0.500121203047 38
46.2 147 0.507815067018 0.500102066925 38
46.3 150 0.507800461904 0.500083658574 38
46.4 147 0.507786650322 0.500065938529 38
46.5 150 0.507773613211 0.500048856026 38
46.6 149 0.507761333543 0.500032349801 38
46.7 150 0.507749796496 0.500016349658 38
46.8 151 0.507738989849 0.500000777875 38
46.9 151 0.507728902863 0.499985551755 38
47 150 0.507719527163 0.49997058547 38
47.1 149 0.507710855824 0.499955792753 38
47.2 156 0.507702883471 0.499941089294 38
47.3 151 0.507695606052 0.499926395293 38
47.4 153 0.507689020658 0.499911637735 38
47.5 151 0.50768312521 0.499896752669 38
47.6 151 0.507677918225 0.499881686958 38
47.7 155 0.507673398746 0.499866399945 38
47.8 153 0.507669565714 0.49985086458 38
47.9 151 0.507666418361 0.49983506816 38
48 154 0.507663955531 0.499819012699 38
48.1 152 0.507662175609 0.499802714285 38
48.2 153 0.507661076133 0.499786202997 38
48.3 153 0.507660653783 0.499769521559 38
48.4 153 0.507660904304 0.499752723976 38
48.5 153 0.507661822187 0.499735873653 38
48.6 152 0.507663400419 0.499719041476 38
48.7 153 0.507665630385 0.499702303442 38
48.8 154 0.507668502765 0.499685738524 38
48.9 154 0.507672006157 0.499669426204 38
49 155 0.507676126913 0.499653444162 38
49.1 153 0.507680851026 0.499637866252 38
49.2 156 0.507686161793 0.499622760473 38
49.3 153 0.50769204189 0.499608187271 38
49.4 153 0.50769847135 0.499594198183 38
49.5 152 0.507705429061 0.499580834941 38
49.6 154 0.50771289261 0.499568128808 38
49.7 157 0.507720837325 0.499556100295 38
49.8 156 0.507729238585 0.499544759392 38
49.9 157 0.507738069606 0.499534106034 38
50 157 0.507747302687 0.499524130757 38
50.1 156 0.507756909607 0.499514816316 38
50.2 155 0.507766861608 0.499506138488 38
50.3 158 0.50777712843 0.499498068033 38
50.4 159 0.507787680733 0.499490571674 38
50.5 161 0.507798487315 0.49948361429 38
50.6 156 0.507809518714 0.499477160133 38
50.7 158 0.507820743958 0.499471174493 38
50.8 159 0.507832133774 0.499465624818 38
50.9 160 0.507843657977 0.499460482032 38
51 159 0.507855288197 0.49945572114 38
51.1 159 0.507866996367 0.499451321569 38
51.2 161 0.507878755765 0.499447268244 38
51.3 160 0.507890540601 0.499443550895 38
51.4 162 0.507902326337 0.499440163618 38
51.5 160 0.50791408983 0.499437104872 38
51.6 160 0.507925809614 0.49943437627 38
51.7 165 0.507937465777 0.499431981387 38
51.8 162 0.507949040613 0.499429925357 38
51.9 162 0.507960517566 0.499428213042 38
52 163 0.50797188226 0.499426848047 38
52.1 161 0.50798312198 0.499425831548 38
52.2 161 0.507994225891 0.499425161216 38
52.3 162 0.508005185269 0.499424830292 38
52.4 162 0.508015992666 0.499424826939 38
52.5 162 0.508026642605 0.499425133588 38
52.6 162 0.508037132021 0.499425726877 38
52.7 163 0.508047458437 0.49942657766 38
52.8 164 0.508057621305 0.499427651453 38
52.9 162 0.508067621196 0.499428908802 38
53 162 0.508077459968 0.499430306196 38
53.1 164 0.508087140189 0.499431797332 38
53.2 164 0.508096665861 0.499433334274 38
53.3 162 0.508106041109 0.499434868876 38
53.4 163 0.508115270865 0.499436354248 38
53.5 165 0.50812436 0.499437746387 38
53.6 162 0.508133314259 0.499439005533 38
53.7 168 0.508142138797 0.499440097666 38
53.8 164 0.508150838383 0.499440995541 38
53.9 163 0.50815941791 0.49944167997 38
54 166 0.508167881096 0.499442140592 38
54.1 166 0.508176231293 0.499442376445 38
54.2 164 0.508184470732 0.499442396126 38
54.3 166 0.508192601159 0.499442217774 38
54.4 166 0.508200623085 0.499441868728 38
54.5 164 0.508208535745 0.499441384919 38
54.6 169 0.508216337229 0.499440809793 38
54.7 166 0.508224024312 0.499440193199 38
54.8 167 0.508231592581 0.499439590085 38
54.9 167 0.508239036438 0.499439058703 38
55 166 0.508246348706 0.499438659219 38
55.1 165 0.50825352115 0.499438451918 38
55.2 167 0.508260544133 0.499438495428 38
55.3 168 0.50826740712 0.499438845278 38
55.4 167 0.508274099297 0.499439552431 38
55.5 165 0.508280607055 0.499440661703 38
55.6 167 0.508286916694 0.499442210815 38
55.7 166 0.508293013747 0.499444229501 38
55.8 168 0.508298883354 0.499446738998 38
55.9 169 0.50830450992 0.499449751658 38
56 168 0.508309877462 0.499453270944 38
56.1 169 0.508314969648 0.499457291761 38
56.2 165 0.508319770098 0.499461800705 38
56.3 167 0.508324262171 0.499466776948 38
56.4 167 0.508328429757 0.499472193935 38
56.5 169 0.508332256596 0.499478019042 38
56.6 168 0.508335727258 0.499484216385 38
56.7 168 0.508338826162 0.499490746961 38
56.8 172 0.508341538516 0.499497570525 38
56.9 170 0.508343850294 0.499504646786 38
57 172 0.508345748441 0.499511936544 38
57.1 171 0.508347221114 0.499519402887 38
57.2 171 0.508348256923 0.499527011974 38
57.3 171 0.508348845389 0.499534733859 38
57.4 171 0.508348977648 0.499542543098 38
57.5 171 0.508348645845 0.49955041876 38
57.6 169 0.508347843305 0.499558344885 38
57.7 169 0.508346564557 0.499566310061 38
57.8 168 0.508344805363 0.499574307191 38
57.9 170 0.508342562844 0.499582332994 38
58 172 0.5083398352 0.499590387238 38
58.1 171 0.508336621903 0.499598472027 38
58.2 171 0.508332923693 0.499606591126 38
58.3 170 0.508328742262 0.49961474878 38
58.4 168 0.50832408054 0.499622949093 38
58.5 171 0.50831894214 0.499631195169 38
58.6 171 0.508313332049 0.499639488207 38
58.7 171 0.508307256149 0.499647827138 38
58.8 172 0.508300720229 0.499656208238 38
58.9 171 0.50829373112 0.49966462457 38
59 175 0.508286295991 0.49967306622 38
59.1 172 0.508278422607 0.499681520052 38
59.2 174 0.508270118571 0.499689970439 38
59.3 173 0.508261392162 0.49969839939 38
59.4 174 0.508252251396 0.499706787203 38
59.5 175 0.508242704223 0.49971511342 38
59.6 174 0.508232758311 0.499723357541 38
59.7 175 0.508222421072 0.499731499789 38
59.8 177 0.508211699391 0.499739522236 38
59.9 176 0.508200599419 0.499747409614 38
60 178 0.508189126848 0.499755150085 38
60.1 177 0.508177286583 0.499762736085 38
60.2 174 0.508165082367 0.499770164914 38
60.3 175 0.508152517647 0.499777439091 38
60.4 181 0.508139594779 0.499784566739 38
60.5 175 0.50812631491 0.499791561549 38
60.6 175 0.508112678656 0.499798442765 38
60.7 176 0.508098685558 0.4998052347 38
60.8 179 0.508084333987 0.499811966306 38
60.9 176 0.508069621767 0.499818670441 38
61 181 0.508054545729 0.499825382825 38
61.1 179 0.508039101737 0.499832141417 38
61.2 176 0.508023285172 0.499838984914 38
61.3 180 0.508007090679 0.499845951868 38
61.4 178 0.507990512261 0.499853079467 38
61.5 177 0.50797354343 0.499860402362 38
61.6 176 0.507956177466 0.499867951687 38
61.7 179 0.507938407288 0.499875753918 38
61.8 179 0.507920226077 0.499883830375 38
61.9 177 0.507901626127 0.499892196203 38
62 180 0.507882600145 0.499900860162 38
62.1 178 0.507863141043 0.499909824176 38
62.2 177 0.50784324165 0.499919083413 38
62.3 177 0.507822895816 0.499928626548 38
62.4 179 0.507802097548 0.499938435924 38
62.5 180 0.507780841316 0.499948488175 38
62.6 178 0.507759122301 0.499958755004 38
62.7 180 0.507736936289 0.499969204005 38
62.8 180 0.507714279725 0.499979799679 38
62.9 180 0.50769115005 0.499990504409 38
63 182 0.507667545483 0.500001279598 38
63.1 182 0.507643465075 0.500012086775 38
63.2 180 0.507618908357 0.500022888654 38
63.3 179 0.507593876501 0.500033649919 38
63.4 182 0.507568371271 0.500044338204 38
63.5 181 0.507542395299 0.500054925045 38
63.6 181 0.507515952063 0.5000653859 38
63.7 181 0.507489045906 0.500075701144 38
63.8 181 0.507461682093 0.500085856025 38
63.9 180 0.507433866629 0.500095840496 38
64 179 0.507405606188 0.500105649241 38
64.1 180 0.507376908084 0.500115281588 38
64.2 181 0.507347780157 0.500124740826 38
64.3 181 0.507318231006 0.500134033673 38
64.4 182 0.507288269484 0.500143169634 38
64.5 183 0.50725790495 0.500152160338 38
64.6 183 0.507227146993 0.500161018655 38
64.7 185 0.507196005522 0.500169758116 38
64.8 185 0.507164490533 0.500178392191 38
64.9 182 0.507132612037 0.50018693333 38
65 183 0.507100380115 0.500195392902 38
65.1 182 0.50706780436 0.500203780377 38
65.2 185 0.507034894634 0.500212103145 38
65.3 182 0.507001659953 0.500220366262 38
65.4 184 0.506968109401 0.500228572516 38
65.5 184 0.506934251669 0.500236722341 38
65.6 185 0.506900094595 0.50024481421 38
65.7 185 0.50686564568 0.500252844872 38
65.8 184 0.506830911614 0.500260809842 38
65.9 187 0.50679589845 0.500268703866 38
66 186 0.506760611561 0.500276521504 38
66.1 185 0.506725055613 0.500284257753 38
66.2 184 0.506689234179 0.500291908606 38
66.3 186 0.506653150332 0.500299471555 38
66.4 186 0.506616806286 0.500306946133 38
66.5 185 0.506580203582 0.500314334293 38
66.6 186 0.506543343033 0.500321640635 38
66.7 187 0.506506224369 0.500328872739 38
66.8 188 0.506468847015 0.500336041095 38
66.9 186 0.506431209493 0.500343158978 38
67 189 0.506393309901 0.500350242284 38
67.1 187 0.506355146 0.500357309052 38
67.2 186 0.506316714923 0.500364379141 38
67.3 187 0.506278013405 0.500371473536 38
67.4 184 0.506239038128 0.500378613628 38
67.5 185 0.506199785594 0.500385820606 38
67.6 188 0.506160252221 0.500393114639 38
67.7 188 0.506120434674 0.500400514095 38
67.8 187 0.506080329389 0.500408034864 38
67.9 188 0.506039933124 0.500415689661 38
68 186 0.505999243068 0.500423487491 38
68.1 189 0.50595825653 0.5004314331 38
68.2 187 0.505916971787 0.50043952666 38
68.3 188 0.505875387317 0.500447763558 38
68.4 187 0.50583350216 0.500456134339 38
68.5 187 0.505791316223 0.500464624849 38
68.6 190 0.505748830043 0.500473216408 38
68.7 185 0.505706044963 0.500481886206 38
68.8 187 0.505662963086 0.500490608033 38
68.9 187 0.505619587392 0.500499352781 38
69 186 0.505575921598 0.500508089069 38
69.1 188 0.505531970156 0.500516784141 38
69.2 188 0.505487738413 0.500525404949 38
69.3 186 0.505443232526 0.500533918743 38
69.4 187 0.505398459411 0.500542293958 38
69.5 189 0.505353425771 0.500550501157 38
69.6 189 0.505308140745 0.500558513433 38
69.7 188 0.505262613417 0.500566307526 38
69.8 187 0.505216853016 0.500573863958 38
69.9 186 0.505170869374 0.500581167608 38
70 187 0.505124672917 0.500588207847 38
70.1 189 0.505078274447 0.500594978691 38
70.2 189 0.505031684889 0.500601478771 38
70.3 187 0.504984915451 0.500607711091 38
70.4 185 0.504937977619 0.500613682799 38
70.5 189 0.504890882842 0.500619404623 38
70.6 189 0.504843642458 0.500624890556 38
70.7 187 0.504796267457 0.500630156907 38
70.8 187 0.504748768976 0.500635222037 38
70.9 184 0.504701157896 0.500640105515 38
71 185 0.504653444692 0.500644827409 38
71.1 190 0.504605639575 0.500649407761 38
71.2 186 0.504557751948 0.500653865781 38
71.3 189 0.504509790742 0.500658219423 38
71.4 186 0.504461764825 0.500662485256 38
71.5 187 0.504413682117 0.500666677732 38
71.6 186 0.504365549911 0.500670809187 38
71.7 186 0.504317374956 0.500674889522 38
71.8 186 0.504269163105 0.500678926336 38
71.9 187 0.504220919446 0.500682925166 38
72 189 0.504172648471 0.500686889592 38
72.1 185 0.50412435377 0.500690821257 38
72.2 188 0.504076038338 0.500694720724 38
72.3 186 0.504027704508 0.500698587494 38
72.4 186 0.503979353656 0.500702420555 38
72.5 189 0.503930986631 0.500706218853 38
72.6 188 0.503882603595 0.500709981688 38
72.7 189 0.503834204078 0.500713709148 38
72.8 186 0.503785787319 0.500717402223 38
72.9 190 0.503737351637 0.500721063174 38
73 186 0.503688895323 0.500724695755 38
73.1 187 0.503640415907 0.500728305259 38
73.2 187 0.503591910978 0.500731898387 38
73.3 186 0.503543377675 0.50073548323 38
73.4 186 0.50349481318 0.50073906895 38
73.5 189 0.503446214584 0.500742665512 38
73.6 189 0.503397578797 0.500746283351 38
73.7 188 0.503348903112 0.500749932852 38
73.8 188 0.503300184865 0.500753623916 38
73.9 186 0.503251421659 0.500757365442 38
74 187 0.50320261142 0.50076116489 38
74.1 188 0.503153752546 0.500765027771 38
74.2 189 0.5031048439 0.50076895709 38
74.3 186 0.50305588488 0.50077295328 38
74.4 185 0.503006875354 0.50077701365 38
74.5 187 0.502957815819 0.500781132326 38
74.6 185 0.502908707515 0.500785300155 38
74.7 185 0.502859552329 0.500789504686 38
74.8 192 0.502810352894 0.50079373034 38
74.9 191 0.502761112513 0.500797958722 38
75 188 0.502711835196 0.500802168887 38
75.1 188 0.502662525747 0.500806337855 38
75.2 190 0.502613189621 0.500810441016 38
75.3 188 0.502563832848 0.500814452986 38
75.4 188 0.50251446225 0.500818347929 38
75.5 190 0.502465085133 0.500822100412 38
75.6 189 0.502415709397 0.500825685991 38
75.7 188 0.502366343507 0.500829081875 38
75.8 185 0.502316996235 0.500832267515 38
75.9 186 0.502267676864 0.500835225105 38
76 189 0.502218394912 0.500837940044 38
76.1 188 0.502169160275 0.500840401209 38
76.2 187 0.502119982761 0.500842601394 38
76.3 189 0.502070872627 0.500844537192 38
76.4 190 0.502021839774 0.500846209212 38
76.5 186 0.501972894461 0.500847621778 38
76.6 187 0.501924046543 0.500848782911 38
76.7 188 0.501875305862 0.500849703859 38
76.8 187 0.501826682035 0.500850398786 38
76.9 185 0.501778184329 0.500850884253 38
77 189 0.501729821709 0.5008511787 38
77.1 188 0.501681602665 0.500851301966 38
77.2 189 0.501633535277 0.500851274568 38
77.3 192 0.501585627187 0.500851117201 38
77.4 188 0.501537885582 0.500850850274 38
77.5 190 0.501490316743 0.500850493272 38
77.6 187 0.501442926856 0.500850064389 38
77.7 193 0.501395720926 0.50084958021 38
77.8 187 0.501348703752 0.500849055376 38
77.9 187 0.501301879187 0.500848502393 38
78 191 0.501255250585 0.500847931563 38
78.1 188 0.501208820688 0.50084735097 38
78.2 187 0.501162591567 0.500846766552 38
78.3 186 0.501116564628 0.500846182316 38
78.4 187 0.501070740556 0.500845600501 38
78.5 194 0.501025119755 0.500845021918 38
78.6 199 0.500979701998 0.500844446287 38
78.7 191 0.500934486476 0.500843872548 38
78.8 192 0.500889471916 0.500843299157 38
78.9 189 0.500844656483 0.500842724596 38
79 196 0.500800037875 0.500842147548 38
79.1 189 0.500755613892 0.500841567238 38
79.2 188 0.500711381743 0.500840983622 38
79.3 194 0.500667338636 0.500840397545 38
79.4 195 0.500623481205 0.500839810853 38
79.5 187 0.500579806297 0.500839226318 38
79.6 190 0.500536310749 0.50083864763 38
79.7 194 0.500492991569 0.500838079289 38
79.8 189 0.500449845576 0.500837526335 38
79.9 193 0.500406869678 0.500836994067 38
80 190 0.500364061089 0.500836487842 38
80.1 188 0.500321417493 0.500836012621 38
80.2 188 0.500278936664 0.50083557267 38
80.3 189 0.500236616828 0.5008351713 38
80.4 188 0.500194456455 0.500834810295 38
80.5 190 0.500152454465 0.500834489777 38
80.6 191 0.500110610443 0.500834208032 38
80.7 189 0.500068924406 0.500833961203 38
80.8 191 0.500027396814 0.500833743126 38
80.9 193 0.499986028803 0.500833545353 38
81 192 0.499944821953 0.500833357305 38
81.1 196 0.499903778258 0.500833166187 38
81.2 195 0.499862900414 0.500832957264 38
81.3 197 0.499822191628 0.500832714151 38
81.4 195 0.499781655583 0.500832419327 38
81.5 189 0.499741296363 0.500832054402 38
81.6 192 0.499701118647 0.500831600474 38
81.7 193 0.49966112735 0.500831038792 38
81.8 193 0.499621327872 0.500830351205 38
81.9 189 0.499581725966 0.500829520572 38
82 190 0.49954232758 0.500828531352 38
82.1 186 0.499503138749 0.500827369977 38
82.2 187 0.499464165954 0.500826025231 38
82.3 191 0.499425415673 0.500824488596 38
82.4 191 0.499386894246 0.500822754471 38
82.5 188 0.499348608238 0.500820820299 38
82.6 190 0.499310564217 0.500818686674 38
82.7 189 0.499272768419 0.500816357285 38
82.8 188 0.499235227046 0.500813838823 38
82.9 187 0.499197946162 0.500811140747 38
83 189 0.499160931503 0.500808275044 38
83.1 188 0.499124188584 0.500805255878 38
83.2 192 0.499087722567 0.500802099198 38
83.3 194 0.499051538239 0.500798822286 38
83.4 191 0.499015640088 0.500795443328 38
83.5 194 0.498980032011 0.500791980931 38
83.6 186 0.498944717628 0.500788453679 38
83.7 191 0.498909700046 0.500784879679 38
83.8 194 0.498874981893 0.500781276246 38
83.9 186 0.498840565184 0.500777659506 38
84 187 0.498806451554 0.500774044108 38
84.1 185 0.498772642123 0.500770443072 38
84.2 190 0.498739137523 0.500766867567 38
84.3 186 0.498705937836 0.500763326928 38
84.4 187 0.498673042843 0.500759828651 38
84.5 186 0.498640451631 0.500756378335 38
84.6 193 0.498608162847 0.500752980121 38
84.7 187 0.498576174685 0.500749636625 38
84.8 185 0.498544485015 0.500746349232 38
84.9 189 0.498513091276 0.500743118364 38
85 183 0.498481990529 0.500739943727 38
85.1 185 0.498451179538 0.500736824621 38
85.2 187 0.498420654856 0.500733760155 38
85.3 185 0.49839041239 0.500730749513 38
85.4 185 0.498360448036 0.50072779207 38
85.5 185 0.498330757666 0.500724888002 38
85.6 186 0.498301336902 0.500722037224 38
85.7 184 0.498272180956 0.500719240473 38
85.8 186 0.498243285291 0.50071649897 38
85.9 185 0.498214645257 0.500713814277 38
86 183 0.498186256203 0.500711188148 38
86.1 185 0.49815811334 0.500708622307 38
86.2 186 0.498130211919 0.5007061183 38
86.3 188 0.498102547434 0.50070367708 38
86.4 189 0.498075115599 0.50070129873 38
86.5 185 0.49804791203 0.50069898224 38
86.6 184 0.498020932511 0.500696725055 38
86.7 183 0.49799417336 0.500694522892 38
86.8 186 0.497967630751 0.500692369468 38
86.9 192 0.497941301155 0.500690256255 38
87 188 0.497915181411 0.500688172378 38
87.1 186 0.497889268541 0.500686104552 38
87.2 184 0.497863559835 0.500684036981 38
87.3 183 0.497838052764 0.500681951502 38
87.4 184 0.497812745054 0.500679827656 38
87.5 183 0.497787634509 0.500677642966 38
87.6 184 0.497762719354 0.500675373172 38
87.7 186 0.497737997882 0.500672992606 38
87.8 182 0.497713468373 0.500670474623 38
87.9 183 0.497689129469 0.500667791997 38
88 195 0.49766497969 0.500664917407 38
88.1 198 0.497641017998 0.50066182396 38
88.2 194 0.497617242703 0.500658485596 38
88.3 193 0.497593652492 0.500654877639 38
88.4 191 0.497570246065 0.500650977135 38
88.5 192 0.497547021822 0.500646763305 38
88.6 191 0.497523978119 0.500642217853 38
88.7 191 0.497501113096 0.500637325181 38
88.8 190 0.497478424661 0.500632072592 38
88.9 188 0.497455910479 0.500626450379 38
89 188 0.497433567879 0.500620451738 38
89.1 187 0.497411393705 0.500614072785 38
89.2 185 0.497389384707 0.500607312166 38
89.3 187 0.497367537063 0.500600170907 38
89.4 199 0.497345846407 0.500592651934 38
89.5 195 0.497324308014 0.500584759577 38
89.6 195 0.497302916434 0.500576499281 38
89.7 193 0.49728166561 0.500567876648 38
89.8 190 0.49726054906 0.500558896982 38
89.9 191 0.497239559597 0.500549564499 38
90 190 0.497218689442 0.500539881559 38
90.1 191 0.49719793012 0.500529847952 38
90.2 190 0.497177272413 0.500519460128 38
90.3 188 0.497156706297 0.500508710371 38
90.4 187 0.497136221085 0.500497585933 38
90.5 189 0.497115805262 0.500486068267 38
90.6 186 0.497095446564 0.5004741323 38
90.7 188 0.497075131756 0.500461745582 38
90.8 189 0.497054846613 0.500448867588 38
90.9 187 0.497034576061 0.500435448634 38
91 186 0.4970143041 0.50042142963 38
91.1 186 0.496994013658 0.50040674077 38
91.2 187 0.496973686551 0.500391301073 38
91.3 188 0.496953303498 0.500375017488 38
91.4 187 0.496932844048 0.500357784144 38
91.5 187 0.496912286556 0.500339481527 38
91.6 187 0.496891608158 0.500319975589 38
91.7 186 0.496870784504 0.5002991171 38
91.8 185 0.496849789857 0.500276740675 38
91.9 188 0.496828597111 0.500252664049 38
92 188 0.496807177552 0.500226687251 38
92.1 187 0.496785500725 0.500198591799 38
92.2 186 0.496763534439 0.500168140001 38
92.3 186 0.496741244773 0.500135074184 38
92.4 185 0.496718595909 0.500099116199 38
92.5 185 0.496695549935 0.5000599667 38
92.6 184 0.496672066753 0.500017304823 38
92.7 187 0.496648103978 0.499970787714 38
92.8 186 0.496623617034 0.499920050494 38
92.9 185 0.496598558549 0.499864705996 38
93 184 0.496572878569 0.499804345062 38
93.1 184 0.496546524343 0.499738536695 38
93.2 184 0.49651944007 0.499666828559 38
93.3 185 0.496491566998 0.499588747565 38
93.4 185 0.496462842963 0.49950380075 38
93.5 182 0.496433202334 0.499411476344 38
93.6 184 0.496402575768 0.499311244789 38
93.7 181 0.496370890285 0.499202560441 38
93.8 183 0.496338068781 0.499084862615 38
93.9 183 0.496304029824 0.498957577612 38
94 182 0.496268687787 0.498820120397 38
94.1 182 0.496231952351 0.498671896474 38
94.2 183 0.496193728462 0.498512303802 38
94.3 179 0.496153916022 0.498340734637 38
94.4 184 0.496112409792 0.498156577804 38
94.5 183 0.496069098988 0.497959220325 38
94.6 183 0.496023867238 0.497748049476 38
94.7 181 0.495976592571 0.49752245422 38
94.8 182 0.495927146926 0.497281827208 38
94.9 182 0.495875396028 0.497025566117 38
95 183 0.495821199125 0.496753075103 38
95.1 182 0.49576440897 0.496463765712 38
95.2 185 0.495704871538 0.49615705797 38
95.3 184 0.495642425733 0.495832381141 38
95.4 181 0.495576903297 0.495489174112 38
95.5 182 0.495508128625 0.495126885834 38
95.6 185 0.495435918604 0.49474497535 38
95.7 181 0.495360082451 0.494342911716 38
95.8 183 0.495280421337 0.49392017385 38
95.9 185 0.495196728307 0.493476250126 38
96 186 0.495108788308 0.493010637906 38
96.1 184 0.495016377792 0.492522843046 38
96.2 182 0.494919264595 0.492012379601 38
96.3 185 0.494817207773 0.491478769191 38
96.4 185 0.494709957586 0.490921540606 38
96.5 183 0.494597254938 0.490340229793 38
96.6 184 0.494478831731 0.489734379674 38
96.7 184 0.494354410416 0.48910354055 38
96.8 182 0.494223703922 0.488447270671 38
96.9 183 0.494086415562 0.487765137403 38
97 181 0.493942238773 0.487056718243 38
97.1 183 0.49379085721 0.486321603219 38
97.2 181 0.493631944623 0.485559397038 38
97.3 181 0.493465164607 0.484769722444 38
97.4 182 0.493290170649 0.483952223781 38
97.5 181 0.493106606265 0.483106571539 38
97.6 181 0.49291410464 0.482232467428 38
97.7 184 0.492712288939 0.481329650183 38
97.8 183 0.49250077209 0.480397902277 38
97.9 182 0.492279157224 0.479437057132 38
98 181 0.492047037516 0.478447007364 38
98.1 183 0.491803996451 0.477427713513 38
98.2 182 0.491549608008 0.476379213667 38
98.3 182 0.491283437098 0.475301633753 38
98.4 184 0.491005039414 0.474195198339 38
98.5 184 0.490713962345 0.473060241899 38
98.6 183 0.4904097453 0.47189722103 38
98.7 188 0.490091920086 0.470706726776 38
98.8 187 0.489760011821 0.469489497245 38
98.9 189 0.489413539342 0.468246430625 38
99 196 0.489052016096 0.466978598186 38
99.1 196 0.48867495157 0.465687257304 38
99.2 195 0.488281850862 0.464373864135 38
99.3 192 0.487872217113 0.463040086272 38
99.4 193 0.487445552304 0.461687814824 38
99.5 188 0.487001358372 0.460319175822 38
99.6 194 0.486539137727 0.458936540635 38
99.7 188 0.486058398123 0.457542535842 38
99.8 194 0.485558650688 0.456140051658 38
99.9 189 0.485039413551 0.454732248566 38
100 191 0.484500212613 0.453322563316 38
00:19:48: The command "/home/yurielnf/Documents/projects/impurityMPS/build/Desktop-Release/example/fbr_dyn_siam_center" finished successfully.

