0.1 9 0.999900056277 0.00134960943128 8
0.2 12 0.999600898944 0.0053812874009 9
0.3 13 0.99910454118 0.0120438842153 11
0.4 13 0.998414309838 0.021253149104 9
0.5 15 0.997534803187 0.0328932065402 10
0.6 15 0.996471832752 0.0468185794542 9
0.7 16 0.995232350217 0.0628567172739 9
0.8 16 0.993824360648 0.0808109761444 9
0.9 16 0.992256823765 0.100463988911 11
1 16 0.990539542922 0.121581359574 9
1.1 16 0.988683048008 0.143915596832 9
1.2 16 0.986698468984 0.167210219631 11
1.3 16 0.984597405414 0.191203943189 10
1.4 16 0.982391792901 0.215634866058 11
1.5 16 0.980093768596 0.240244575901 12
1.6 16 0.977715537814 0.264782095266 10
1.7 16 0.975269243734 0.289007593348 12
1.8 16 0.972766842011 0.312695796249 12
1.9 16 0.970219982782 0.335639034358 12
2 16 0.967639897957 0.357649882382 12
2.1 16 0.96503730224 0.378563338732 12
2.2 16 0.962422302337 0.398238525988 12
2.3 16 0.959804318397 0.416559887152 12
2.4 16 0.957192017903 0.433437872126 12
2.5 16 0.954593262488 0.448809114207 12
2.6 18 0.952015067853 0.462636119276 12
2.7 23 0.949463576899 0.474906472585 13
2.8 25 0.946944045755 0.485631623956 13
2.9 22 0.944460842374 0.494845276562 13
3 23 0.942017457025 0.502601430595 14
3.1 23 0.939616523907 0.508972136687 14
3.2 22 0.937259852952 0.514045023829 14
3.3 23 0.934948470734 0.517920656688 15
3.4 25 0.932682670431 0.520709788565 15
3.5 24 0.930462065416 0.522530587239 15
3.6 24 0.92828565099 0.52350586298 16
3.7 26 0.926151869839 0.523760386257 16
3.8 26 0.924058678392 0.523418339809 16
3.9 26 0.922003619208 0.522600942588 15
4 26 0.919983892724 0.52142430373 15
4.1 26 0.917996417262 0.519997547116 15
4.2 28 0.916037905605 0.518421195284 15
4.3 30 0.914104926736 0.51678587582 16
4.4 33 0.912193967164 0.515171336447 16
4.5 36 0.910301487995 0.513645778746 16
4.6 40 0.908423977337 0.512265501871 16
4.7 41 0.906557997547 0.511074848102 16
4.8 44 0.904700227105 0.510106428677 16
4.9 46 0.902847496889 0.5093816054 16
5 48 0.900996820857 0.508911199279 16
5.1 49 0.899145421165 0.508696391766 16
5.2 49 0.897290747952 0.508729783299 16
5.3 50 0.895430494012 0.508996570487 16
5.4 51 0.893562604538 0.509475803484 16
5.5 52 0.8916852826 0.510141685214 16
5.6 52 0.889796990463 0.510964875031 16
5.7 55 0.887896447396 0.511913765801 16
5.8 54 0.885982624486 0.512955696834 16
5.9 54 0.884054736759 0.51405807994 16
6 57 0.882112233175 0.515189413719 16
6.1 58 0.880154784903 0.516320166665 16
6.2 57 0.878182272167 0.517423515799 16
6.3 58 0.876194770251 0.518475931868 17
6.4 59 0.874192534764 0.519457607412 17
6.5 58 0.872175986579 0.520352728476 17
6.6 57 0.870145696703 0.521149594968 18
6.7 57 0.868102371195 0.521840599257 19
6.8 57 0.866046836286 0.522422075616 18
6.9 57 0.863980024022 0.522894035909 19
7 58 0.861902957736 0.523259810677 20
7.1 58 0.859816738768 0.523525612339 20
7.2 60 0.857722533121 0.523700043703 19
7.3 60 0.855621558673 0.523793570718 20
7.4 62 0.853515072811 0.523817980209 20
7.5 64 0.851404360445 0.523785841383 20
7.6 65 0.84929072243 0.523709988793 20
7.7 66 0.847175464221 0.523603042407 20
7.8 65 0.845059884916 0.523476977935 20
7.9 65 0.842945266476 0.523342758357 20
8 66 0.840832863333 0.523210033837 20
8.1 70 0.838723892267 0.523086915771 20
8.2 69 0.836619522617 0.522979826717 20
8.3 73 0.834520866816 0.522893426137 20
8.4 71 0.832428971453 0.522830608042 20
8.5 72 0.830344808835 0.522792566089 20
8.6 75 0.828269269119 0.522778918239 20
8.7 70 0.826203153238 0.5227878824 20
8.8 71 0.824147166577 0.522816492947 20
8.9 73 0.822101913605 0.52286084726 20
9 78 0.820067893508 0.52291637079 20
9.1 77 0.818045496913 0.522978090192 20
9.2 82 0.816035003844 0.52304090307 20
9.3 80 0.814036582942 0.523099834589 20
9.4 86 0.812050291933 0.523150272355 20
9.5 89 0.810076079504 0.523188171487 20
9.6 90 0.808113788402 0.523210224367 20
9.7 99 0.806163159983 0.523213989788 20
9.8 97 0.804223839978 0.523197980142 20
9.9 95 0.802295385461 0.523161703735 20
10 95 0.800377272961 0.523105664838 20
10.1 94 0.798468907482 0.523031321942 20
10.2 93 0.796569632511 0.522941009546 20
10.3 94 0.794678740681 0.522837826094 20
10.4 96 0.792795485008 0.522725495782 20
10.5 96 0.790919090463 0.522608209375 22
10.6 98 0.78904876578 0.522490451365 21
10.7 99 0.787183715287 0.522376820856 21
10.8 97 0.785323150475 0.522271852315 21
10.9 106 0.783466301353 0.522179843718 22
11 103 0.781612427193 0.52210469767 21
11.1 102 0.779760826624 0.522049781033 22
11.2 105 0.777910846943 0.52201780756 22
11.3 109 0.776061892473 0.522010747038 22
11.4 109 0.774213431884 0.522029763069 22
11.5 106 0.772365004387 0.52207518097 22
11.6 107 0.770516224798 0.522146485887 22
11.7 111 0.768666787343 0.522242349899 22
11.8 115 0.766816468266 0.522360686436 22
11.9 112 0.764965127226 0.522498729059 22
12 113 0.763112707465 0.522653130835 22
12.1 115 0.761259234898 0.522820080253 22
12.2 115 0.759404816071 0.522995429126 22
12.3 117 0.757549635142 0.52317482759 22
12.4 119 0.755693949948 0.52335386117 22
12.5 117 0.753838087243 0.52352818528 22
12.6 118 0.751982437266 0.523693652758 23
12.7 120 0.750127447681 0.523846429967 23
12.8 131 0.748273617035 0.523983098741 24
12.9 121 0.746421487859 0.5241007405 24
13 116 0.744571639488 0.524197000914 23
13.1 126 0.742724680736 0.524270133885 24
13.2 124 0.740881242502 0.524319023878 24
13.3 131 0.739041970394 0.52434318723 24
13.4 138 0.737207517501 0.5243427532 24
13.5 123 0.735378537274 0.524318426523 24
13.6 125 0.733555676877 0.524271433345 24
13.7 133 0.731739570567 0.524203453834 24
13.8 128 0.729930833621 0.524116543824 24
13.9 131 0.728130056641 0.524013049289 24
14 134 0.726337800282 0.523895516535 24
14.1 133 0.724554590454 0.52376660193 24
14.2 143 0.722780914046 0.523628984063 24
14.3 144 0.721017215112 0.523485281308 24
14.4 149 0.719263891623 0.523337977473 24
14.5 145 0.717521292714 0.523189357736 24
14.6 146 0.715789716477 0.523041456315 24
14.7 151 0.71406940829 0.522896017176 24
14.8 150 0.712360559694 0.522754468919 24
14.9 151 0.710663307767 0.522617912812 24
15 157 0.708977735044 0.522487124445 24
15.1 159 0.707303869972 0.522362567376 24
15.2 158 0.705641687849 0.522244418154 24
15.3 157 0.703991112278 0.522132600592 24
15.4 159 0.702352017092 0.522026827181 24
15.5 165 0.700724228771 0.521926645907 24
15.6 161 0.69910752927 0.521831489803 24
15.7 164 0.697501659362 0.521740727231 24
15.8 170 0.695906322111 0.521653710841 24
15.9 168 0.694321187093 0.521569822695 24
16 183 0.692745894616 0.521488514383 24
16.1 175 0.691180060399 0.521409340161 24
16.2 177 0.689623280415 0.521331982391 24
16.3 176 0.688075135923 0.521256268224 24
16.4 172 0.686535198647 0.521182177392 24
16.5 177 0.685003035998 0.521109840833 24
16.6 183 0.683478216343 0.521039530825 24
16.7 181 0.681960314203 0.520971643131 25
16.8 183 0.680448915337 0.520906672464 25
16.9 181 0.67894362167 0.520845182224 25
17 182 0.677444055969 0.520787770339 25
17.1 189 0.675949866227 0.520735032463 25
17.2 184 0.674460729714 0.520687524527 26
17.3 193 0.672976356615 0.52064572611 25
17.4 182 0.671496493201 0.520610006383 26
17.5 196 0.670020924585 0.520580593814 26
17.6 200 0.668549476873 0.520557551224 27
17.7 192 0.667082018838 0.520540757123 28
17.8 190 0.665618463006 0.520529893932 26
17.9 216 0.664158766201 0.520524443856 26
18 218 0.662702929483 0.520523692418 28
18.1 210 0.661250997568 0.520526739531 27
18.2 219 0.659803057706 0.520532517703 27
18.3 222 0.658359237999 0.520539816871 26
18.4 220 0.656919705326 0.520547314583 27
18.5 214 0.655484662716 0.520553610825 27
18.6 214 0.654054346408 0.520557265862 27
18.7 218 0.652629022524 0.520556839993 28
18.8 221 0.651208983449 0.520550933686 28
18.9 226 0.649794543976 0.520538226626 28
19 226 0.648386037263 0.520517514536 28
19.1 222 0.646983810673 0.52048774232 28
19.2 227 0.645588221532 0.520448032505 28
19.3 226 0.644199632896 0.520397708173 28
19.4 221 0.642818409354 0.520336309571 28
19.5 229 0.641444912902 0.520263604185 28
19.6 228 0.640079499012 0.520179589575 28
19.7 227 0.638722512838 0.52008448961 28
19.8 232 0.637374285669 0.519978744134 28
19.9 237 0.636035131625 0.519862992395 28
20 228 0.634705344689 0.519738051269 28
20.1 233 0.633385195967 0.519604888962 28
20.2 239 0.632074931344 0.519464595116 28
20.3 244 0.630774769471 0.519318348706 28
20.4 236 0.62948490007 0.519167384533 28
20.5 241 0.628205482633 0.519012959733 28
20.6 239 0.626936645468 0.518856321142 28
20.7 240 0.625678485068 0.518698674847 28
20.8 250 0.624431065867 0.518541158535 28
20.9 245 0.62319442031 0.518384817581 28
21 253 0.621968549219 0.518230585603 28
21.1 249 0.620753422531 0.518079269759 28
21.2 258 0.619548980262 0.517931541054 28
21.3 256 0.618355133777 0.517787929419 28
21.4 258 0.617171767307 0.517648824104 28
21.5 255 0.61599873969 0.517514478403 28
21.6 257 0.614835886332 0.517385018728 28
21.7 266 0.613683021356 0.517260457019 28
21.8 276 0.612539939908 0.517140706074 28
21.9 271 0.611406420602 0.517025596919 28
22 271 0.610282228097 0.516914897394 28
22.1 267 0.609167115751 0.516808331121 28
22.2 274 0.60806082835 0.516705596049 28
22.3 281 0.606963104856 0.516606381898 28
22.4 289 0.605873681206 0.516510385759 28
22.5 294 0.604792293061 0.516417325293 28
22.6 285 0.603718678544 0.516326949176 28
22.7 286 0.602652580883 0.516239044463 28
22.8 298 0.601593751006 0.516153440596 28
22.9 306 0.600541949972 0.516070010171 28
23 308 0.599496951288 0.515988666798 28
23.1 311 0.598458543058 0.515909359934 30
23.2 305 0.597426529931 0.515832067274 29
23.3 308 0.59640073483 0.515756785176 30
23.4 306 0.595381000506 0.515683517737 30
23.5 304 0.594367190781 0.515612264937 29
23.6 321 0.593359191568 0.515543010638 29
23.7 322 0.59235691163 0.515475711022 29
23.8 302 0.59136028304 0.515410284008 29
23.9 296 0.590369261373 0.515346600275 29
24 302 0.58938382561 0.515284476227 29
24.1 300 0.588403977779 0.515223669447 30
24.2 319 0.587429742315 0.515163876736 31
24.3 300 0.586461165145 0.515104734999 31
24.4 294 0.585498312585 0.515045824926 30
24.5 321 0.584541269934 0.514986677466 30
24.6 327 0.583590139905 0.514926782852 30
24.7 317 0.58264504087 0.514865601801 30
24.8 322 0.581706104939 0.514802578595 30
24.9 330 0.580773475906 0.514737155523 30
25 340 0.579847307089 0.514668788139 32
25.1 335 0.578927759118 0.514596960832 32
25.2 330 0.578014997675 0.514521202018 31
25.3 336 0.577109191197 0.514441098554 31
25.4 325 0.576210508633 0.514356308699 31
25.5 336 0.575319117222 0.514266573244 31
25.6 340 0.574435180373 0.514171724324 31
25.7 340 0.573558855633 0.514071691685 31
25.8 354 0.57269029276 0.513966506063 32
25.9 379 0.57182963197 0.513856299701 32
26 369 0.570977002326 0.513741303781 32
26.1 368 0.570132520328 0.513621843134 32
26.2 385 0.569296288656 0.513498328143 32
26.3 361 0.568468395138 0.513371244335 32
26.4 390 0.567648911916 0.513241139889 32
26.5 386 0.566837894815 0.513108611567 32
26.6 375 0.566035382909 0.512974289515 32
26.7 383 0.565241398307 0.512838821462 32
26.8 392 0.564455946137 0.512702856781 32
26.9 392 0.563679014685 0.512567030984 32
27 398 0.562910575761 0.512431951109 32
27.1 384 0.562150585215 0.512298182528 32
27.2 385 0.561398983576 0.512166237325 32
27.3 397 0.560655696908 0.51203656487 32
27.4 404 0.559920637708 0.511909544562 32
27.5 396 0.559193705986 0.511785481035 32
27.6 417 0.558474790399 0.51166460181 32
27.7 404 0.557763769489 0.51154705742 32
27.8 424 0.557060512966 0.511432923798 32
27.9 434 0.556364883081 0.511322206797 32
28 432 0.55567673598 0.51121484861 32
28.1 419 0.554995923124 0.511110735658 32
28.2 425 0.554322292689 0.511009707618 32
28.3 486 0.553655690968 0.51091156733 32
28.4 474 0.552995963757 0.510816090937 32
28.5 456 0.552342957696 0.510723038059 32
28.6 455 0.551696521582 0.510632161525 32
28.7 436 0.551056507617 0.510543216358 32
28.8 452 0.550422772571 0.510455967634 32
28.9 456 0.549795178918 0.510370197082 32
29 438 0.549173595835 0.510285708183 32
29.1 458 0.54855790014 0.510202329611 32
29.2 449 0.547947977112 0.510119917091 32
29.3 453 0.547343721222 0.510038353565 32
29.4 452 0.546745036721 0.509957547883 32
29.5 457 0.546151838145 0.509877432144 32
29.6 468 0.545564050671 0.509797957758 32
29.7 459 0.544981610358 0.509719090778 33
29.8 462 0.544404464261 0.509640806446 33
29.9 461 0.543832570426 0.509563083542 33
30 444 0.543265897735 0.509485898643 32
30.1 466 0.542704425659 0.509409220674 32
30.2 460 0.542148143881 0.50933300606 32
30.3 470 0.541597051793 0.509257194674 32
30.4 478 0.541051157896 0.509181706781 33
30.5 462 0.540510479111 0.50910644121 33
30.6 450 0.539975039973 0.509031274744 33
30.7 467 0.539444871775 0.508956062893 33
30.8 465 0.538920011646 0.508880641935 33
30.9 461 0.538400501533 0.50880483224 33
31 464 0.537886387197 0.508728442687 33
31.1 474 0.537377717144 0.508651276009 33
31.2 476 0.536874541556 0.508573134884 33
31.3 472 0.536376911232 0.508493828516 33
31.4 481 0.535884876532 0.508413179388 33
31.5 477 0.535398486347 0.508331029984 33
31.6 478 0.534917787129 0.508247249157 33
31.7 485 0.534442821968 0.508161737888 33
31.8 488 0.533973629723 0.508074434183 33
31.9 473 0.533510244265 0.507985316992 33
32 496 0.53305269377 0.507894408822 33
32.1 518 0.532601000109 0.507801776977 33
32.2 493 0.532155178369 0.507707533511 33
32.3 502 0.531715236436 0.5076118336 33
32.4 490 0.531281174728 0.507514872634 33
32.5 484 0.530852985985 0.507416881939 33
32.6 480 0.530430655194 0.507318123324 33
32.7 518 0.530014159618 0.507218882691 33
32.8 511 0.529603468919 0.507119462824 33
32.9 551 0.529198545354 0.507020175704 33
33 512 0.528799344105 0.50692133444 33
33.1 505 0.528405813639 0.50682324539 33
33.2 509 0.528017896161 0.506726200371 33
33.3 526 0.527635528142 0.506630469474 33
33.4 507 0.527258640845 0.506536294623 33
33.5 522 0.526887160979 0.506443884103 33
33.6 517 0.526521011318 0.506353408175 33
33.7 500 0.526160111354 0.506264995969 33
33.8 516 0.525804377984 0.506178733698 33
33.9 522 0.525453726187 0.506094664194 33
34 523 0.525108069696 0.50601278781 33
34.1 509 0.524767321662 0.505933064548 33
34.2 504 0.524431395291 0.505855417375 33
34.3 522 0.524100204464 0.505779736542 33
34.4 511 0.523773664308 0.505705884706 33
34.5 540 0.523451691758 0.505633702678 33
34.6 530 0.523134206034 0.505563015559 33
34.7 528 0.522821129113 0.505493639065 34
34.8 557 0.522512386146 0.505425385783 33
34.9 557 0.522207905782 0.505358071112 33
35 559 0.521907620507 0.505291518754 33
35.1 541 0.521611466852 0.505225565557 34
35.2 550 0.521319385636 0.505160065497 34
35.3 558 0.521031322076 0.505094892821 34
35.4 566 0.520747225875 0.505029944122 34
35.5 544 0.52046705127 0.504965139473 34
35.6 530 0.520190757009 0.504900422536 34
35.7 530 0.51991830628 0.50483575965 34
35.8 527 0.519649666597 0.504771138128 34
35.9 524 0.519384809652 0.504706563759 34
36 525 0.519123711086 0.504642057723 34
36.1 544 0.518866350248 0.504577653014 34
36.2 548 0.518612709927 0.504513390641 34
36.3 554 0.518362776025 0.504449315688 34
36.4 546 0.518116537195 0.504385473503 34
36.5 560 0.517873984495 0.504321906133 34
36.6 556 0.517635110951 0.504258649127 34
36.7 546 0.517399911186 0.504195728941 34
36.8 547 0.517168380951 0.504133160943 34
36.9 551 0.516940516727 0.504070948153 34
37 549 0.516716315265 0.504009080761 34
37.1 554 0.516495773151 0.503947536379 34
37.2 593 0.51627888641 0.503886281064 34
37.3 583 0.516065650058 0.503825270989 34
37.4 576 0.515856057737 0.503764454776 34
37.5 563 0.515650101348 0.50370377624 34
37.6 555 0.515447770711 0.503643177513 34
37.7 557 0.515249053265 0.503582602405 34
37.8 574 0.515053933823 0.503521999784 34
37.9 610 0.514862394332 0.503461326844 34
38 600 0.514674413731 0.503400552169 34
38.1 586 0.514489967778 0.503339658342 34
38.2 608 0.514309029028 0.50327864409 34
38.3 576 0.514131566784 0.503217525892 34
38.4 606 0.513957547115 0.503156338567 34
38.5 620 0.513786932954 0.503095135556 34
38.6 586 0.513619684202 0.503033988169 34
38.7 600 0.513455757905 0.502972984279 34
38.8 593 0.513295108483 0.502912226148 34
38.9 585 0.51313768794 0.502851827729 34
39 586 0.512983446181 0.502791911455 34
39.1 608 0.512832331307 0.50273260456 34
39.2 593 0.512684289896 0.502674035216 34
39.3 622 0.512539267505 0.502616328425 34
39.4 600 0.51239720889 0.502559602078 34
39.5 650 0.512258058409 0.502503963085 34
39.6 627 0.51212176042 0.502449503825 34
39.7 651 0.511988259597 0.502396299116 34
39.8 636 0.511857501289 0.50234440368 34
39.9 680 0.511729431891 0.502293850299 34
40 639 0.511603999112 0.502244648657 34
40.1 646 0.511481152252 0.502196784936 34
40.2 629 0.511360842468 0.50215022227 34
40.3 612 0.511243022995 0.502104901868 34
40.4 676 0.511127649336 0.50206074485 34
40.5 651 0.511014679387 0.502017654761 34
40.6 633 0.510904073567 0.50197552064 34
40.7 630 0.510795794884 0.501934220481 34
40.8 637 0.510689808952 0.501893625066 34
40.9 625 0.510586084021 0.50185360188 34
41 624 0.510484590917 0.501814019152 35
41.1 740 0.510385302965 0.501774749741 35
41.2 712 0.510288195913 0.50173567479 35
41.3 738 0.510193247771 0.501696687021 35
41.4 735 0.510100438678 0.50165769356 35
41.5 733 0.510009750716 0.501618618193 35
41.6 654 0.509921167713 0.501579403009 35
41.7 731 0.509834675007 0.501540009381 35
41.8 761 0.509750259285 0.501500418253 35
41.9 715 0.509667908284 0.501460629783 35
42 707 0.509587610559 0.501420662313 35
42.1 696 0.509509355275 0.501380550801 35
42.2 686 0.509433131925 0.501340344696 35
42.3 695 0.509358930103 0.501300105483 35
42.4 747 0.509286739271 0.501259903852 35
42.5 722 0.50921654852 0.50121981672 35
42.6 706 0.509148346356 0.501179924186 35
42.7 721 0.509082120482 0.501140306531 35
42.8 761 0.509017857604 0.501101041378 35
42.9 753 0.508955543257 0.501062201123 35
43 748 0.508895161647 0.501023850742 35
43.1 734 0.508836695495 0.500986045987 35
43.2 783 0.508780125918 0.500948832099 35
43.3 757 0.508725432318 0.500912243013 35
43.4 761 0.508672592304 0.500876301099 35
43.5 749 0.508621581639 0.50084101742 35
43.6 798 0.508572374196 0.500806392456 35
43.7 777 0.508524941934 0.500772417284 35
43.8 749 0.508479254952 0.500739075106 35
43.9 762 0.508435281478 0.500706343047 35
44 741 0.50839298798 0.50067419419 35
44.1 740 0.508352339215 0.500642599668 35
44.2 701 0.50831329835 0.500611530748 35
44.3 716 0.508275827107 0.50058096086 35
44.4 705 0.508239885922 0.500550867402 35
44.5 717 0.508205434099 0.500521233289 35
44.6 706 0.508172430026 0.500492048165 35
