time m <n0> <cd>  nActive
0.1 4 0.999900056266 0.00134960944125 8
0.2 4 0.999600898996 0.00538128732326 8
0.3 4 0.999104541418 0.0120438838551 8
0.4 4 0.998414310407 0.0212531482427 8
0.5 4 0.997534804261 0.0328932049162 8
0.6 4 0.996471834534 0.0468185767336 8
0.7 4 0.995232352966 0.0628567131615 8
0.8 4 0.993824364628 0.0808109702837 8
0.9 4 0.992256828884 0.100463981628 8
1 4 0.990539549609 0.121581349903 8
1.1 4 0.988683056668 0.143915583791 8
1.2 4 0.986698479972 0.167210202588 8
1.3 4 0.984597419118 0.191203921504 8
1.4 4 0.982391809734 0.215634839102 8
1.5 5 0.980093789015 0.240244543036 10
1.6 5 0.977715562002 0.264782056476 10
1.7 6 0.975269272195 0.289007548247 10
1.8 6 0.972766875176 0.312695744561 10
1.9 6 0.97022002032 0.335638977192 10
2 6 0.967639940165 0.357649819842 10
2.1 7 0.965037351365 0.378563270187 12
2.2 7 0.962422358804 0.398238451823 12
2.3 7 0.959804382595 0.416559807933 12
2.4 8 0.957192089977 0.4334377876 12
2.5 8 0.954593345334 0.448809022923 12
2.6 8 0.952015161974 0.462636016858 12
2.7 8 0.949463682602 0.474906355844 12
2.8 8 0.946944163537 0.485631491086 14
2.9 8 0.944460972828 0.494845126169 12
3 8 0.942017600194 0.502601261151 12
3.1 8 0.939616683857 0.508971943445 12
3.2 8 0.937260028681 0.51404480885 12
3.3 8 0.934948662324 0.517920418633 12
3.4 8 0.932682877241 0.520709532488 14
3.5 8 0.930462284176 0.522530316361 14
3.6 8 0.928285881899 0.523505572719 12
3.7 8 0.926152111317 0.523760080598 14
3.8 8 0.924058930001 0.523418019428 12
3.9 8 0.922003883267 0.522600604802 12
4 8 0.919984167875 0.521423951892 12
4.1 8 0.917996703092 0.519997183966 12
4.2 9 0.916038201935 0.518420824123 12
4.3 9 0.914105233462 0.516785500244 12
4.4 9 0.912194283846 0.515170960506 16
4.5 10 0.910301815391 0.513645405083 16
4.6 10 0.908424315928 0.512265134808 16
4.7 11 0.90655834729 0.511074492091 16
4.8 11 0.904700587656 0.510106088267 16
4.9 11 0.902847868 0.509381285165 16
5 11 0.900997202283 0.508910903692 16
5.1 12 0.899145812662 0.508696125363 16
5.2 12 0.897291149154 0.508729550104 16
5.3 13 0.895430904639 0.508996373771 16
5.4 13 0.893563024282 0.509475645921 16
5.5 13 0.891685711176 0.510141568738 16
5.6 13 0.889797427465 0.51096480137 16
5.7 13 0.887896892332 0.511913735908 16
5.8 12 0.885983076843 0.512955711265 16
5.9 12 0.884055196586 0.514058138823 16
6 12 0.882112700113 0.515189516934 16
6.1 12 0.880155259459 0.51632031412 16
6.2 12 0.878182753569 0.51742370694 16
6.3 12 0.876195258061 0.518476165107 16
6.4 12 0.874193028563 0.51945788076 16
6.5 12 0.872176486094 0.520353039394 16
6.6 12 0.87014620178 0.521149940581 16
6.7 12 0.86810288374 0.521840976541 18
6.8 12 0.86604735607 0.522422481379 18
6.9 12 0.863980550899 0.52289446704 20
7 12 0.861903491504 0.523260263559 20
7.1 12 0.859817279372 0.523526083245 20
7.2 12 0.857723081073 0.52370052846 16
7.3 13 0.855622114225 0.523794065241 16
7.4 13 0.853515637197 0.523818480569 16
7.5 13 0.851404933998 0.523786344001 16
7.6 14 0.849291305132 0.523710490292 16
7.7 14 0.847176056397 0.523603539507 16
7.8 15 0.845060486986 0.523477467712 18
7.9 15 0.842945878781 0.523343238124 20
8 16 0.840833487719 0.523210501136 20
8.1 16 0.838724529197 0.523087368583 20
8.2 17 0.836620173217 0.5229802635 20
8.3 17 0.834521531485 0.522893845609 20
8.4 17 0.832429650574 0.522831009245 20
8.5 18 0.830345502996 0.522792948763 20
8.6 18 0.828269978795 0.522779282604 20
8.7 19 0.826203878855 0.522788228719 20
8.8 19 0.82414790878 0.522816821723 20
8.9 19 0.822102674613 0.522861158952 20
9 19 0.820068673668 0.522916666548 20
9.1 20 0.81804629653 0.522978371423 20
9.2 22 0.81603582311 0.523041171225 20
9.3 23 0.814037421923 0.523100091389 20
9.4 22 0.812051150674 0.523150519604 20
9.5 21 0.810076958291 0.523188410968 20
9.6 21 0.808114687451 0.523210457914 20
9.7 21 0.806164079188 0.523214219503 20
9.8 21 0.804224779279 0.523198207963 20
9.9 21 0.802296344755 0.523161931723 20
10 21 0.800378252272 0.523105895066 20
10.1 21 0.798469906878 0.523031556547 20
10.2 22 0.796570653962 0.522941250693 20
10.3 22 0.794679784475 0.52283807509 20
10.4 22 0.792796551174 0.522725753086 20
10.5 22 0.790920179031 0.522608474902 20
10.6 23 0.789049877237 0.522490724731 22
10.7 23 0.787184849823 0.52237710097 20
10.8 23 0.785324308524 0.522272137613 20
10.9 23 0.783467483341 0.522180132264 22
11 23 0.781613633649 0.522104987267 22
11.1 24 0.779762058097 0.522050069082 22
11.2 24 0.777912104857 0.522018091025 22
11.3 25 0.776063177516 0.522011022797 22
11.4 25 0.774214746061 0.522030027751 22
11.5 25 0.772366348907 0.522075431204 22
11.6 25 0.770517600204 0.522146718181 20
11.7 25 0.768668194458 0.522242560758 20
11.8 25 0.766817907777 0.522360872762 22
11.9 25 0.764966600488 0.522498887731 22
12 26 0.763114215602 0.522653259091 22
12.1 26 0.761260779033 0.522820175523 22
12.2 26 0.759406398024 0.522995489249 22
12.3 27 0.757551256128 0.523174850814 22
12.4 27 0.75569561177 0.523353846281 22
12.5 28 0.753839791743 0.523528131349 22
12.6 28 0.751984185635 0.523693559569 22
12.7 28 0.750129240919 0.523846297864 22
12.8 29 0.748275456033 0.523982928581 22
12.9 29 0.746423372987 0.524100533939 22
13 29 0.744573571573 0.524196760214 24
13.1 29 0.742726660373 0.524269861789 24
13.2 29 0.740883270269 0.524318723416 22
13.3 30 0.739044046976 0.524342861868 24
13.4 31 0.737209643838 0.524342406131 24
13.5 31 0.735380713365 0.524318061665 24
13.6 31 0.733557902858 0.524271055101 24
13.7 31 0.731741847011 0.524203066252 24
13.8 32 0.729933160152 0.524116151343 24
13.9 33 0.728132432955 0.524012656152 24
14 33 0.726340225715 0.523895127043 24
14.1 33 0.724557066701 0.523766220066 24
14.2 33 0.722783440744 0.523628613543 24
14.3 33 0.72101979129 0.523484925455 24
14.4 34 0.719266516645 0.523337639195 24
14.5 35 0.717523966802 0.523189039377 24
14.6 36 0.715792438845 0.523041159797 24
14.7 36 0.714072177824 0.522895744185 24
14.8 38 0.712363375966 0.522754220476 24
14.9 37 0.710666169414 0.522617689531 24
15 38 0.708980641508 0.522486926359 24
15.1 38 0.707306820523 0.522362394259 24
15.2 37 0.705644680904 0.522244269177 24
15.3 37 0.703994146071 0.522132474417 24
15.4 38 0.702355090025 0.522026722137 24
15.5 39 0.700727339282 0.521926559769 24
15.6 40 0.699110676143 0.521831420551 24
15.7 41 0.697504841158 0.521740672484 24
15.8 41 0.695909537386 0.521653667993 24
15.9 42 0.694324434419 0.521569789369 24
16 44 0.692749173277 0.521488488111 24
16.1 41 0.691183369014 0.521409318722 24
16.2 41 0.689626617661 0.521331963432 24
16.3 41 0.688078500673 0.521256249731 24
16.4 41 0.686538589733 0.521182157409 24
16.5 41 0.685006452296 0.521109817736 24
16.6 42 0.683481657028 0.521039503099 24
16.7 44 0.681963778304 0.520971609665 26
16.8 43 0.680452402125 0.520906632485 24
16.9 45 0.678947130572 0.52084513516 24
17 45 0.677447586711 0.52078771592 26
17.1 45 0.675953419063 0.5207349702 26
17.2 45 0.674464304862 0.520687454339 26
17.3 45 0.672979954382 0.520645648022 26
17.4 44 0.67150011363 0.520609920417 26
17.5 45 0.670024567786 0.520580499987 26
17.6 46 0.668553142831 0.520557449669 26
17.7 46 0.667085708367 0.520540647931 28
17.8 46 0.6656221766 0.520529777016 26
17.9 48 0.664162504583 0.520524319228 28
18 48 0.662706693338 0.520523559725 28
18.1 48 0.661254787741 0.520526598277 28
18.2 49 0.659806875539 0.520532367269 28
18.3 50 0.658363084535 0.520539656535 28
18.4 49 0.656923581542 0.520547143471 28
18.5 48 0.655488569647 0.520553427955 28
18.6 49 0.654058285933 0.520557070118 28
18.7 49 0.652632996088 0.520556630156 28
18.8 50 0.651212992597 0.52055070859 28
18.9 50 0.649798590642 0.520537985041 28
19 51 0.648390123524 0.520517255319 28
19.1 49 0.646987938183 0.52048746435 28
19.2 49 0.645592391679 0.520447734898 28
19.3 50 0.644203847088 0.520397390176 28
19.4 52 0.642822669327 0.520335970766 28
19.5 54 0.641449219805 0.520263244505 28
19.6 54 0.640083853541 0.52017920919 28
19.7 55 0.63872691597 0.520084089039 28
19.8 54 0.637378738677 0.519978323841 28
19.9 56 0.636039635284 0.519862553575 28
20 55 0.634709900051 0.519737595278 28
20.1 55 0.63338980367 0.519604417527 28
20.2 57 0.632079591747 0.519464110306 28
20.3 58 0.630779482898 0.519317852947 28
20.4 57 0.629489667817 0.519166880451 28
20.5 58 0.628210305418 0.519012449915 28
20.6 59 0.626941523044 0.518855808776 28
20.7 61 0.625683416649 0.518698163452 28
20.8 59 0.624436050705 0.518540651685 28
20.9 59 0.623199457064 0.518384319095 28
21 59 0.621973636439 0.518230099461 28
21.1 59 0.620758559233 0.518078800027 28
21.2 61 0.619554164745 0.517931091726 28
21.3 60 0.618360363955 0.517787504535 28
21.4 61 0.617177040901 0.517648427764 28
21.5 62 0.616004054039 0.51751411462 28
21.6 64 0.614841238561 0.517384691266 28
21.7 65 0.613688408488 0.517260169436 28
21.8 63 0.612545358712 0.517140461783 28
21.9 63 0.611411867975 0.517025399137 28
22 64 0.610287700513 0.516914749077 28
22.1 66 0.60917260951 0.516808234944 28
22.2 65 0.608066339871 0.516705554419 28
22.3 65 0.606968630476 0.516606396723 28
22.4 64 0.605879217071 0.516510458578 28
22.5 65 0.604797835376 0.516417457251 28
22.6 66 0.603724223517 0.516327140961 28
22.7 68 0.602658124953 0.51623929622 28
22.8 67 0.601599290634 0.516153752015 30
22.9 67 0.60054748166 0.516070380362 30
23 67 0.599502471762 0.515989094395 30
23.1 65 0.598464049013 0.515909842914 30
23.2 66 0.597432018477 0.515832603067 30
23.3 67 0.596406203308 0.515757370727 30
23.4 67 0.595386446447 0.51568414957 30
23.5 67 0.594372611895 0.515612939149 30
23.6 68 0.593364586242 0.515543722983 30
23.7 68 0.592362278303 0.515476456949 30
23.8 70 0.59136562054 0.515411058578 30
23.9 70 0.590374568946 0.515347398216 30
24 69 0.589389102461 0.515285292126 30
24.1 72 0.588409223589 0.515224497731 30
24.2 71 0.587434956867 0.515164711685 30
24.3 71 0.586466348666 0.515105570948 32
24.4 73 0.585503465463 0.515046656399 30
24.5 71 0.584546393536 0.514987499009 32
24.6 74 0.583595234953 0.514927589296 32
24.7 75 0.582650108942 0.514866388194 32
24.8 75 0.581711147258 0.514803340458 32
24.9 74 0.580778493884 0.514737888689 32
25 77 0.579852302385 0.514669488892 32
25.1 75 0.578932734569 0.514597625871 32
25.2 75 0.57801995548 0.514521828703 32
25.3 75 0.57711413327 0.51444168484 32
25.4 77 0.576215437265 0.514356853113 32
25.5 77 0.575324034411 0.514267074918 32
25.6 78 0.574440088685 0.514172182681 32
25.7 78 0.573563757261 0.514072107096 32
25.8 79 0.572695189844 0.513966879492 32
25.9 80 0.571834526618 0.513856632702 32
26 81 0.570981896405 0.513741598528 32
26.1 81 0.570137415497 0.513622102357 32
26.2 82 0.569301186778 0.513498555114 32
26.3 84 0.56847329807 0.51337144296 32
26.4 83 0.567653820672 0.513241314398 32
26.5 84 0.566842810434 0.513108766621 32
26.6 87 0.566040305964 0.51297443015 32
26.7 84 0.565246329089 0.512838953102 32
26.8 86 0.564460884825 0.512702984958 32
26.9 84 0.563683960945 0.512567161351 32
27 85 0.562915528962 0.512432089488 32
27.1 85 0.562155544525 0.512298334666 32
27.2 86 0.561403947718 0.512166408981 32
27.3 88 0.560660664284 0.512036761641 32
27.4 87 0.559925606596 0.511909771822 32
27.5 87 0.559198674251 0.511785743855 32
27.6 89 0.558479755679 0.511664904986 32
27.7 89 0.557768729321 0.51154740526 32
27.8 90 0.557065464848 0.511433320312 32
27.9 92 0.55636982425 0.511322655358 32
28 91 0.555681663406 0.511215352032 32
28.1 91 0.555000833845 0.511111296066 32
28.2 92 0.554327183694 0.511010326415 32
28.3 93 0.553660559156 0.510912245112 32
28.4 93 0.553000806618 0.510816827442 32
28.5 94 0.55234777232 0.510723832315 34
28.6 93 0.55170130528 0.510633011692 34
28.7 92 0.551061257704 0.510544119766 34
28.8 93 0.550427486635 0.510456920887 34
28.9 94 0.549799854834 0.510371195895 34
29 96 0.549178231692 0.510286747379 34
29.1 96 0.548562494128 0.510203403244 34
29.2 96 0.547952528231 0.510121018501 34
29.3 95 0.54734822871 0.510039475485 34
29.4 97 0.546749500253 0.509958682491 34
29.5 98 0.546156257917 0.509878571154 34
29.6 98 0.545568427176 0.509799092414 34
29.7 97 0.544985944604 0.50972021198 34
29.8 97 0.544408757793 0.509641904837 34
29.9 98 0.543836825259 0.509564149728 34
30 97 0.543270116333 0.509486923207 34
30.1 97 0.542708611056 0.509410194297 34
30.2 97 0.542152299377 0.509333919729 34
30.3 96 0.541601181105 0.50925803969 34
30.4 95 0.541055265264 0.50918247488 34
30.5 97 0.540514569053 0.509107124843 34
30.6 97 0.539979117204 0.509031867009 34
30.7 96 0.539448941288 0.508956557642 34
30.8 99 0.538924078677 0.508881033911 34
30.9 101 0.538404571387 0.508805117228 34
31 100 0.537890465652 0.508728617463 34
31.1 101 0.53738180966 0.508651338423 34
31.2 102 0.536878653675 0.508573083971 34
31.3 103 0.536381048101 0.508493664526 34
31.4 99 0.535889043552 0.508412903745 34
31.5 103 0.535402688325 0.508330645319 34
31.6 104 0.534922028555 0.508246759178 34
31.7 105 0.534447107976 0.508161147618 34
31.8 103 0.533977963545 0.508073749861 34
31.9 105 0.533514630262 0.507984545967 34
32 104 0.533057135065 0.507893559515 34
32.1 107 0.532605499599 0.507800858747 34
32.2 108 0.532159738239 0.507706556594 34
32.3 108 0.53171985812 0.507610809019 34
32.4 107 0.531285859151 0.507513812079 34
32.5 108 0.530857733093 0.507415797835 34
32.6 109 0.530435464412 0.507317028407 34
32.7 108 0.530019030111 0.507217790062 34
32.8 108 0.529608398712 0.507118385817 34
32.9 111 0.529203531912 0.507019127617 34
33 109 0.528804384234 0.506920328534 34
33.1 109 0.528410903364 0.50682229473 34
33.2 109 0.528023030985 0.506725317726 34
33.3 109 0.527640702999 0.506629666978 34
33.4 111 0.527263850212 0.506535583689 34
33.5 111 0.526892398653 0.506443275696 34
33.6 111 0.526526270407 0.506352912075 34
33.7 113 0.526165384995 0.506264620997 34
33.8 112 0.525809658861 0.506178487661 34
33.9 113 0.525459006689 0.506094553686 34
34 113 0.525113342217 0.506012818126 34
34.1 114 0.524772578557 0.505933239454 34
34.2 114 0.524436628891 0.505855739379 34
34.3 115 0.524105407092 0.505780206712 34
34.4 114 0.523778827795 0.505706502911 34
34.5 113 0.523456808925 0.505634467075 34
34.6 113 0.523139269798 0.505563922878 36
34.7 115 0.52282613274 0.505494684462 36
34.8 117 0.522517322776 0.505426562822 36
34.9 120 0.522212770565 0.505359372405 36
35 118 0.521912409068 0.505292935565 36
35.1 119 0.521616174075 0.505227087898 36
35.2 120 0.521324007225 0.505161682422 38
35.3 118 0.521035854148 0.505096592411 38
35.4 119 0.520751665464 0.505031713673 38
35.5 120 0.520471396061 0.50496696562 38
35.6 121 0.520195005372 0.504902291355 38
35.7 120 0.519922457226 0.504837656862 38
35.8 121 0.519653720077 0.504773049146 38
35.9 121 0.519388766298 0.504708473917 38
36 120 0.519127572386 0.504643952423 38
36.1 120 0.518870117918 0.504579517893 38
36.2 120 0.518616386717 0.504515211741 38
36.3 118 0.518366365512 0.504451079439 38
36.4 119 0.518120043379 0.504387166993 38
36.5 121 0.517877412035 0.504323517273 38
36.6 120 0.517638464773 0.504260166727 38
36.7 120 0.517403197013 0.504197142796 38
36.8 122 0.517171604685 0.504134461974 38
36.9 124 0.516943684857 0.504072128316 38
37 125 0.516719434574 0.504010133245 38
37.1 125 0.516498850501 0.503948455665 38
37.2 125 0.516281929029 0.503887062889 38
37.3 125 0.516068664934 0.503825912575 38
37.4 125 0.51585905206 0.50376495451 38
37.5 124 0.515653082468 0.503704133872 38
37.6 128 0.515450745762 0.503643394095 38
37.7 124 0.515252029518 0.503582680258 38
37.8 126 0.515056917928 0.503521942435 38
37.9 127 0.514865392969 0.503461139035 38
38 128 0.514677433088 0.503400239741 38
38.1 127 0.514493013928 0.503339228243 38
38.2 127 0.514312107392 0.503278104068 38
38.3 127 0.514134682482 0.503216884443 38
38.4 126 0.513960704656 0.503155605039 38
38.5 126 0.513790136447 0.503094319891 38
38.6 128 0.513622937097 0.503033100886 38
38.7 126 0.513459063211 0.502972036246 38
38.8 126 0.513298468261 0.502911228619 38
38.9 129 0.513141104239 0.502850791925 38
39 129 0.512986920142 0.502790848818 38
39.1 128 0.51283586351 0.502731526452 38
39.2 129 0.512687880339 0.502672952785 38
39.3 127 0.512542915676 0.502615252525 38
39.4 128 0.51240091379 0.502558543169 38
39.5 128 0.512261818393 0.502502931088 38
39.6 130 0.51212557335 0.502448508116 38
39.7 130 0.511992123023 0.502395348361 38
39.8 131 0.5118614123 0.502343505754 38
39.9 132 0.511733387319 0.502293012294 38
40 133 0.511607995531 0.502243876678 38
40.1 135 0.511485186049 0.502196084172 38
40.2 133 0.51136490982 0.502149596877 38
40.3 134 0.511247119991 0.502104354897 38
40.4 133 0.511131771914 0.502060278311 38
40.5 133 0.51101882347 0.50201726958 38
40.6 134 0.510908235245 0.501975216686 38
40.7 135 0.510799970036 0.501933996623 38
40.8 133 0.510693993964 0.501893479071 38
40.9 134 0.51059027531 0.501853530539 38
41 133 0.510488785086 0.501814018339 38
41.1 136 0.51038949703 0.501774814463 38
41.2 136 0.510292387021 0.501735799287 38
41.3 137 0.510197433684 0.501696864806 38
41.4 137 0.51010461718 0.501657917601 38
41.5 138 0.510013920259 0.501618880881 38
41.6 140 0.50992532707 0.501579696305 38
41.7 139 0.509838823296 0.50154032504 38
41.8 140 0.509754395979 0.501500747858 38
41.9 139 0.509672033251 0.501460964905 38
42 139 0.509591724085 0.501420994581 38
42.1 140 0.509513458008 0.50138087198 38
42.2 138 0.509437224678 0.501340646915 38
42.3 141 0.509363014144 0.501300381289 38
42.4 141 0.509290816058 0.501260146319 38
42.5 139 0.50922061999 0.501220019555 38
42.6 141 0.509152414384 0.501180081809 38
42.7 138 0.509086187193 0.501140414157 38
42.8 141 0.509021925289 0.501101095065 38
42.9 141 0.508959614585 0.501062197853 38
43 143 0.508899238867 0.501023788428 38
43.1 145 0.508840780969 0.500985923558 38
43.2 142 0.508784221995 0.500948649435 38
43.3 143 0.508729541339 0.500912000981 38
43.4 144 0.508676716499 0.500876001566 38
43.5 142 0.50862572306 0.500840663205 38
43.6 141 0.508576534686 0.500805987272 38
43.7 141 0.508529123529 0.500771965699 38
43.8 144 0.508483459217 0.500738582531 38
43.9 144 0.508439509659 0.500705815566 38
44 145 0.508397240441 0.500673638459 38
44.1 145 0.508356616413 0.500642022981 38
44.2 146 0.508317600296 0.500610940852 38
44.3 145 0.508280153442 0.50058036588 38
44.4 147 0.50824423601 0.500550275713 38
44.5 146 0.508209806888 0.500520653438 38
44.6 147 0.508176823901 0.500491488758 38
44.7 146 0.508145244549 0.500462778698 38
44.8 147 0.508115025722 0.500434528278 38
44.9 148 0.508086123859 0.50040675022 38
45 149 0.508058495422 0.500379464674 38
45.1 146 0.508032097301 0.500352698198 38
45.2 147 0.508006886934 0.50032648252 38
45.3 148 0.507982822247 0.50030085316 38
45.4 148 0.507959862311 0.500275847297 38
45.5 147 0.507937967567 0.500251501985 38
45.6 150 0.507917099623 0.500227852091 38
45.7 153 0.507897222048 0.50020492811 38
45.8 151 0.50787830002 0.500182754312 38
45.9 150 0.507860300827 0.500161346867 38
46 151 0.50784319379 0.500140712383 38
46.1 150 0.507826950486 0.500120846671 38
46.2 149 0.507811544587 0.500101734028 38
46.3 150 0.50779695236 0.500083346853 38
46.4 153 0.507783152426 0.500065645585 38
46.5 152 0.507770126033 0.500048579275 38
46.6 152 0.507757856263 0.500032086663 38
46.7 152 0.507746328633 0.500016097511 38
46.8 149 0.507735530582 0.500000534236 38
46.9 151 0.507725451986 0.499985314198 38
47 152 0.507716084505 0.499970351702 38
47.1 152 0.507707421494 0.499955560553 38
47.2 153 0.507699457654 0.499940856608 38
47.3 154 0.507692189166 0.499926160221 38
47.4 150 0.507685613607 0.499911398617 38
47.5 153 0.507679728618 0.499896507976 38
47.6 152 0.507674532642 0.499881435413 38
47.7 151 0.507670024749 0.499866140521 38
47.8 152 0.507666204083 0.499850596455 38
47.9 153 0.507663069926 0.49983479073 38
48 152 0.507660621062 0.499818725443 38
48.1 153 0.507658855729 0.499802417069 38
48.2 152 0.507657771445 0.499785895885 38
48.3 150 0.507657364879 0.499769204899 38
48.4 152 0.507657631848 0.499752398189 38
48.5 152 0.507658566728 0.499735539369 38
48.6 155 0.50766016264 0.499718699414 38
48.7 156 0.507662411215 0.499701954621 38
48.8 155 0.507665302501 0.499685384095 38
48.9 155 0.507668825024 0.499669067385 38
49 154 0.507672965761 0.499653082327 38
49.1 156 0.507677709845 0.499637502901 38
49.2 158 0.507683041031 0.499622397035 38
49.3 158 0.507688941194 0.499607825176 38
49.4 157 0.507695390348 0.499593839066 38
49.5 157 0.507702367471 0.49958048036 38
49.6 159 0.507709849548 0.499567780413 38
49.7 162 0.507717812667 0.499555759642 38
49.8 160 0.507726231313 0.499544427977 38
49.9 161 0.507735079004 0.499533785226 38
50 162 0.507744328104 0.499523822061 38
50.1 161 0.507753950258 0.499514521034 38
50.2 159 0.507763916414 0.499505857785 38
50.3 159 0.507774196505 0.499497802817 38
50.4 161 0.507784760528 0.499490322799 38
50.5 162 0.507795578148 0.499483382413 38
50.6 163 0.507806618921 0.499476945691 38
50.7 160 0.50781785248 0.499470977834 38
50.8 162 0.507829249051 0.499465445991 38
50.9 162 0.507840779263 0.499460320797 38
51 162 0.507852414353 0.499455577054 38
51.1 164 0.50786412661 0.499451194203 38
51.2 164 0.507875889098 0.499447156772 38
51.3 164 0.507887675884 0.499443454174 38
51.4 164 0.507899462958 0.499440080455 38
51.5 161 0.50791122725 0.499437033598 38
51.6 166 0.507922947465 0.499434315 38
51.7 163 0.507934603892 0.499431928164 38
51.8 164 0.507946178319 0.499429877943 38
51.9 167 0.507957654814 0.499428168996 38
52 165 0.507969018947 0.499426804731 38
52.1 165 0.507980258284 0.499425786193 38
52.2 165 0.507991362235 0.499425110981 38
52.3 166 0.508002321891 0.499424772264 38
52.4 165 0.508013130492 0.499424758085 38
52.5 167 0.508023782774 0.499425050957 38
52.6 166 0.508034275038 0.499425627566 38
52.7 167 0.508044605463 0.499426458844 38
52.8 173 0.508054773262 0.499427510347 38
52.9 171 0.508064779268 0.499428742774 38
53 169 0.508074625516 0.499430112929 38
53.1 176 0.50808431473 0.49943157477 38
53.2 173 0.508093851153 0.499433080598 38
53.3 169 0.508103238931 0.499434582585 38
53.4 172 0.508112483259 0.499436034177 38
53.5 171 0.508121589214 0.499437391677 38
53.6 174 0.508130561971 0.499438615707 38
53.7 174 0.508139406793 0.49943967247 38
53.8 178 0.508148128515 0.499440535321 38
53.9 182 0.508156731747 0.499441185411 38
54 183 0.508165220602 0.499441612745 38
54.1 174 0.50817359808 0.499441816707 38
54.2 174 0.508181866523 0.499441806174 38
54.3 174 0.50819002736 0.499441599626 38
54.4 175 0.508198081107 0.499441224674 38
54.5 179 0.508206026998 0.499440717444 38
54.6 176 0.508213862372 0.499440121594 38
54.7 176 0.508221584286 0.499439487123 38
54.8 179 0.508229188243 0.499438869022 38
54.9 177 0.508236668308 0.499438325633 38
55 177 0.508244017217 0.499437917223 38
55.1 177 0.508251226665 0.499437703887 38
55.2 179 0.508258286999 0.499437744276 38
55.3 179 0.508265187382 0.499438093826 38
55.4 178 0.508271915934 0.499438803168 38
55.5 178 0.508278459978 0.499439916874 38
55.6 177 0.508284805705 0.499441472473 38
55.7 179 0.508290938709 0.499443499436 38
55.8 175 0.508296843739 0.499446018699 38
55.9 176 0.508302505266 0.499449042205 38
56 178 0.508307907117 0.499452573063 38
56.1 180 0.508313033028 0.499456605751 38
56.2 179 0.508317866569 0.499461126582 38
56.3 183 0.508322391279 0.499466114594 38
56.4 185 0.508326590877 0.499471542418 38
56.5 186 0.508330449241 0.499477377477 38
56.6 179 0.508333950563 0.499483583254 38
56.7 189 0.508337079787 0.499490120551 38
56.8 183 0.508339822452 0.499496948848 38
56.9 185 0.508342164571 0.499504027584 38
57 190 0.508344093422 0.499511317392 38
57.1 187 0.508345596538 0.499518781191 38
57.2 181 0.508346662852 0.499526385045 38
57.3 182 0.50834728235 0.499534099005 38
57.4 183 0.508347445748 0.499541897424 38
57.5 189 0.50834714547 0.49954975953 38
57.6 184 0.508346374969 0.499557669394 38
57.7 185 0.508345128932 0.499565615689 38
57.8 183 0.508343403269 0.499573591562 38
57.9 186 0.508341195021 0.499581593847 38
58 188 0.508338502623 0.499589622619 38
58.1 188 0.50833532525 0.499597680248 38
58.2 184 0.508331663948 0.499605770755 38
58.3 186 0.508327520689 0.499613898839 38
58.4 182 0.508322898065 0.499622069023 38
58.5 189 0.508317799918 0.499630284648 38
58.6 184 0.508312230876 0.499638547465 38
58.7 185 0.508306196611 0.499646856818 38
58.8 186 0.508299703223 0.499655209272 38
58.9 188 0.50829275744 0.49966359838 38
59 192 0.508285366481 0.499672014543 38
59.1 187 0.508277538088 0.499680445121 38
59.2 191 0.508269280484 0.499688874838 38
59.3 194 0.508260600954 0.499697286017 38
59.4 191 0.50825150759 0.499705659345 38
59.5 194 0.508242008186 0.499713974695 38
59.6 191 0.508232110174 0.499722211731 38
59.7 193 0.508221820665 0.499730350943 38
59.8 193 0.508211146088 0.499738374567 38
59.9 186 0.508200092667 0.499746267358 38
60 194 0.508188665683 0.499754017697 38
60.1 196 0.508176869909 0.499761618049 38
60.2 190 0.508164709197 0.499769065677 38
60.3 193 0.508152186643 0.499776363147 38
60.4 203 0.508139304355 0.499783518349 38
60.5 200 0.508126063413 0.499790544928 38
60.6 202 0.508112464199 0.499797461867 38
60.7 200 0.508098505792 0.499804293254 38
60.8 195 0.50808418669 0.49981106777 38
60.9 190 0.508069504438 0.499817817899 38
61 191 0.508054456643 0.499824579199 38
61.1 193 0.50803903823 0.499831389093 38
61.2 193 0.508023244078 0.499838285948 38
61.3 189 0.508007069243 0.49984530792 38
61.4 195 0.507990507775 0.49985249171 38
61.5 185 0.507973553087 0.499859871538 38
61.6 185 0.507956198475 0.499867477985 38
61.7 195 0.507938436752 0.499875337168 38
61.8 191 0.507920260816 0.499883469791 38
61.9 193 0.507901663375 0.499891890602 38
62 193 0.507882637403 0.499900607853 38
62.1 186 0.507863175963 0.499909623105 38
62.2 192 0.507843272286 0.49991893114 38
62.3 191 0.507822920053 0.499928520192 38
62.4 190 0.50780211354 0.499938372178 38
62.5 191 0.507780847519 0.499948463453 38
62.6 192 0.507759117244 0.499958765436 38
62.7 197 0.507736918498 0.499969245519 38
62.8 195 0.507714248147 0.499979868082 38
62.9 196 0.507691103777 0.499990595316 38
63 194 0.507667483713 0.500001388613 38
63.1 200 0.507643387322 0.500012209499 38
63.2 200 0.507618814846 0.500023020602 38
63.3 201 0.50759376741 0.500033786801 38
63.4 192 0.507568246828 0.500044475968 38
63.5 191 0.507542255886 0.500055059664 38
63.6 191 0.507515798334 0.500065513821 38
63.7 191 0.507488878731 0.500075819027 38
63.8 195 0.507461502227 0.500085960733 38
63.9 196 0.507433675014 0.500095929337 38
64 195 0.50740540379 0.500105720035 38
64.1 192 0.507376696034 0.500115332519 38
64.2 200 0.507347559744 0.500124770524 38
64.3 198 0.50731800342 0.500134041203 38
64.4 201 0.507288035945 0.50014315458 38
64.5 197 0.507257666462 0.500152122729 38
64.6 204 0.507226904847 0.50016095904 38
64.7 201 0.507195760814 0.500169677454 38
64.8 195 0.507164244248 0.500178291813 38
64.9 201 0.507132365024 0.500186815143 38
65 191 0.507100132846 0.500195259078 38
65.1 198 0.50706755755 0.500203633435 38
65.2 198 0.507034648647 0.500211945997 38
65.3 194 0.507001415356 0.500220202036 38
65.4 202 0.506967866371 0.500228404551 38
65.5 201 0.506934009953 0.500236554177 38
65.6 205 0.506899854124 0.500244649462 38
65.7 203 0.506865406018 0.500252687208 38
65.8 207 0.50683067222 0.500260662877 38
65.9 199 0.50679565859 0.500268571237 38
66 205 0.506760370325 0.500276406716 38
66.1 206 0.506724811864 0.500284164145 38
66.2 204 0.506688986887 0.500291839358 38
66.3 199 0.506652898112 0.500299429556 38
66.4 204 0.506616548308 0.500306933933 38
66.5 203 0.506579938244 0.50031435416 38
66.6 206 0.50654306853 0.50032169444 38
66.7 202 0.506505939165 0.50032896199 38
66.8 205 0.50646854937 0.500336166843 38
66.9 212 0.506430897815 0.500343321898 38
67 204 0.506392982586 0.500350442562 38
67.1 207 0.506354801424 0.500357546489 38
67.2 201 0.506316351622 0.500364653095 38
67.3 207 0.506277630078 0.500371782894 38
67.4 213 0.506238633509 0.500378956882 38
67.5 211 0.506199358483 0.50038619589 38
67.6 210 0.50615980155 0.500393519719 38
67.7 206 0.506119959388 0.500400946419 38
67.8 204 0.506079828777 0.500408491686 38
67.9 212 0.506039406623 0.500416168012 38
68 215 0.505998690126 0.500423984103 38
68.1 211 0.505957677083 0.500431944592 38
68.2 209 0.50591636561 0.500440049577 38
68.3 205 0.505874754493 0.500448294422 38
68.4 201 0.505832842977 0.500456669697 38
68.5 201 0.505790631013 0.500465161304 38
68.6 210 0.505748119327 0.50047375071 38
68.7 207 0.505705309355 0.500482415318 38
68.8 208 0.505662203339 0.500491129075 38
68.9 205 0.505618804237 0.500499863043 38
69 206 0.505575115803 0.500508586129 38
69.1 208 0.505531142765 0.500517265996 38
69.2 208 0.505486890389 0.500525869801 38
69.3 207 0.505442365061 0.500534365127 38
69.4 208 0.505397573216 0.500542720843 38
69.5 201 0.505352522674 0.500550907721 38
69.6 202 0.505307221716 0.500558899402 38
69.7 200 0.505261679121 0.500566672848 38
69.8 210 0.505215904443 0.500574209004 38
69.9 205 0.505169907444 0.50058149306 38
70 204 0.50512369839 0.500588514657 38
70.1 204 0.505077287868 0.500595268135 38
70.2 200 0.505030686823 0.50060175234 38
70.3 201 0.504983906336 0.500607970544 38
70.4 201 0.504936957704 0.500613930075 38
70.5 202 0.504889852252 0.500619641877 38
70.6 205 0.504842601185 0.50062512 38
70.7 203 0.504795215688 0.500630380962 38
70.8 208 0.504747706553 0.500635443156 38
70.9 210 0.50470008459 0.500640326107 38
71 207 0.50465236007 0.500645049898 38
71.1 206 0.504604543192 0.500649634415 38
71.2 202 0.504556643388 0.500654098882 38
71.3 206 0.504508669748 0.500658461212 38
71.4 205 0.504460630747 0.500662737755 38
71.5 205 0.504412534283 0.500666942791 38
71.6 199 0.504364387624 0.500671088386 38
71.7 205 0.504316197297 0.500675184332 38
71.8 211 0.504267969232 0.500679238065 38
71.9 213 0.504219708426 0.500683254866 38
72 212 0.504171419395 0.500687237985 38
72.1 208 0.504123105739 0.500691188994 38
72.2 206 0.504074770537 0.500695108116 38
72.3 207 0.504026415987 0.500698994648 38
72.4 208 0.503978043436 0.500702847458 38
72.5 209 0.503929653833 0.500706665266 38
72.6 199 0.503881247394 0.500710447166 38
72.7 202 0.503832823748 0.500714192977 38
72.8 207 0.503784382111 0.500717903524 38
72.9 198 0.503735921026 0.500721580999 38
73 202 0.503687438643 0.500725228938 38
73.1 203 0.503638932832 0.500728852489 38
73.2 205 0.503590401475 0.500732458206 38
73.3 211 0.503541841536 0.500736053999 38
73.4 202 0.503493250214 0.50073964897 38
73.5 203 0.503444624727 0.50074325301 38
73.6 203 0.503395962489 0.500746876417 38
73.7 202 0.503347260523 0.500750529508 38
73.8 202 0.503298516298 0.500754222091 38
73.9 210 0.503249727688 0.500757963107 38
74 205 0.503200892835 0.50076175989 38
74.1 206 0.503152010022 0.500765617875 38
74.2 207 0.503103078232 0.500769540166 38
74.3 204 0.503054097067 0.500773527076 38
74.4 200 0.503005066551 0.500777575986 38
74.5 202 0.502955987427 0.500781681009 38
74.6 200 0.502906860915 0.500785833074 38
74.7 205 0.502857689157 0.500790019637 38
74.8 202 0.502808474518 0.500794225276 38
74.9 204 0.502759220469 0.500798431551 38
75 204 0.502709931239 0.500802617582 38
75.1 206 0.502660611626 0.500806760405 38
75.2 209 0.502611267206 0.500810835691 38
75.3 209 0.502561904028 0.500814818017 38
75.4 207 0.502512529063 0.500818681563 38
75.5 205 0.502463149707 0.500822401101 38
75.6 206 0.502413773853 0.500825952344 38
75.7 206 0.502364409916 0.500829312634 38
75.8 207 0.502315066969 0.500832461541 38
75.9 207 0.50226575405 0.500835381484 38
76 201 0.502216480805 0.500838058008 38
76.1 197 0.502167256952 0.500840480333 38
76.2 197 0.502118092613 0.500842641208 38
76.3 198 0.50206899798 0.500844537313 38
76.4 201 0.502019982923 0.500846169607 38
76.5 201 0.501971057706 0.500847542385 38
76.6 204 0.501922232285 0.500848663896 38
76.7 203 0.501873516436 0.500849545581 38
76.8 205 0.501824919649 0.500850201783 38
76.9 205 0.501776451292 0.500850649203 38
77 210 0.50172812025 0.500850906437 38
77.1 204 0.501679934955 0.500850993361 38
77.2 205 0.501631903302 0.500850930623 38
77.3 202 0.501584032966 0.500850739039 38
77.4 209 0.501536330917 0.500850439076 38
77.5 197 0.501488803627 0.500850050283 38
77.6 201 0.501441456884 0.500849590947 38
77.7 207 0.501394295849 0.500849077581 38
77.8 206 0.501347325015 0.500848524891 38
77.9 211 0.501300548503 0.500847945269 38
78 207 0.501253969417 0.500847349085 38
78.1 199 0.501207590327 0.500846744428 38
78.2 202 0.501161413376 0.500846137147 38
78.3 199 0.501115439825 0.500845531129 38
78.4 208 0.501069670433 0.500844928603 38
78.5 207 0.501024105412 0.500844330353 38
78.6 199 0.500978744443 0.500843735882 38
78.7 205 0.500933586468 0.500843144112 38
78.8 196 0.500888630329 0.500842553422 38
78.9 200 0.500843874074 0.500841962232 38
79 200 0.500799315563 0.500841369104 38
79.1 205 0.500754952309 0.500840773198 38
79.2 205 0.500710781499 0.500840174432 38
79.3 204 0.500666800181 0.500839573593 38
79.4 205 0.500623005212 0.500838972458 38
79.5 202 0.500579393269 0.500838373773 38
79.6 202 0.500535961155 0.500837781271 38
79.7 198 0.500492705687 0.500837199445 38
79.8 197 0.500449623469 0.500836633314 38
79.9 196 0.500406711652 0.500836088267 38
80 199 0.500363967274 0.50083556962 38
80.1 198 0.500321387895 0.500835082483 38
80.2 199 0.500278971324 0.500834631116 38
80.3 205 0.500236715703 0.500834218842 38
80.4 198 0.500194619562 0.500833847546 38
80.5 201 0.500152681941 0.500833517516 38
80.6 200 0.500110902325 0.500833227007 38
80.7 213 0.50006928051 0.500832972192 38
80.8 205 0.50002781694 0.500832746987 38
80.9 203 0.499986512816 0.500832542999 38
81 202 0.499945369649 0.500832349622 38
81.1 203 0.499904389591 0.500832154133 38
81.2 202 0.499863575171 0.500831941832 38
81.3 205 0.499822929413 0.50083169647 38
81.4 203 0.499782456033 0.500831400419 38
81.5 207 0.499742159096 0.50083103523 38
81.6 206 0.499702043269 0.500830582088 38
81.7 208 0.499662113339 0.500830022214 38
81.8 205 0.49962237468 0.500829337399 38
81.9 207 0.499582832994 0.500828510528 38
82 209 0.499543494104 0.500827526001 38
82.1 208 0.49950436417 0.500826370267 38
82.2 205 0.499465449523 0.50082503204 38
82.3 206 0.499426756623 0.500823502744 38
82.4 205 0.499388291789 0.500821776696 38
82.5 205 0.499350061701 0.500819851321 38
82.6 206 0.499312072576 0.500817727176 38
82.7 205 0.499274330871 0.500815407878 38
82.8 206 0.499236842678 0.500812900113 38
82.9 211 0.499199614006 0.500810213282 38
83 207 0.499162650521 0.500807359258 38
83.1 206 0.499125957761 0.500804352233 38
83.2 204 0.499089540822 0.500801208085 38
83.3 201 0.499053404527 0.500797944019 38
83.4 204 0.499017553191 0.500794578227 38
83.5 204 0.498981990844 0.500791129264 38
83.6 203 0.498946721023 0.500787615666 38
83.7 202 0.498911746735 0.500784055574 38
83.8 202 0.498877070764 0.500780466267 38
83.9 203 0.498842695163 0.500776863776 38
84 212 0.498808621496 0.500773262815 38
84.1 206 0.498774850926 0.500769676381 38
84.2 197 0.498741384206 0.500766115647 38
84.3 198 0.49870822143 0.500762589952 38
84.4 208 0.4986753622 0.500759106766 38
84.5 204 0.498642805771 0.500755671786 38
84.6 205 0.498610550859 0.500752289131 38
84.7 201 0.498578595624 0.500748961309 38
84.8 200 0.498546937972 0.500745689752 38
84.9 194 0.498515575479 0.500742474873 38
85 206 0.498484505111 0.500739316394 38
85.1 205 0.498453723693 0.500736213636 38
85.2 205 0.498423227583 0.500733165685 38
85.3 206 0.498393013114 0.500730171691 38
85.4 204 0.498363076136 0.500727231139 38
85.5 205 0.498333412349 0.500724343797 38
85.6 203 0.498304017383 0.500721509929 38
85.7 203 0.498274886704 0.500718730368 38
85.8 202 0.49824601561 0.500716006247 38
85.9 201 0.498217399439 0.500713339282 38
86 199 0.498189033543 0.500710731195 38
86.1 200 0.498160913143 0.500708183789 38
86.2 199 0.498133033464 0.500705698596 38
86.3 203 0.498105390147 0.500703276657 38
86.4 202 0.498077978641 0.500700918086 38
86.5 204 0.498050794689 0.500698621878 38
86.6 206 0.498023834237 0.500696385561 38
86.7 195 0.497997093275 0.500694204885 38
86.8 199 0.497970568071 0.500692073623 38
86.9 203 0.497944255113 0.500689983307 38
87 203 0.497918151148 0.500687923101 38
87.1 201 0.497892253166 0.500685879684 38
87.2 201 0.497866558237 0.500683837331 38
87.3 200 0.497841063841 0.500681777867 38
87.4 204 0.49781576776 0.500679680893 38
87.5 196 0.497790667669 0.500677523909 38
87.6 198 0.497765761757 0.500675282682 38
87.7 202 0.497741048202 0.500672931557 38
87.8 195 0.497716525341 0.500670443855 38
87.9 194 0.497692191826 0.500667792306 38
88 207 0.497668046117 0.500664949587 38
88.1 209 0.497644087076 0.500661888662 38
88.2 202 0.497620313181 0.500658583476 38
88.3 196 0.497596723008 0.500655009262 38
88.4 198 0.497573315194 0.500651142973 38
88.5 201 0.497550088196 0.500646963716 38
88.6 194 0.497527040325 0.500642453089 38
88.7 197 0.497504169704 0.50063759539 38
88.8 196 0.497481474294 0.500632377769 38
88.9 197 0.497458951782 0.50062679036 38
89 197 0.497436599537 0.500620826228 38
89.1 201 0.497414414451 0.500614481323 38
89.2 202 0.497392393244 0.500607754123 38
89.3 199 0.497370532079 0.500600645505 38
89.4 202 0.497348826685 0.500593158259 38
89.5 195 0.497327272361 0.500585296572 38
89.6 198 0.497305863643 0.500577065704 38
89.7 195 0.497284594808 0.500568471177 38
89.8 195 0.497263459276 0.500559518152 38
89.9 200 0.497242449971 0.500550210711 38
90 195 0.49722155923 0.500540551168 38
90.1 199 0.497200778682 0.500530539262 38
90.2 196 0.497180099238 0.500520171339 38
90.3 196 0.497159510874 0.500509439614 38
90.4 199 0.497139003046 0.500498331375 38
90.5 196 0.497118564361 0.500486828098 38
90.6 192 0.497098182607 0.500474904738 38
90.7 197 0.497077844528 0.500462528891 38
90.8 188 0.497057535993 0.500449660028 38
90.9 192 0.49703724198 0.500436248696 38
91 187 0.497016946559 0.500422235801 38
91.1 193 0.496996632571 0.500407551758 38
91.2 189 0.496976281908 0.500392115726 38
91.3 191 0.496955875268 0.500375834836 38
91.4 184 0.496935392374 0.50035860329 38
91.5 189 0.496914811624 0.500340301739 38
91.6 187 0.496894110033 0.500320796421 38
91.7 189 0.49687326333 0.500299938191 38
91.8 188 0.496852245857 0.500277561901 38
91.9 187 0.496831030538 0.500253485458 38
92 185 0.496809588514 0.50022750902 38
92.1 186 0.496787889378 0.500199414321 38
92.2 186 0.496765900974 0.500168963787 38
92.3 183 0.496743589343 0.500135899922 38
92.4 184 0.496720918607 0.500099944682 38
92.5 187 0.496697850827 0.500060798856 38
92.6 186 0.496674346029 0.50001814168 38
92.7 188 0.496650361676 0.499971630386 38
92.8 187 0.496625853005 0.499920900164 38
92.9 188 0.496600772716 0.49986556387 38
93 186 0.496575070832 0.499805212442 38
93.1 189 0.496548694576 0.499739414826 38
93.2 186 0.496521588144 0.499667718627 38
93.3 184 0.496493692683 0.499589650777 38
93.4 184 0.496464945944 0.499504718242 38
93.5 185 0.496435282347 0.499412409105 38
93.6 183 0.496404632452 0.499312193827 38
93.7 189 0.496372923164 0.499203526532 38
93.8 188 0.496340077302 0.499085846505 38
93.9 191 0.49630601356 0.498958579942 38
94 188 0.496270646197 0.498821141688 38
94.1 189 0.4962338849 0.498672937129 38
94.2 187 0.496195634603 0.498513364038 38
94.3 190 0.496155795242 0.498341814632 38
94.4 192 0.496114261542 0.498157677505 38
94.5 191 0.496070922783 0.497960339462 38
94.6 190 0.49602566275 0.497749187572 38
94.7 188 0.495978359354 0.497523610775 38
94.8 192 0.495928884586 0.497283001597 38
94.9 191 0.495877104164 0.497026757564 38
95 194 0.495822877596 0.496754282665 38
95.1 191 0.49576605751 0.49646498839 38
95.2 193 0.495706490008 0.496158294667 38
95.3 193 0.495644013856 0.495833630647 38
95.4 195 0.495578461043 0.495490435187 38
95.5 194 0.495509656005 0.495128157148 38
95.6 192 0.495437415635 0.494746255473 38
95.7 193 0.495361549116 0.494344199239 38
95.8 190 0.495281857782 0.493921467296 38
95.9 193 0.495198134756 0.493477548033 38
96 185 0.495110165131 0.493011938828 38
96.1 196 0.495017725438 0.492524145651 38
96.2 193 0.49492058367 0.492013682471 38
96.3 191 0.49481849884 0.491480071011 38
96.4 192 0.494711221446 0.490922840149 38
96.5 195 0.494598492411 0.490341525867 38
96.6 192 0.494480043829 0.489735671231 38
96.7 188 0.494355598281 0.489104826708 38
96.8 195 0.49422486875 0.488448550643 38
96.9 196 0.494087558612 0.487766410449 38
97 193 0.493943361623 0.487057983906 38
97.1 194 0.493791961523 0.486322861104 38
97.2 188 0.493633031927 0.485560647075 38
97.3 195 0.493466236606 0.484770964775 38
97.4 197 0.493291229367 0.483953458821 38
97.5 195 0.49310765342 0.48310779998 38
97.6 191 0.49291514224 0.482233690202 38
97.7 192 0.492713318946 0.481330868504 38
97.8 193 0.492501796561 0.480399117585 38
97.9 195 0.492280178267 0.479438271146 38
98 198 0.49204805693 0.478448222048 38
98.1 193 0.491805016199 0.477428931164 38
98.2 194 0.49155063002 0.476380436876 38
98.3 187 0.491284462976 0.475302865297 38
98.4 189 0.491006070895 0.474196441189 38
98.5 192 0.490715001066 0.473061499418 38
98.6 194 0.490410792751 0.471898496773 38
98.7 196 0.490092977729 0.470708024614 38
98.8 198 0.489761080757 0.469490821156 38
98.9 197 0.489414620658 0.468247784965 38
99 197 0.489053110873 0.466979987465 38
99.1 192 0.488676060391 0.465688686124 38
99.2 190 0.488282974571 0.464375337337 38
99.3 191 0.48787335645 0.463041608956 38
99.4 191 0.487446707816 0.46168939222 38
99.5 190 0.487002530657 0.46032081325 38
99.6 191 0.486540328405 0.458938243593 38
99.7 187 0.486059607707 0.457544309879 38
99.8 191 0.485559879702 0.45614190221 38
99.9 196 0.485040662096 0.454734181228 38
100 189 0.484501480908 0.453324583786 38

